1636512749.9229 -0.000309637894058691 1.29797309690839e-05 0.000374100189935966 0.999999999862269 -1.24121966094355e-05 -1.06503518034819e-05 -2.82297020714417e-06
1636512750.42316 -0.00219888862974496 0.0211587442701676 0.000605581184323677 0.999998818135492 -0.000562586075011211 0.000972300519225735 -0.00104969339669975
1636512750.92342 0.00345375548563096 0.137278297739993 0.00283536478043374 0.999980559064341 -0.000986249663340548 0.00120968683672937 -0.0060370077626614
1636512751.42368 0.0162057633870366 0.35044537440961 0.00764048292795304 0.99989384232595 -0.00129825562312921 0.00171798722640386 -0.0144106603205735
1636512751.92393 0.0452596799882119 0.681735689073968 0.0134561501667511 0.999668872862411 -0.00103691021646347 0.00155575507517483 -0.0256641593150171
1636512752.42463 0.0937821815231107 1.1178322297653 0.0234597716108441 0.999250729159361 -0.00065897006502777 0.00215267849312693 -0.0386382195273681
1636512752.92445 0.17569836434013 1.64902046179233 0.0364667888246089 0.998657030611819 0.00124826943454337 0.0015502726360252 -0.0517703939308742
1636512753.42471 0.273853049114459 2.26496410639473 0.0523343315473679 0.997903144104548 -0.000350860679664884 0.0010656394542109 -0.0647151936997351
1636512753.92515 0.428509311445755 2.94085092977053 0.0715727856196071 0.99679423213062 0.00361878306436704 0.000960403483773151 -0.0799202153738864
1636512754.4254 0.597847363562127 3.67041040926562 0.0897892665643565 0.995350611728801 0.0025455701346939 0.00261241241963788 -0.0962489226180757
1636512754.92566 0.812455314140823 4.45276673161494 0.106601246443584 0.993300200973432 0.000995539637675665 0.00277839043903168 -0.115524889930864
1636512755.42592 1.09276587463342 5.26353802884555 0.130042234272284 0.989483016396466 0.00418579404257975 0.00301400562891222 -0.144557100002918
1636512755.92618 1.43188495397604 6.07091712707679 0.157875018913191 0.982491807110654 0.00370615916388551 0.00241057491583588 -0.186253328757549
1636512756.42643 1.84382711965024 6.83880911029418 0.182343150327742 0.971703741969798 0.0036084983182401 0.00360910899143951 -0.236147815814729
1636512756.92669 2.33512892143247 7.52641381691277 0.21173750074838 0.955690172561529 0.00555028434213398 0.00383362884242408 -0.294297114669741
1636512757.42694 2.88437770120167 8.12912965679239 0.237208547825046 0.935039164995484 0.00642924055933676 0.00663642388250135 -0.354424015366382
1636512757.9272 3.50354046322445 8.63383656190473 0.267191149127847 0.907400497200562 0.0108740388899939 0.00769325036962675 -0.420055837784863
1636512758.42746 4.16555712016863 9.05160147478523 0.296284195930082 0.871942327648847 0.009774890744958 0.0110593369963199 -0.489386064197211
1636512758.92773 4.87180805547693 9.34671803569931 0.326874040002259 0.828143564659551 0.0114102015804303 0.0107132153247657 -0.560297484047779
1636512759.42798 5.61054120389227 9.50606782879508 0.353793932861212 0.776075141489364 0.0149305087088102 0.00930556819828298 -0.630395004003416
1636512759.92824 6.37101250564844 9.55519331898364 0.380340062312904 0.723508162643372 0.0143029491406328 0.0113381448426478 -0.690074496489923
1636512760.42849 7.15249329115183 9.47955000768622 0.395863895419056 0.671858041959774 0.0150856062355718 0.0122156501961755 -0.740425535640666
1636512760.92876 7.94969615080215 9.2883647030159 0.414871441075826 0.621870985556572 0.0138928783566179 0.013023584561391 -0.782888147501952
1636512761.4302 8.71382032377885 8.99768284165103 0.424480385012008 0.57429265124169 0.0172001901484616 0.0150314066681364 -0.818331327154366
1636512761.92933 9.46983928978318 8.63519214994172 0.434079537571274 0.534868563560066 0.0184633286480693 0.0191013166006163 -0.844517533811198
1636512762.42972 10.1991559199966 8.18596638617325 0.444329974495514 0.504539804237448 0.0228761280035664 0.017646057313528 -0.862904910965797
1636512762.92979 10.9259168934431 7.69440781600177 0.459891407760687 0.483016903640305 0.0220566575292656 0.0177772444578597 -0.875152640535269
1636512763.43007 11.6379948948748 7.15817695481253 0.475128160857477 0.464275519678364 0.0214152553951444 0.0162049269570656 -0.885283586770964
1636512763.9303 12.3305877566249 6.59183543390802 0.488096364662018 0.450336824058073 0.0208667917338808 0.0139733169296761 -0.892505500439076
1636512764.43056 13.0226503845761 6.00708777365573 0.492334775184046 0.436223428563819 0.0198278750776323 0.0155124681433838 -0.89948615279727
1636512764.93083 13.6940575247919 5.38501542443254 0.495599954269276 0.42196229971132 0.0216409450166828 0.0146248365738736 -0.90623705578414
1636512765.43108 14.3506628417058 4.7379097260217 0.498479181409627 0.407596473530801 0.0226577686251192 0.0133332230227761 -0.912783635616903
1636512765.93133 14.9958876263923 4.06690550689253 0.499115722574521 0.393512825384507 0.0227775178367924 0.0133391002277416 -0.918940101064379
1636512766.43159 15.6225263362754 3.37842371836046 0.509396564920997 0.380059284110966 0.0214611252307653 0.0131321071459499 -0.924619872394487
1636512766.93185 16.2195245879424 2.6715307413082 0.511458618967291 0.366584260378339 0.0229910351606037 0.0110807621129006 -0.930034735402989
1636512767.43324 16.8054157926078 1.95394964469847 0.509640248103318 0.355124397758394 0.0238092294154074 0.0120024218836018 -0.934438721682867
1636512767.93237 17.3823185676506 1.2196404625123 0.510081287469936 0.344837541439889 0.0234407236811182 0.0132967204792564 -0.938275439149664
1636512768.43263 17.9355758091318 0.465138583789022 0.510256484515011 0.336323170846152 0.0246246678786892 0.011468328673206 -0.941354783236001
1636512768.93289 18.4841310573137 -0.289871537316501 0.515239626404855 0.327671141889914 0.0231697531846992 0.0126185892532564 -0.944423398966363
1636512769.43315 19.0176330629156 -1.05857935861113 0.518328418661089 0.321355702686506 0.022455706010702 0.0123592988247252 -0.946611589486936
1636512769.9334 19.548958066062 -1.83330929867642 0.520159350313318 0.317651474774001 0.0203631691008978 0.0129862799445955 -0.947899909511163
1636512770.43366 20.073546697617 -2.60678129580636 0.522051606767418 0.320234713628823 0.0199712017646211 0.0121834712725458 -0.947049334678449
1636512770.93394 20.6118194744341 -3.36968030548249 0.525649813143419 0.329700741472097 0.020105669952671 0.0123122234875486 -0.943791074476389
1636512771.43418 21.1623011824765 -4.09895661500748 0.52521796076546 0.350559182103655 0.0228774655504325 0.0134470301240506 -0.936164546857895
1636512771.93444 21.7535785717851 -4.79415869366522 0.527100054173141 0.386605238228877 0.0238592204519391 0.0128925300730284 -0.921846467716688
1636512772.43469 22.3950250342937 -5.43280400235827 0.534100690520789 0.425877730483772 0.0250020286131501 0.0122504119805605 -0.904352245891791
1636512772.93496 23.0811167599164 -5.99877164062281 0.548750991051041 0.473317502795732 0.0246395620786515 0.0100166575556519 -0.880490261217691
1636512773.43521 23.8118061886108 -6.44576670589034 0.562892793256712 0.531351936511141 0.02271292958029 0.0115999498820839 -0.846767195608376
1636512773.93546 24.5753772529662 -6.7809050683255 0.583864374001647 0.597011183415657 0.0215425514839421 0.00934748321149746 -0.801889138166748
1636512774.43572 25.3432736139536 -6.96890882454406 0.606063426212275 0.662411258971626 0.0199448712218235 0.00809518793643658 -0.748831085113221
1636512774.93598 26.1055171470129 -7.02056558611219 0.630109262718004 0.721818992662071 0.0189979990663929 0.00871542216709628 -0.691766188303704
1636512775.43841 26.8705600363432 -6.95482448350677 0.656719299675923 0.774406511432717 0.0179884952394394 0.00738551720380595 -0.632389455340032
1636512775.93651 27.6225304244647 -6.76504901471738 0.689468504328674 0.821847110298437 0.0172991304131753 0.00547854830498895 -0.569419048583315
1636512776.43676 28.3254437455359 -6.45937579778343 0.719640968071483 0.864015168410599 0.0161070873200401 0.00757373724740407 -0.503151059820584
1636512776.93702 28.9845273766991 -6.05210514230339 0.748150101669132 0.900549737213571 0.0150009996702868 0.00634437136203397 -0.43444779866571
1636512777.43728 29.5751409697002 -5.53868634838187 0.769442692441151 0.931564004901431 0.0124930820128588 0.00564092759573705 -0.363318878686047
1636512777.93753 30.0831466258557 -4.93143731849303 0.798550517675163 0.957262946504513 0.00959363412999847 0.00247808683023769 -0.289049256216547
1636512778.43779 30.4799803785307 -4.26258528584098 0.820461956692652 0.977641801838241 0.00703040522933497 0.000664996658544702 -0.21015860315541
1636512778.93806 30.7686153866154 -3.5446948202969 0.836543611176102 0.991479182617704 0.00678785804115701 -0.000866731558205116 -0.130085372718649
1636512779.4383 30.9358479577426 -2.79618096689296 0.84340221463585 0.998758192063839 0.00658860115794728 -6.07312397522178e-06 -0.0493828318676749
1636512779.93856 30.9702420944522 -2.03313946686418 0.853791874922679 0.999488646996809 0.00303751305196168 0.00100894460970553 0.031815091854684
1636512780.43883 30.8806475350172 -1.27972892922756 0.867123371833123 0.993582358575946 -0.00142864251808163 0.000489860763724362 0.113100909561539
1636512780.93911 30.6824251134659 -0.552096294270188 0.888790151877781 0.980614887701373 -0.00198660867550529 -0.00114504517336083 0.195931580598802
1636512781.43934 30.3461222596036 0.122995517101802 0.905110408742403 0.959307474143843 -0.0064614433225275 -0.00518194075499173 0.28224203672019
1636512781.9396 29.9015650032869 0.724465051742144 0.901126705823433 0.929853251186483 -0.00779776432072641 -0.00807942845157555 0.367759226893659
1636512782.43986 29.3448270948459 1.23606839980446 0.890360013609437 0.892446701065537 -0.0104129187498666 -0.0119440759194 0.450874479130036
1636512782.94053 28.6886231650041 1.65527786514792 0.879334895592653 0.849246412932874 -0.0117718229850798 -0.0155815825338644 0.527635450467455
1636512783.44053 27.9696469033595 1.96781059970258 0.857254417413775 0.800226644500555 -0.011024497306224 -0.0156073220456141 0.599393184303169
1636512783.94063 27.2164356752091 2.14224903623603 0.828946852977827 0.7454928567038 -0.0130010252675607 -0.0163562299880978 0.666186045850689
1636512784.44089 26.4487624740423 2.20427515115161 0.787957522425651 0.689147138070535 -0.0145488820987427 -0.0116267303771856 0.724382061663321
1636512784.94115 25.6597924578002 2.12801861162231 0.746827860085365 0.635068264538548 -0.0191435849158566 -0.0137201236705615 0.772096872639069
1636512785.4414 24.864458312158 1.95239291728249 0.717338589839569 0.585502301685907 -0.0202611588431092 -0.0149761906245906 0.810279120968334
1636512786.04171 23.9242302043798 1.61638479052737 0.691633774891863 0.53221573899911 -0.0210153674763327 -0.0152139174311271 0.846211142805308
1636512786.54198 23.159905404798 1.2458524796671 0.657208519288002 0.498572708368037 -0.0243836643240887 -0.0152975468926865 0.866369826600487
1636512787.04223 22.3971923587952 0.820286365814256 0.629625639130989 0.468409040110587 -0.0241622628548438 -0.0133256951101095 0.883080733594752
1636512787.64254 21.5127017795358 0.224031703562087 0.607573765391438 0.429964146505067 -0.0217040704952453 -0.0144039016609445 0.902470106796369
1636512788.24285 20.6843260691078 -0.447144030322618 0.578447930731199 0.394862169158482 -0.0203716421211384 -0.0161943966303991 0.918371714003934
1636512788.7431 20.0162628702643 -1.0512539835022 0.554816671698545 0.372879504602909 -0.0188915783300548 -0.0159020412166069 0.927551135194407
1636512789.34341 19.2224823716892 -1.83776417722259 0.521744328884128 0.353499530901427 -0.0172141917750069 -0.0163406875545905 0.93513353869073
1636512789.84386 18.5675904715097 -2.53983177623864 0.488698627641311 0.342577123988977 -0.0166010432378295 -0.0188007220601708 0.939154860676807
1636512790.44416 17.783959677098 -3.37618269246421 0.44277354162763 0.342757549162583 -0.0187890366728177 -0.0169160742505359 0.93908363899331
1636512791.04446 16.9961020730802 -4.21145855445663 0.390823993284416 0.352334684402837 -0.0218543487457112 -0.0170376597045225 0.93546372231073
1636512791.54472 16.310750099687 -4.88811941595416 0.357632960966302 0.366444316508584 -0.0202411688689296 -0.0162183073962881 0.930078396957254
1636512792.14503 15.4685765212102 -5.66975786895972 0.326161219672784 0.38828384109832 -0.0184274744531828 -0.0171553960136793 0.921195841998229
1636512792.64531 14.7491589945952 -6.2806823555795 0.294235124918114 0.407127342393363 -0.0191193130133201 -0.0171172763480532 0.913010831149358
1636512793.14556 14.003529287766 -6.86089333014351 0.258671394604712 0.427644856896136 -0.0189441703468243 -0.0170631274183065 0.903587209107599
1636512793.64581 13.2339967248603 -7.39998923548012 0.229196503337672 0.453558195614705 -0.0191197302507989 -0.0175374713140181 0.890848941294639
1636512794.24611 12.2817323420737 -7.97864365587605 0.192522439522665 0.486937956023333 -0.0197568992794397 -0.0189728961730564 0.873006942197762
1636512794.74638 11.4642451161723 -8.39255868198734 0.158997957067403 0.518037126540762 -0.0208076789654913 -0.0182288572106384 0.854910688192781
1636512795.24816 10.6215066281227 -8.74701509381361 0.129335879624433 0.551800225894909 -0.0211328119623823 -0.0188726510450799 0.833494893807647
1636512795.74689 9.76581527134004 -9.01041160309835 0.100701463395468 0.589215807251769 -0.0202145488187061 -0.0181989574960487 0.807517741258209
1636512796.24715 8.88288065685751 -9.18562406079488 0.0701748920697525 0.626431703064252 -0.0178524510586702 -0.0151578226006663 0.77912441355744
1636512796.74741 7.97319323193859 -9.29149767116979 0.049084850654257 0.662594194518613 -0.0152560402362449 -0.0161719548602549 0.74864855206067
1636512797.24767 7.05881465345214 -9.31032125437319 0.0240547708521697 0.702529401068454 -0.0146074161266031 -0.0178921430034633 0.711279786896301
1636512797.74794 6.13037646348269 -9.23226627481341 -0.00420257334081032 0.741599359773507 -0.0141305072687622 -0.0251006088342318 0.670224348844477
1636512798.24819 5.2388551522865 -9.02555031616661 -0.0297328402744135 0.778579097652408 -0.0144413242333242 -0.0205820960210755 0.627042593590363
1636512798.74844 4.39520013697754 -8.73263815695088 -0.0553898492979882 0.812278206409413 -0.015457902182943 -0.0160900205638302 0.582843272150126
1636512799.24871 3.58918854922259 -8.37375201349823 -0.0858131310136442 0.843634136102387 -0.0209681437885449 -0.0133909996246241 0.536341740383775
1636512799.74896 2.83650413056862 -7.91053366875843 -0.0982696917066854 0.871265192825031 -0.0215120068564442 -0.0116873500939738 0.490201594428609
1636512800.34985 2.01613050172527 -7.2570791101315 -0.0984079511970372 0.903715219251509 -0.0200026959219896 -0.0123934019628091 0.427486956803174
1636512800.84953 1.44154577784342 -6.63940311157062 -0.0911921133281855 0.929761508262518 -0.0177678596553827 -0.0104566805168144 0.367584682419227
1636512801.44984 0.868428299967463 -5.81791674924156 -0.0837077229490076 0.954019148376621 -0.0141331923670788 -0.00828703918720344 0.299297581657072
1636512801.9501 0.47807600941488 -5.08274433563628 -0.0828840158221821 0.969132686002747 -0.0116518517459927 -0.00663736713042326 0.246174768466565
1636512802.55041 0.106897930320648 -4.14446659250855 -0.076521222751154 0.983353202680218 -0.0105129186578957 -0.00537185614477587 0.18132043591777
1636512803.15089 -0.130076454076863 -3.16425043609218 -0.0613788932049603 0.992826750095039 -0.00656379530250373 -0.00407617313022283 0.119311967964506
1636512803.65115 -0.241469183693558 -2.32533558047478 -0.0510009589942038 0.997167055285902 -0.00408052761771855 -0.0021309714053554 0.0750777737261447
1636512804.1514 -0.300229986032574 -1.45898684771043 -0.0353569269533868 0.999206328484427 -0.00398392854234514 -0.00309941701138141 0.0395124669469127
1636512804.75171 -0.286942878007951 -0.403134479052835 -0.0205183222855859 0.99997498624716 -0.00158802333790792 -0.00162754895611823 0.00669747312541768
1636512805.25196 -0.238820746688614 0.49381596264044 -0.00690930048174248 0.999939974505712 -0.000627662482835313 6.95945208267138e-05 -0.0109383994225181
1636512805.85232 -0.142901926776749 1.57641719120363 0.0117639017061772 0.999835116341294 0.00182719219482978 -0.000314387567298211 -0.018063849532478
1636512806.35254 -0.0867097652090586 2.33912729086414 0.0287297494176424 0.999830053362384 -0.000692108378333542 -0.00184158858084991 -0.0183301372298402
1636512806.95285 -0.0270284633791819 2.89990221432328 0.0501629810335941 0.999814593776159 0.000811321203244504 -0.00348526659230893 -0.0189201677291861
1636512807.45311 -0.0141661016730888 2.9328892734982 0.0511181886999646 0.999823743427997 0.000748107386399694 -0.000860902378219164 -0.0187398308439844
1636512808.05342 -0.00725738711376876 2.93153782025255 0.0477296289214816 0.99982288147035 0.000642506944429281 -0.00118083979753677 -0.0187722798435724
1636512808.55368 -0.00367635141430459 2.92951070348437 0.0468231831838078 0.999822099027198 0.000698592814605237 -0.00134085058229994 -0.0188011804055738
