1636512750.16943 -0.00184962036097633 0.000943741668497681 0.00146535739691128 0.999999915449754 -0.000248779176627989 0.000286639069727651 -0.000158263864069347
1636512750.63843 -0.000582389263590319 0.0598011717513627 0.00131302215331859 0.999995262190485 -0.00080626055145032 0.00101515713716841 -0.00279195209350889
1636512750.97337 0.00414554598824628 0.153649382853887 0.00326367190063311 0.999976098348662 -0.00102455921058508 0.00126131764572526 -0.00672027436993251
1636512751.30823 0.0113140464726014 0.290524588264533 0.00654961093009857 0.999923929106846 -0.00137844137449693 0.00158584750732584 -0.0121540522702169
1636512751.71021 0.0297691576008784 0.52500581454909 0.0100555681276733 0.99978683624396 -0.00140261610551277 0.00174947171793101 -0.0205244753906573
1636512752.11207 0.0615462322892925 0.835508144123733 0.0180863013837173 0.99953320163795 -0.000681954065904491 0.00159728104788109 -0.0305018434737251
1636512752.58089 0.115364040785387 1.27435466626987 0.0258861519780204 0.999071347487183 -0.000386789439608297 0.00222703897515976 -0.0430271230908697
1636512752.98307 0.18613016927559 1.71676610220247 0.038038355377026 0.998584613213442 0.00128366175879823 0.00161630508462289 -0.0531461195547001
1636512753.45181 0.280907208001304 2.29900836237103 0.0536150467563414 0.997852473066786 -0.000282992850273632 0.000999492413287443 -0.065493228080934
1636512753.78673 0.38434184176682 2.74814915521471 0.0667142081464557 0.997129350832257 0.00308183647904481 0.000624435328290064 -0.0756516362895012
1636512754.18868 0.508615636010154 3.32066738851007 0.0822150852545269 0.99608944036559 0.00208891740944474 0.00183814409072568 -0.0883067632886847
1636512754.65759 0.69037846564235 4.02687104183574 0.0981868721741755 0.994532840929186 0.0015364203107997 0.00249300731346364 -0.104383200949603
1636512754.99245 0.845600171738992 4.55955674881913 0.108281330144469 0.992911126195457 0.0013168704631937 0.00304057692893157 -0.118812946354306
1636512755.3276 1.03134811774582 5.10332141267263 0.124077985935292 0.990462352683018 0.00342320622790088 0.00294925269828957 -0.137709518499137
1636512755.79646 1.33947417964865 5.85856747801028 0.150340537088973 0.984636013019635 0.0051017643032231 0.00292983743817283 -0.174520227820096
1636512756.26522 1.70241125466145 6.60034504931082 0.174223723706875 0.975630336530647 0.00337923469549671 0.00332545701701739 -0.219369479530761
1636512756.60034 2.00514974804252 7.09020014068818 0.193986335097876 0.966724056426113 0.00342859834208609 0.00351197972013665 -0.255774333033821
1636512757.136 2.56293059327721 7.78806246354488 0.225320006863244 0.947728504876035 0.00672709906659249 0.00379457997417294 -0.318984370066
1636512757.53808 3.01648154284408 8.24827612832514 0.243091652659413 0.929461490235247 0.00770857228102566 0.00713895780482471 -0.368769509808666
1636512757.8731 3.43375276238745 8.58175792310813 0.263969341899924 0.910853986032234 0.0109076246436292 0.00736298775482607 -0.412518879889328
1636512758.20778 3.86592279193032 8.88492245338401 0.283836446822419 0.888322990859031 0.0092271190567962 0.0102888785661504 -0.459011179780002
1636512758.60962 4.42081351890209 9.173569207547 0.307504537925016 0.85702880123233 0.010846793997663 0.0105100614794549 -0.515047104181692
1636512758.94478 4.89664976841659 9.35485685541048 0.327552570980078 0.826428014997852 0.0114977990215275 0.0108140574132681 -0.562821101955705
1636512759.27953 5.39150689986396 9.47048914252198 0.346879172661323 0.792144955870777 0.0143676947043736 0.00893540835034198 -0.610098431988626
1636512759.61457 5.89111713247724 9.53823234040655 0.362049119966004 0.756466456645708 0.0148963909280329 0.0105943191033395 -0.653776994020089
1636512760.01645 6.50453907794617 9.5509163630126 0.382272689500267 0.714392953106361 0.0145894832849788 0.0120532716846339 -0.699488794886055
1636512760.35133 7.02894630418293 9.49720001211467 0.393818787303865 0.679696980229095 0.0156053918280956 0.011692045752409 -0.733233784600426
1636512760.68643 7.56593364498317 9.39759759893077 0.4029969754088 0.645655489400082 0.014331749018263 0.013696809181416 -0.763371460951918
1636512761.08817 8.19777051097375 9.21368344830074 0.416998407525355 0.605759685718268 0.0139126830320233 0.0154404670585946 -0.795376157793511
1636512761.42385 8.7036993786432 9.00275544715916 0.42419136529498 0.574847646215397 0.0171385355641755 0.0151142660164475 -0.817941326258869
1636512761.75949 9.21420165252556 8.76478977634066 0.430569536662175 0.547599042038071 0.0183008055005186 0.0174026855940828 -0.836359681124774
1636512762.16002 9.81144851793533 8.43206521652561 0.440926979028716 0.519487112568657 0.0198979233309138 0.0178316228915556 -0.854060446190579
1636512762.62896 10.4863803119535 7.99308498523484 0.451294343085955 0.49525679811945 0.023493738650112 0.0170373357473591 -0.868261756241367
1636512763.16495 11.2641861003705 7.4501510342999 0.467750234983057 0.473071085825927 0.0215934770909508 0.0179938773003122 -0.880575771800646
1636512763.63374 11.9228752372273 6.93130854985577 0.479289756980237 0.458746938240464 0.0212774139914597 0.0156693932571877 -0.888173962928315
1636512763.96869 12.3835401005397 6.54783422846682 0.488694597579297 0.449154719348524 0.0208833644221949 0.0139857679779966 -0.893100398315567
1636512764.37067 12.9420113913581 6.08018122994193 0.491088029004022 0.437933571846343 0.0197429418955616 0.0158674215508344 -0.898650448076748
1636512764.77236 13.4839023677374 5.58281851218529 0.496281244066748 0.426539751595026 0.0204868745442344 0.0143776774372197 -0.904122453361365
1636512765.10751 13.9244184698938 5.15965766114561 0.496769153653527 0.416968098235527 0.0224681901799692 0.0138155195905331 -0.908538340909357
1636512765.50931 14.4537087723414 4.63394900487312 0.49972510053489 0.405228572754356 0.022533452884244 0.0133264174957973 -0.913840496980359
1636512765.84414 14.8856352907229 4.18933508754503 0.499478111625991 0.395993101617334 0.0226688490845016 0.014218856315057 -0.917863503402199
1636512766.17932 15.3065786585668 3.72508533553134 0.5012866622459 0.386435751069697 0.0232418695024447 0.0125907217771424 -0.921937470505653
1636512766.58098 15.8054498956427 3.17002274191801 0.509420692772839 0.375905349256163 0.0213790050883019 0.0128507271485466 -0.926322279422119
1636512766.91611 16.2009655026363 2.69410006403186 0.511588465599408 0.36698145126198 0.0229324965134002 0.0111280791109041 -0.92987896034302
1636512767.25086 16.5952846774627 2.21718544407798 0.511509812724617 0.358888858863385 0.0229377924851814 0.0113752253734327 -0.933029071844681
1636512767.65294 17.0639285464939 1.63229289363661 0.510530564315533 0.350313972706891 0.0227969008341335 0.0127860333023726 -0.936267557480801
1636512767.98777 17.4441237597097 1.136091499257 0.510060732663922 0.343885791489428 0.023592363236963 0.0129843968110966 -0.93862525442694
1636512768.3228 17.8142744795933 0.633183135319334 0.511386447509967 0.338110469383428 0.0244241990053634 0.0117746185287915 -0.940715752687689
1636512768.65778 18.1831807071763 0.125713646788805 0.512227497761758 0.332279475993836 0.0240243443114055 0.01172431623618 -0.942802058293501
1636512769.12666 18.6915995314322 -0.585305612956396 0.513355502975813 0.325327005103754 0.0236520097964852 0.0132029468257263 -0.945213523167081
1636512769.46144 19.0482318371121 -1.10160560188969 0.518631000963604 0.32108687263495 0.0222260544412357 0.0125636272626706 -0.946705539222988
1636512769.79651 19.4058454982874 -1.61653793510748 0.521631726287263 0.318103720324752 0.0202787197864103 0.0137220851879335 -0.947739679984684
1636512770.13136 19.7558893311329 -2.1419745538513 0.52032511036383 0.317359870656092 0.0200121573405615 0.0120558604908824 -0.94801734281792
1636512770.5334 20.1789431430096 -2.76130243689197 0.52350649107756 0.321572388599439 0.0199436143646879 0.0118502654427927 -0.94660077241964
1636512771.13627 20.8294822027038 -3.66831143275121 0.525736424501407 0.335874020852493 0.021867196973718 0.0124959547585573 -0.94157013489573
1636512771.53812 21.2805431529271 -4.24739840885241 0.525162115687411 0.357433359217883 0.0231919981961782 0.0131908502301588 -0.933557457475486
1636512771.87291 21.6768836862533 -4.71101918100187 0.526084985690304 0.381836965238394 0.0239648649264293 0.0128824420824485 -0.923829129175187
1636512772.27506 22.1858613361766 -5.23471313972039 0.52984756261138 0.413204247226497 0.0251315081481353 0.0129746807112944 -0.910199052423493
1636512772.60959 22.6303307305625 -5.64398779466475 0.541783476063926 0.440594891787456 0.0248473596381152 0.0105878092144217 -0.897299642452761
1636512772.94483 23.0951847407061 -6.00879302431774 0.548963933765229 0.474381959621929 0.0246104831628442 0.0100378122193924 -0.879917793222525
1636512773.34667 23.6840855602459 -6.37562861232394 0.561225963412035 0.520826778312809 0.0226725947232057 0.0115372855847407 -0.853283253956243
1636512773.68167 24.1861197545619 -6.62804009520719 0.572299916587493 0.563194777813613 0.0224765874972623 0.0107936084904112 -0.825947905907939
1636512774.08357 24.8021706041141 -6.85483892191293 0.590489542565646 0.616949300395679 0.0216657824472808 0.00813733268029826 -0.786662531476541
1636512774.41841 25.3159971368339 -6.965008272478 0.605058746933036 0.660229820375573 0.0200692612554612 0.00809094864141182 -0.750751853537226
1636512774.82052 25.9316692543687 -7.0193561461897 0.624248371768245 0.708881759706988 0.0190996318754073 0.00863736121957134 -0.705015780538359
1636512775.15536 26.4375012019659 -7.01054431082274 0.638650975194606 0.745434522715848 0.0196639203618505 0.00790966522232679 -0.666241802782946
1636512775.5584 27.0501534061061 -6.91762542990613 0.663842392752327 0.786184314498935 0.0175749114710832 0.00749168987949679 -0.617696706082664
1636512775.96315 27.662301942925 -6.75131032809295 0.691496839774386 0.824252075554183 0.0172669325557675 0.00541718319733771 -0.565933762123222
1636512776.36107 28.2221733249508 -6.51158259987264 0.716699518223126 0.85797087106808 0.0163244243277804 0.00730278230793753 -0.513386956339572
1636512776.69598 28.6730019817473 -6.2582334468671 0.733772363352197 0.883558182823994 0.0150407652883258 0.00760267436306859 -0.468018068333725
1636512777.03087 29.1016698437073 -5.96476400594505 0.753088729206336 0.906704621697029 0.0152256873069121 0.00590948237895036 -0.421449861142809
1636512777.43271 29.5699180636754 -5.54404888260583 0.769240185652845 0.931294717959501 0.0125332058524532 0.00564380759227089 -0.364007162687295
1636512777.90172 30.0499401448316 -4.97749695094205 0.796757089178508 0.955594997562099 0.00981603893646007 0.00271933508108807 -0.294507132732989
1636512778.30376 30.3815807660296 -4.45323075745903 0.815899286179203 0.972663248072899 0.00764883084290663 0.00110136199297315 -0.232091551411887
1636512778.77247 30.6902377878764 -3.78803777631792 0.828661689040144 0.987620659077059 0.00806613902113363 -0.000274105652027733 -0.156653426491664
1636512779.10746 30.8372017242156 -3.29328032199282 0.841546260774849 0.994691161760692 0.0060161048858027 -0.00131104437191328 -0.102720885704047
1636512779.77734 30.9736280146093 -2.27974267576203 0.848985822941753 0.99997166841499 0.00446510419166338 0.00150809911866014 0.00586948455553647
1636512780.11226 30.9485344946408 -1.77256159025333 0.860480942069585 0.998226329477175 0.000459405413463896 0.000828161900825457 0.0595256098923676
1636512780.51428 30.8594759195567 -1.16787945528851 0.87184934561456 0.992100065515042 -0.00128984178987016 2.73149432224646e-05 0.125442399399486
1636512780.84924 30.7282051991686 -0.676370806718795 0.885600160447814 0.983488173015082 -0.00129176295401039 -0.000700737799410997 0.180966444001267
1636512781.18433 30.5327024080189 -0.21250446216014 0.897860029795111 0.971264072333275 -0.00434329313502467 -0.00286351920625416 0.237947552744469
1636512781.58596 30.2264361736479 0.305571343952277 0.904595884632433 0.951520350312072 -0.00719191666268833 -0.00590264972854216 0.307445048753254
1636512781.98803 29.851949286758 0.779866689124737 0.900240469881808 0.926521754270531 -0.00781741914960853 -0.00841059445615466 0.37606593666828
1636512782.3897 29.4063136519607 1.18885785370385 0.890854321632166 0.896522857164114 -0.0100422877942212 -0.0114356813553608 0.442735975757663
1636512782.72487 28.9791019883003 1.48708475986562 0.885867139460717 0.868482306696081 -0.0114904320074716 -0.0144814234183895 0.495375353952853
1636512783.12676 28.4256753589653 1.78084742352587 0.87331139119254 0.831783629394128 -0.0126653513886704 -0.0166211287760608 0.554706517740998
1636512783.52842 27.8414285960348 2.00915667124053 0.852933679964878 0.79121148424765 -0.0108636081336565 -0.0153797183582163 0.611252675639274
1636512783.99732 27.1288479456909 2.15557359187025 0.82483123441876 0.738918151243888 -0.013150478947649 -0.0160685026434208 0.673475191739503
1636512784.33234 26.6212474591082 2.20706710226502 0.797984600621955 0.701461018827962 -0.0132508066907861 -0.0112676572140606 0.712495540398526
1636512784.7341 25.9878776552406 2.1717714121391 0.763731999968411 0.656766802726919 -0.0176880179084888 -0.0129358673066485 0.753775274332711
1636512785.06922 25.4569250635003 2.09293999755448 0.739983810294786 0.622783680489622 -0.0190928567803983 -0.014257534767797 0.782031120121258
1636512785.40416 24.9229754490339 1.96993830948831 0.719745326189303 0.588997451312938 -0.0200129436472287 -0.014788189055792 0.807751690742821
1636512785.87307 24.1841118328901 1.7271429914622 0.699346764209811 0.546297150508968 -0.0201038502644699 -0.0142239992274147 0.837229321271242
1636512786.20801 23.6736887967704 1.49876695227564 0.679833169692974 0.520135908773658 -0.0230255452956498 -0.0158795268769214 0.853625386978506
1636512786.61001 23.0530328817705 1.19242676938758 0.65400237805859 0.494664668143415 -0.0241013077090057 -0.0145567181612093 0.868627707947229
1636512787.01183 22.440695001436 0.846861860436224 0.631047853452562 0.47018595987331 -0.0242174652438712 -0.0132735917351532 0.882135187642815
1636512787.34681 21.9429493264099 0.527777073797894 0.615906504672106 0.448840055602001 -0.023574135716605 -0.0137875807208496 0.893194697269455
1636512787.74853 21.3639327885255 0.109798055745539 0.603250771436883 0.423302987227069 -0.0214947985309414 -0.0149472843843962 0.905609812960464
1636512788.15066 20.8079425508143 -0.338526698240082 0.58156709968581 0.399775248555878 -0.0204324476181746 -0.0153396361312757 0.916257038875979
1636512788.48549 20.3606450378728 -0.736790013616196 0.565089896982818 0.383415532217837 -0.0204615238204149 -0.0166852707847609 0.923198492977485
1636512788.8206 19.9150027324564 -1.15048213559391 0.550479475879955 0.370030190706519 -0.0188214578976236 -0.0163748148406669 0.928684702214502
1636512789.15541 19.4728334108702 -1.58625167812049 0.53303313461494 0.359216308793553 -0.0178212279056861 -0.0167671204046575 0.93293349763314
1636512789.55703 18.942415634161 -2.13703126435102 0.508152320211729 0.348033539055793 -0.0169057409278268 -0.0179024914949013 0.937158659147028
1636512789.89229 18.5028854769338 -2.60710657760307 0.485297647293382 0.342082024790582 -0.016584657664755 -0.018363487726201 0.939344249870008
1636512790.29415 17.9807369115884 -3.16496250076687 0.453471338726187 0.341510648907584 -0.0181469746284867 -0.0170848761376656 0.939547375602697
1636512790.62896 17.5418373725759 -3.63254993011935 0.42615902239666 0.345046586000436 -0.0200062795005511 -0.0161869575162237 0.938232692180547
1636512790.96392 17.104755509785 -4.10026356286764 0.397714249553134 0.350345828147429 -0.0216251856889143 -0.0172956405666139 0.936210987363961
1636512791.29878 16.6521922068193 -4.55047253336278 0.373242391650448 0.358788748192382 -0.0210552735078037 -0.0158606715638376 0.933046487976671
1636512791.70091 16.0933542434724 -5.09730860133962 0.350981235640043 0.371871493545576 -0.0194838221800812 -0.0164985476631715 0.92793306379633
1636512792.16981 15.4314943619552 -5.70190608069256 0.324878172853915 0.389214812511639 -0.0183157456158626 -0.0170922519621459 0.920806286961013
1636512792.50456 14.9520139652294 -6.10860189098855 0.304566036866486 0.401713591909914 -0.0184994887273077 -0.0163748443335929 0.915432041969645
1636512792.83969 14.465236997048 -6.51451191369236 0.279602821211174 0.414616464424066 -0.0199077696481409 -0.0181815119992383 0.909596779214584
1636512793.17441 13.9600004410035 -6.89344613501911 0.256720231523276 0.429015695005435 -0.0190134632401393 -0.0171388359018394 0.90293426225753
1636512793.71039 13.1326789134036 -7.46531373341881 0.225940374340962 0.457029795051952 -0.0189553300099746 -0.0175535244356322 0.889076113546457
1636512794.04537 12.606000589883 -7.79199232089685 0.204610468416334 0.475114330370252 -0.0196448617604791 -0.0182254474122376 0.879515938201157
1636512794.44735 11.9565322431153 -8.15032580295124 0.18003340598877 0.4994351834969 -0.020173176236471 -0.0184038511648077 0.86592080394702
1636512794.84908 11.2939641356714 -8.47073651259669 0.152374142430136 0.524665831427353 -0.0210704175001898 -0.0183329797867425 0.850849989534672
1636512795.31812 10.5065323797484 -8.7885014222643 0.124860117287031 0.556631536863732 -0.0210848467419295 -0.0188027204144282 0.830279000765168
1636512795.72008 9.81000873176277 -8.99931238626712 0.102150813387353 0.587241784349539 -0.0203342105275056 -0.018347055929394 0.808948077527177
1636512796.18875 8.9875802100354 -9.1669995461301 0.0732724595197694 0.622255319532652 -0.0179979986069363 -0.014812785644079 0.782467233014216
1636512796.59085 8.25778470888502 -9.27369478161616 0.0571953682317108 0.651304276448313 -0.0164594250476865 -0.0173234095635305 0.758440324803695
1636512796.99269 7.52474721964982 -9.31043915779755 0.0350323422487446 0.681881529497263 -0.0145070818859822 -0.0164433658722525 0.731133872847112
1636512797.3277 6.92019923262541 -9.30267222087821 0.0208159475120544 0.708663213312563 -0.014162702772765 -0.0178981433420677 0.705177654504586
1636512797.86374 5.9233905581211 -9.19091383613858 -0.010877315412691 0.750100054099527 -0.0141527159991227 -0.0236657116310932 0.660749228953564
1636512798.19851 5.32804321732672 -9.0476706458692 -0.0266744532532818 0.775086732925673 -0.0139326925967137 -0.0202741712398529 0.631375794990709
1636512798.73441 4.41770530126035 -8.74172619341704 -0.054727233321261 0.811392015339195 -0.0154198178879795 -0.0162157511542857 0.584073861831363
1636512799.13632 3.76453492952007 -8.45741933011306 -0.0764202125353583 0.836581116898197 -0.0186778871595456 -0.01450153537674 0.547332510319219
1636512799.5386 3.1484351086168 -8.11976989835318 -0.104234866933128 0.860146504360305 -0.023195199427751 -0.0109566369055363 0.509401536970566
1636512799.87319 2.65893508183933 -7.78588995435293 -0.0977204308155594 0.878085969276243 -0.0211122092865186 -0.012087115354125 0.477884093501404
1636512800.2082 2.20027858010928 -7.41809634088688 -0.0976203976420762 0.896153706508194 -0.0195615793919905 -0.0125313392096823 0.44313524398419
1636512800.5429 1.78376414327508 -7.02850734971562 -0.0961649582663236 0.913880702925735 -0.0198126876098753 -0.0111748397132771 0.405345089013078
1636512800.94496 1.34265931318496 -6.51634910117752 -0.0896988988353653 0.934187248179647 -0.0172823771399825 -0.0102603696380716 0.356216548736607
1636512801.27978 1.02133548604899 -6.05666858455997 -0.0837657543023947 0.947999027545774 -0.0144796987991465 -0.00856219950865962 0.317828366944372
1636512801.7487 0.625872271634082 -5.38547408213722 -0.0840551330504224 0.963479609593334 -0.0129451362433421 -0.00692409140798243 0.267378986279197
1636512802.3516 0.213394595705283 -4.46114911413395 -0.0799946794405505 0.979107557069044 -0.0117087019320212 -0.00555856350603145 0.202929545313403
1636512802.8204 -0.0181881697975702 -3.70888467815209 -0.0743669447574482 0.98824908631392 -0.0100181178783596 -0.00417732755859217 0.152466162306085
1636512803.22249 -0.151276635832708 -3.04458717766414 -0.0602028022164563 0.993566309092225 -0.00631333022872341 -0.00391574056756786 0.113007956684843
1636512803.62436 -0.238446464840449 -2.37141112555606 -0.051456123089463 0.997001221213293 -0.00452672327197427 -0.00218850663533544 0.0772223032182322
1636512804.09298 -0.29647128601112 -1.56024812569711 -0.0384703245642762 0.99904007789992 -0.00404157424145536 -0.00287287921697567 0.0435239588316272
1636512804.42828 -0.289485936944594 -0.975891208135978 -0.0235395692501143 0.999737656019406 0.000405624576238779 -0.00332428156892438 0.0226584147190037
1636512804.83017 -0.283611965795933 -0.260691385270418 -0.0181734101164687 0.999991058252203 -0.00206508039481934 -0.00150325771332672 0.00337032266245453
1636512805.16488 -0.244551751753228 0.338341145565095 -0.00844356231206367 0.999961705568437 0.000457163634860073 -0.000124384932868599 -0.00873858835633228
1636512805.49989 -0.206823917111613 0.946752409033404 -0.00168595267425157 0.999871367703593 -0.00121432471531736 5.24314881934078e-06 -0.0159929182622116
1636512805.96886 -0.13026731031361 1.77243165319293 0.0172947095729581 0.999835562417486 0.000778147783312916 -0.000841586620192011 -0.018097909915174
1636512806.37072 -0.0836725319909178 2.36224801505022 0.0297310572725198 0.999829656293489 -0.000465050785668009 -0.00196191696690977 -0.0183464712036428
1636512806.70575 -0.0379165169085928 2.7326754865888 0.0433829210424489 0.999818688557199 0.0024723310362039 -0.00296457975892656 -0.0186464167566456
1636512807.04047 -0.0232426976236865 2.93254978374022 0.0518912141571744 0.99981407501417 0.00065685780410612 -0.00354671572769101 -0.018942142142095
1636512807.37569 -0.0148640357273843 2.93561746385203 0.051676632800437 0.999820490505666 0.000891951361013339 -0.00198934817770709 -0.0188210967163959
1636512807.71028 -0.0115129415620328 2.93362768801787 0.0502006146532977 0.999822198418444 0.000554974333416106 -0.00123784463198804 -0.0188077455816744
1636512808.04557 -0.00729353193016716 2.93160466006671 0.0478105278987493 0.999822849254395 0.000643276910128042 -0.00118243296301819 -0.0187738689653715
1636512808.51433 -0.00380991650858614 2.92943950314209 0.0465624160519458 0.999822078889147 0.000695974119240183 -0.00130132412007914 -0.0188051254009264
