1636512749.9229 -8.67361737988404e-19 0 -5.55111512312578e-17 1 0 0 0
1636512750.42316 0.00310495342133822 -0.000319070526233145 -0.00297815587597006 0.999999599645763 0.000602411614979477 -0.000439198493035507 -0.00049488710202075
1636512750.92342 -0.0183834604771608 0.0958262877196362 -0.00234818994390623 0.999987090805288 0.000818215062196935 -0.00101124385778787 -0.00491183598552344
1636512751.42368 -0.00661003645217821 0.287702345707838 0.00164859845440635 0.999914143232639 0.00124258457022672 -0.00152801019812092 -0.012954818862387
1636512751.92393 0.0178140166487379 0.610247530293931 0.00536070123557214 0.99969414322593 0.00140718403658803 -0.00142675548644709 -0.0246496288337927
1636512752.42463 0.0736430194991491 1.02734065889047 0.0124275665895545 0.999280472309053 0.00199717392314298 -0.00108022110311185 -0.0378600327586413
1636512752.92445 0.176174146233837 1.56097357739138 0.0199249940254693 0.998680415438729 0.00191992023834341 0.000303806993639176 -0.051319094172805
1636512753.42471 0.264517485249838 2.17445810781455 0.0401902378308862 0.997939102409545 0.00143458230492461 -0.00105153787190459 -0.0641434651679099
1636512753.92515 0.425710381709867 2.84468340897752 0.0463317229413504 0.996872158093194 0.002029270533345 0.0023527832594047 -0.0789699112995282
1636512754.4254 0.590849831543407 3.56567550062401 0.0629348715487993 0.995470029351705 0.00335547045269669 0.000779540834955247 -0.0950134400842441
1636512754.92566 0.788737523891601 4.3580310265176 0.0791297789175335 0.993500093156622 0.00309956636193246 -0.00111355706928162 -0.11378364371387
1636512755.42592 1.05134802816753 5.17085115602428 0.0977793940628031 0.9899452872632 0.00436547751636121 0.00116786325134464 -0.14137859430218
1636512755.92618 1.36953610644098 5.98798202932023 0.125851183241007 0.983279427736623 0.00441854533882924 0.00153866013778404 -0.18204306076313
1636512756.42643 1.75252705811714 6.78393276450524 0.146281289563272 0.972868891035575 0.00489789777368013 0.000432625603826468 -0.231304873030589
1636512756.92669 2.22086619196323 7.48866743446784 0.170372506778916 0.957490908767045 0.00583835025286345 0.00144864889887376 -0.28840071898515
1636512757.42694 2.75811021632207 8.1265468678839 0.190451739795781 0.937297441018015 0.0078255393097613 0.00113379479454229 -0.348440787659761
1636512757.9272 3.36263830312577 8.65215746982987 0.217776927664273 0.910757955223832 0.0115353156132004 0.00404097270170857 -0.412759680722127
1636512758.42746 4.01632269225816 9.10559035574908 0.243151201698286 0.876196072672965 0.0122650699068611 0.00106529462917053 -0.481797546112479
1636512758.92773 4.72980432450936 9.42789373528883 0.271270643870261 0.833429108481554 0.0127478475890224 0.00376429172524599 -0.552466509053079
1636512759.42798 5.47851884653467 9.60632792359642 0.294765672658346 0.782535942004421 0.0152861021377421 0.00748127573909482 -0.622372770183597
1636512759.92824 6.25340708701104 9.66949100107723 0.322927572205081 0.729971909893655 0.0151167203583483 0.00756668266566713 -0.683268059289511
1636512760.42849 7.04936937001798 9.59684075169388 0.340695274174363 0.678296669549983 0.0167513109457103 0.00869095496068855 -0.734545770500976
1636512760.92876 7.86185427342358 9.42190423303594 0.366889281102128 0.628633785224855 0.0155314819344269 0.0099351075123675 -0.777482881343062
1636512761.4302 8.6212153386213 9.13372137632728 0.384256868518768 0.580411877912941 0.0170934432101207 0.00837256379941615 -0.814100587367569
1636512761.92933 9.38409011747278 8.75444688808828 0.393473682784142 0.54043149712999 0.0175990891787077 0.0067564865664278 -0.841176805944621
1636512762.42972 10.1228288765959 8.30016159525506 0.405858423269906 0.508808632913716 0.0213686421218273 0.00688586167873315 -0.860586858553677
1636512762.92979 10.8591142906477 7.81535828465665 0.429826556070725 0.486360570568901 0.0217143605284624 0.00739737357611367 -0.873457017149046
1636512763.43007 11.5777358443005 7.27116297290351 0.453048148745245 0.467073057650151 0.0218932086054798 0.009023514131072 -0.883901590917802
1636512763.9303 12.285175247636 6.70096977242074 0.471359046402665 0.453122215268081 0.0228518545598797 0.0113030346634138 -0.891083773941102
1636512764.43056 12.9859698689486 6.12644102510998 0.483351938367964 0.438829468925887 0.0211874640181122 0.0110941780026788 -0.898252029101605
1636512764.93083 13.6551717627042 5.50436131401458 0.490736437133394 0.424543098391972 0.023028660119544 0.0113354167383467 -0.905043836920738
1636512765.43108 14.3149891741907 4.85921871839237 0.505952072997214 0.410110378419945 0.0251531940316061 0.0113778685050903 -0.911617978349779
1636512765.93133 14.9737995678559 4.19120629529702 0.516019905169285 0.396029954213087 0.0250029528786205 0.011369068058791 -0.917826711315815
1636512766.43159 15.6140390287264 3.50593431039472 0.538649547596185 0.38237583436804 0.0252123324507613 0.0127033416170979 -0.923575489440628
1636512766.93185 16.2155061467039 2.81183128368483 0.540882152180843 0.368949823669198 0.0272892899385863 0.013294343023347 -0.928953487916749
1636512767.43324 16.81190574686 2.09055914135031 0.549182171959843 0.357118253606186 0.0276141987162187 0.0124276236272428 -0.933568188801176
1636512767.93237 17.3968250904578 1.35779039874971 0.557413874412056 0.346593472663959 0.0263943484931083 0.0119236170885726 -0.937568200415248
1636512768.43263 17.9510411661769 0.608892686034802 0.566059958733213 0.338083699298974 0.0285474656948207 0.0119144453843496 -0.940607516694348
1636512768.93289 18.5097036942993 -0.141241586089305 0.584976815841742 0.329702169309005 0.0273724321956874 0.0124819228215358 -0.943605548474205
1636512769.43315 19.0383582080148 -0.921436058496035 0.593022756030861 0.322924115216096 0.0276364034360496 0.013232929654341 -0.945928715384931
1636512769.9334 19.5793646680844 -1.70072308101388 0.592974816088119 0.31867658631693 0.0253583735944791 0.0143383754405983 -0.947415746761555
1636512770.43366 20.1004448010718 -2.48955784050179 0.60234424981648 0.320459484644112 0.0260488701034637 0.0150927550290767 -0.946783704873291
1636512770.93394 20.6324589173349 -3.26227960271686 0.605130390313141 0.329085842203138 0.0256671158539851 0.0149835758375179 -0.943832188516746
1636512771.43418 21.1741898009649 -4.0209419782524 0.604000972087519 0.348174909790075 0.0260318652048849 0.0119380438309624 -0.936992026271365
1636512771.93444 21.7525406039615 -4.73881222809823 0.611905958897797 0.383437379655 0.0265157194920802 0.0107308272018547 -0.923123795517529
1636512772.43469 22.3919391375037 -5.38454645130027 0.625765270017428 0.422666016419975 0.0268521180861119 0.0096713618848981 -0.905836004515856
1636512772.93496 23.0791100676331 -5.98841835819582 0.647749357057372 0.468995919050963 0.0273275547887081 0.0109695589946674 -0.882709296109583
1636512773.43521 23.8178476226725 -6.45645201902702 0.66460086320908 0.526568148994208 0.0240979684851419 0.00988257488981491 -0.8497338448557
1636512773.93546 24.5963399354217 -6.80999215091971 0.695464103938542 0.591875603518435 0.0226767374796849 0.0104784243615519 -0.805642127845773
1636512774.43572 25.3870930904327 -6.99779859704144 0.724002266902925 0.657983103141198 0.0208450132989261 0.0107531111501014 -0.752667318276701
1636512774.93598 26.16707414699 -7.03308881027387 0.739187542936088 0.718412707990082 0.0186093291524043 0.00887051024657145 -0.695311576140381
1636512775.43841 26.9536721484329 -6.95532645366861 0.767968640984179 0.771404859231934 0.0174279828513546 0.00886442654219977 -0.636044204838918
1636512775.93651 27.7189825355686 -6.76119827342533 0.788349484830883 0.819836039394037 0.0151839660807584 0.00890863351169303 -0.57232766133895
1636512776.43676 28.4303492118251 -6.44954674118873 0.810555197421369 0.862516092574969 0.0143412234902153 0.00627078565550349 -0.505787501432443
1636512776.93702 29.0983645389497 -6.04133228724579 0.835970395712995 0.899478787301869 0.012787127414547 0.00576735703441079 -0.436739210695904
1636512777.43728 29.6839032913403 -5.52781188597975 0.859672183946189 0.930591546918874 0.0102579622812944 0.00531829244789037 -0.365876840997637
1636512777.93753 30.1940721502442 -4.91375949608649 0.879362256494783 0.956501088247364 0.00601695698238569 0.00450319590691253 -0.291631935214415
1636512778.43779 30.5998349875734 -4.24351760949815 0.904862631171083 0.977054671291945 0.00236836127862038 0.0036038405103777 -0.212944998779072
1636512778.93806 30.8962393936225 -3.51867284935216 0.922444508794701 0.991150109493746 -6.07448521994276e-06 0.00442496393974013 -0.132672077347751
1636512779.4383 31.0650695643398 -2.77108901759408 0.921073471389367 0.998640793324826 -0.00104216739374247 0.00489844589635174 -0.051879524115845
1636512779.93856 31.0975064383457 -2.00242206576603 0.928817273396326 0.999558055585798 -0.00144632008267347 0.00303839141205256 0.0295359077968685
1636512780.43883 31.0068481312012 -1.24134234559659 0.93174117452252 0.993836511966755 -0.00284959814862554 -0.00054814043345871 0.110817718863952
1636512780.93911 30.8054712860088 -0.503579620970009 0.940373346682582 0.980938683131781 -0.00641629146388164 0.000914630924619926 0.194209409117604
1636512781.43934 30.4648623557837 0.18941699636859 0.943556151602715 0.959892571115226 -0.0104032690539158 -0.00282510600541725 0.280160744371602
1636512781.9396 30.0155972509702 0.801733071371495 0.938965439799651 0.930194386533196 -0.0138187043306324 -0.00500646743224984 0.366772929694388
1636512782.43986 29.4529091137585 1.3344558788069 0.932646959394473 0.892438706771885 -0.0175306283081568 -0.00776622246190007 0.450761042588109
1636512782.94053 28.7886095253675 1.74346998924902 0.915401192121079 0.848492662193674 -0.0205588870039504 -0.0113226446530688 0.52868642131864
1636512783.44053 28.0560075852149 2.04190964412641 0.882286865552699 0.798706326696111 -0.0232543446520973 -0.0116975528377309 0.601157721740323
1636512783.94063 27.2875629775452 2.2108009855544 0.856649757885644 0.742915181229819 -0.0239773076824448 -0.0126436866539954 0.668836496763119
1636512784.44089 26.5300851136937 2.26647790233358 0.829310734578997 0.685050720771812 -0.0252929067693229 -0.0083832558459609 0.728007898211689
1636512784.94115 25.7524118023654 2.1784324491382 0.79040810961728 0.629203971383223 -0.0227799708346811 -0.0103245076314703 0.77683771784493
1636512785.4414 24.9659096796244 1.99283940799927 0.768840934095294 0.578618920786153 -0.0234121718520075 -0.0111724391832125 0.815185372366394
1636512786.04171 24.0473361594094 1.64430444592216 0.746963732367002 0.523975175007985 -0.0245380628198816 -0.0113907690897017 0.8513037940876
1636512786.54198 23.2930567068631 1.25852971931761 0.705163930119585 0.488859368276978 -0.0217608017651706 -0.0102509364428792 0.872030907626797
1636512787.04223 22.5488593793955 0.829032903886239 0.682075869561475 0.458367952924253 -0.0242233950464247 -0.00833194849292021 0.888393283123395
1636512787.64254 21.66486946035 0.218574898128112 0.665788895690109 0.419973280219314 -0.0265081149877833 -0.0104194184310322 0.907089410951965
1636512788.24285 20.8572857594956 -0.471240374258151 0.649887878467868 0.384092565458118 -0.0273992172859796 -0.0128019959168278 0.922799161764066
1636512788.7431 20.2059776694465 -1.0791290601666 0.622453236366721 0.361395399833951 -0.0285177813391733 -0.0140041158248973 0.931871228156719
1636512789.34341 19.4347834656545 -1.87365113107273 0.591352341535531 0.341379057686271 -0.0296776136957331 -0.0155785862308291 0.939327890499164
1636512789.84386 18.8259547178232 -2.59261926736618 0.560719376896821 0.329620766435133 -0.0279529637975715 -0.0178540666158853 0.943530611297229
1636512790.44416 18.0934645111224 -3.43687960881419 0.527016229209504 0.328707275248984 -0.0285510816678519 -0.0152731033820745 0.943876631370363
1636512791.04446 17.333701468681 -4.28431012004916 0.482406910656307 0.337838395605089 -0.0263276848116988 -0.0129983843128477 0.940746040901948
1636512791.54472 16.666560709925 -4.96934820317361 0.457003709797261 0.351830325383015 -0.0276453595662439 -0.012991738387516 0.935565268150227
1636512792.14503 15.8465279144398 -5.78435509519467 0.425932270859287 0.373519769140303 -0.0278195978050172 -0.014700947263587 0.927088417675949
1636512792.64531 15.1442524894012 -6.40500939755984 0.406542432498453 0.392535295905272 -0.0279333994625551 -0.0140298548447951 0.919205597152269
1636512793.14556 14.4068646694406 -7.00250704726561 0.366236612283747 0.413111995333243 -0.027281786140064 -0.0138176349200303 0.910166609155714
1636512793.64581 13.6530589333569 -7.55283645702811 0.338591682227642 0.439004036127973 -0.0263796747292563 -0.0137326453776109 0.897992752462658
1636512794.24611 12.7205781850311 -8.17314883516211 0.311315312976562 0.472404971232239 -0.0249065821903893 -0.0142980229983904 0.880913600676593
1636512794.74638 11.9105990216297 -8.59431813184008 0.279904131722296 0.503878082871228 -0.0238367147450763 -0.0129556753548283 0.863348619682847
1636512795.24816 11.0785466842797 -8.97370190295914 0.255987633341213 0.537332916245281 -0.022608137351641 -0.0131078345387739 0.842965238855396
1636512795.74689 10.2185320933221 -9.26396172616523 0.223563458155895 0.575201952131122 -0.0222503576456318 -0.0130303641271972 0.817604944615613
1636512796.24715 9.33471867970577 -9.45802088498066 0.201224831456414 0.612735953339044 -0.0241171854920763 -0.0102580325783783 0.789853015197925
1636512796.74741 8.42652620105363 -9.60275233589772 0.168296416759602 0.649343182699127 -0.024987984896547 -0.0119910062873904 0.75999029432039
1636512797.24767 7.51845964629121 -9.66315783873281 0.151084909665991 0.68958869346452 -0.0245078395073356 -0.0130222084252702 0.723669276490517
1636512797.74794 6.57606204644401 -9.61153372705252 0.117502756731948 0.729821488793847 -0.0244569251555481 -0.0200925383389398 0.682904636980719
1636512798.24819 5.67672850799384 -9.42715140795182 0.0927512890876083 0.767444648697189 -0.0233398365675881 -0.0153547325700042 0.640506202470163
1636512798.74844 4.81830217399225 -9.15949551433091 0.0431481713535475 0.801936150458261 -0.0197104119063714 -0.0123463526807419 0.596956847541051
1636512799.24871 3.99342961519962 -8.82854186462544 0.0217480770426225 0.834202686386238 -0.0137585078712362 -0.0120036207478011 0.55115559924225
1636512799.74896 3.2146300818652 -8.38106317730437 0.00130758798809572 0.862843323583642 -0.00995136376259461 -0.0120677646478203 0.505229391823955
1636512800.34985 2.37650607296687 -7.76499726453909 -0.00792807115534244 0.895913740616237 -0.0108796746824766 -0.013694693988494 0.443883607954142
1636512800.84953 1.77513811209517 -7.16458728894232 -0.0101768953514801 0.922826739026633 -0.0099051211891486 -0.0121848144480208 0.3848950877948
1636512801.44984 1.17029654367599 -6.34186070715973 -0.0192355360127309 0.948474683839503 -0.00963637897563155 -0.00973009138656964 0.316556850561477
1636512801.9501 0.755592204876857 -5.60854092489864 -0.0240511737538132 0.964673663612466 -0.00877939082613403 -0.00822543424472801 0.263172922734674
1636512802.55041 0.342251215978635 -4.68623323489088 -0.0253522912461593 0.979963711264565 -0.00764281786608958 -0.00789811222914386 0.198872652124069
1636512803.15089 0.0799219833016979 -3.69493728621798 -0.0260434949111922 0.990612575669864 -0.00645157206045651 -0.0052527515143873 0.136445999370429
1636512803.65115 -0.0712710214144277 -2.84989267252927 -0.0246392390564102 0.995775247117395 -0.0046528757352261 -0.00366841685372512 0.0916326944571092
1636512804.1514 -0.163492559235205 -1.9688700620481 -0.00584407015455896 0.998452701605473 -0.0052558057270664 -0.00326408671811641 0.0552623280435046
1636512804.75171 -0.168193747447465 -0.894477096928238 0.000920672183921167 0.999767818426535 -0.00393469373589865 -0.00078628098697892 0.0211709514680023
1636512805.25196 -0.129626817098376 -0.000886748746131649 0.0052231659461206 0.999994165947222 -0.00206149843052144 -0.000223369234303203 0.0027144800472489
1636512805.85232 -0.0533460848420044 1.09772876858789 0.0106596317352675 0.999981710359001 -0.00187531686912962 0.00141234312159462 -0.00557381566203411
1636512806.35254 -0.0183172738051868 1.89049693120684 0.0265473969401493 0.999973643760975 -0.00315416511106201 -0.00146886117234964 -0.00637224236101958
1636512806.95285 0.012420003599894 2.51124758973894 0.0437661682372279 0.999962541890626 -0.00489409250033769 0.000804161756217995 -0.00709337705942029
1636512807.45311 0.017352240737332 2.56386312707116 0.0393141603193648 0.999971908597009 -0.00275865539343097 0.000580181528333531 -0.00694515850576569
1636512808.05342 0.0205428451614789 2.57319619759749 0.038249255452904 0.999971508802214 -0.00269751485106744 0.000231688929737793 -0.00704636911413624
1636512808.55368 0.0243618653930123 2.57436019163873 0.0388741381286677 0.999971182470805 -0.00282373959267974 0.000312073877571664 -0.00704012304924849
