1636512749.9229 -3.03576608295941e-18 5.55111512312578e-17 5.55111512312578e-17 1 0 0 0
1636512750.42316 0.0031388928366691 -0.000253986837766174 -0.00299438337775632 0.999999599645763 0.000602325110791317 -0.000439171583496094 -0.000495016257362417
1636512750.92342 -0.0183828804002863 0.0959459591007888 -0.00236528494483207 0.999987090805288 0.000817315802840651 -0.00101103968062702 -0.00491202772989192
1636512751.42368 -0.00672194801248285 0.287926547036833 0.00162434192351835 0.999914143232639 0.001240198941195 -0.00152748284557448 -0.012955109651397
1636512751.92393 0.0174527981726096 0.610583195647414 0.00534192204514666 0.99969414322593 0.00140262678992467 -0.0014257637396457 -0.0246499459557536
1636512752.42463 0.0729812017262241 1.02785138228807 0.0124057285805523 0.999280472309053 0.00199016079223348 -0.00107869985408918 -0.0378604454337522
1636512752.92445 0.175101268448015 1.56160773450298 0.0199184228821656 0.998680415438729 0.00191039244996025 0.000305859442827801 -0.0513194375438448
1636512753.42471 0.263325861033661 2.17516029878807 0.0401896607430086 0.997939102409545 0.00142269102333401 -0.00104898428837853 -0.0641437718274142
1636512753.92515 0.423886020377418 2.84562653927842 0.0463473565955155 0.996872158093194 0.00201458620745463 0.00235593029470484 -0.0789701934496669
1636512754.4254 0.58888935731612 3.56691844676329 0.0629086584741874 0.995470029351705 0.00333782782904364 0.000783338363053953 -0.0950140302739925
1636512754.92566 0.786614053880635 4.35944717187544 0.0790855659056781 0.993500093156622 0.00307846333405116 -0.00110902052427872 -0.113784260927253
1636512755.42592 1.04851257861553 5.17277152910656 0.0977189512279709 0.9899452872632 0.00433922546757105 0.0011735062699185 -0.141379355744593
1636512755.92618 1.3659719493867 5.99048121122204 0.125770253418814 0.983279427736623 0.00438474205711476 0.00154591159020408 -0.182043816660681
1636512756.42643 1.74830451517216 6.7872230632127 0.146143074725267 0.972868891035575 0.00485496570239442 0.000441830607984515 -0.231305760734474
1636512756.92669 2.21576485081964 7.49307130988978 0.170177514160946 0.957490908767045 0.0057848096561317 0.00146012281416853 -0.288401740020876
1636512757.42694 2.75238889556419 8.13229616314143 0.190154036828015 0.937297441018015 0.00776085997724126 0.00114766678841122 -0.348442188855535
1636512757.9272 3.35620376803919 8.65974277112659 0.217392399295952 0.910757955223832 0.0114586641820099 0.00405743294249788 -0.412761654286811
1636512758.42746 4.00979137741234 9.11470766743185 0.242622910640658 0.876196072672965 0.0121756423168313 0.00108449337875815 -0.481799771524185
1636512758.92773 4.72292027230768 9.43895725388192 0.270685053441076 0.833429108481554 0.0126452720142036 0.00378629045871319 -0.55246871606987
1636512759.42798 5.47167491554552 9.61968940661898 0.294123953445227 0.782535942004421 0.0151705076885524 0.00750606935270326 -0.622375300032543
1636512759.92824 6.24703469307353 9.6845448780337 0.322177439759923 0.729971909893655 0.0149898236190156 0.0075938818862026 -0.683270553230548
1636512760.42849 7.04371636927984 9.61355571365831 0.339837397132756 0.678296669549983 0.0166148841089347 0.00872020151583363 -0.734548522419704
1636512760.92876 7.85682867123658 9.43986832102564 0.365933472015611 0.628633785224854 0.0153870714797085 0.00996603684174279 -0.77748535691344
1636512761.4302 8.61729347447291 9.15269905024252 0.383132264157613 0.580411877912941 0.0169422560643876 0.00840495995474477 -0.8141034139378
1636512761.92933 9.38109124475555 8.77406742933905 0.392174379449083 0.54043149712999 0.0174428967693457 0.00678995942275655 -0.841179789767425
1636512762.42972 10.1208076839107 8.3205127171634 0.40442157725775 0.508808632913716 0.0212088458565833 0.00692014791196945 -0.860590536482236
1636512762.92979 10.8575877671952 7.83610306632513 0.428258537770186 0.486360570568901 0.0215521695180454 0.00743217288159375 -0.873460738780637
1636512763.43007 11.5765795665176 7.29232450209738 0.451374297377354 0.467073057650151 0.0217290594277134 0.0090587285714619 -0.883905281254951
1636512763.9303 12.2843211026887 6.72256095777366 0.46959523401576 0.453122215268081 0.0226863446932979 0.011338544754501 -0.891087551926214
1636512764.43056 12.9853090261645 6.14811353547251 0.481435174426323 0.438829468925887 0.0210206264036965 0.0111299512255752 -0.898255506330764
1636512764.93083 13.655005445769 5.52630002323254 0.488688882982058 0.424543098391972 0.0228605590770557 0.0113714809358522 -0.905047646186516
1636512765.43108 14.3153628359091 4.88140200425437 0.503772671760903 0.410110378419945 0.0249838723731789 0.0114142185247091 -0.911622180099278
1636512765.93133 14.9745002879418 4.2135181557296 0.513699716723957 0.396029954213087 0.0248324790822305 0.0114056617274587 -0.917830885419078
1636512766.43159 15.6150418490768 3.52849956459897 0.536225024378434 0.38237583436804 0.0250407755109865 0.0127401651311825 -0.923579649540625
1636512766.93185 16.2170111051412 2.83463969659217 0.538350776362155 0.368949823669198 0.0271167276880363 0.0133314044862268 -0.928958010002812
1636512767.43324 16.8137689767232 2.11338548088261 0.546499647923637 0.357118253606186 0.0274407905982183 0.0124648715065017 -0.933572805372425
1636512767.93237 17.3988549818381 1.38059824922284 0.554581861514019 0.346593472663959 0.0262202041932982 0.0119610082524043 -0.937572610457657
1636512768.43263 17.9534917467724 0.631829037533521 0.563112519987483 0.338083699298974 0.0283727574179555 0.0119519829591787 -0.940612326629928
1636512768.93289 18.512238304443 -0.118241135386367 0.581908467696897 0.329702169309005 0.027197160636974 0.0125195646100879 -0.943610117849632
1636512769.43315 19.0410683266448 -0.898315980011616 0.589849680374556 0.322924115216096 0.0274606915798392 0.0132706665127359 -0.945933304012585
1636512769.9334 19.5819332094456 -1.67754452378518 0.58968718235633 0.31867658631693 0.0251823723415505 0.0143761433268386 -0.947419868885853
1636512770.43366 20.1030223379835 -2.46628760071207 0.598950376941371 0.320459484644112 0.0258729769470273 0.0151305063410406 -0.946787925326148
1636512770.93394 20.6348025931235 -3.23906965252213 0.601597292159024 0.329085842203138 0.0254917717912457 0.0150212057999019 -0.943836342492019
1636512771.43418 21.1762208955662 -3.99811090709245 0.600252789089287 0.348174909790075 0.0258578276648957 0.0119754077960168 -0.936996368482421
1636512771.93444 21.7538315690643 -4.71631674060704 0.607973187646834 0.383437379654999 0.0263442703844951 0.0107676487446656 -0.92312827550765
1636512772.43469 22.3923965812886 -5.36247566795691 0.621638752475357 0.422666016419975 0.0266838902328459 0.00970750400589559 -0.905840589138998
1636512772.93496 23.0785007172382 -5.96671753877384 0.643472109934565 0.468995919050963 0.0271636030843091 0.0110047925279745 -0.882713918051843
1636512773.43521 23.8157562710329 -6.43581760090247 0.660098461293236 0.526568148994208 0.0239401498264993 0.00991646528101492 -0.849737911009876
1636512773.93546 24.5927829870605 -6.79055713497192 0.69077474810165 0.591875603518436 0.0225270943492739 0.0105105541362351 -0.805645907475248
1636512774.43572 25.3821984680815 -6.97992647189455 0.719125454874905 0.657983103141198 0.0207051981847211 0.0107831240865608 -0.752670748059033
1636512774.93598 26.1612684746791 -7.01712001967599 0.734093672741034 0.718412707990082 0.0184801813746254 0.00889822821022393 -0.695314666485209
1636512775.43841 26.947230110959 -6.94108868768948 0.762704766608422 0.771404859231934 0.0173098343037077 0.00888978680022783 -0.636047077251665
1636512775.93651 27.712119498379 -6.74885604503861 0.782938923864354 0.819836039394037 0.0150776418686936 0.00893144720101562 -0.572330116696015
1636512776.43676 28.4236785671639 -6.43912505175209 0.804955308638313 0.862516092574969 0.0142472802803635 0.00629095821771204 -0.505789905888327
1636512776.93702 29.0919564977233 -6.03272366700071 0.83024799601649 0.899478787301869 0.0127060046914252 0.00578478063128267 -0.436741347884293
1636512777.43728 29.6779870514872 -5.52101762209839 0.853867900771542 0.930591546918874 0.0101899960654199 0.00533288347008942 -0.365878527843897
1636512777.93753 30.1889191977417 -4.90887543902925 0.873524940716883 0.956501088247364 0.0059627795099713 0.00451479975198842 -0.291632868561354
1636512778.43779 30.5957969184929 -4.2403820421097 0.899016883005167 0.977054671291945 0.00232879794006928 0.00361228877032851 -0.212945291980319
1636512778.93806 30.8934279675126 -3.51693097858885 0.916619008580046 0.991150109493746 -3.07503339827746e-05 0.00443020943642274 -0.132671898868228
1636512779.4383 31.0637234044171 -2.7703851764607 0.915264281136057 0.998640793324826 -0.00105185510538626 0.00490048439703279 -0.05187913608643
1636512779.93856 31.0980133979553 -2.002437818168 0.923018841849617 0.999558055585798 -0.0014408756464777 0.0030372059936913 0.0295362958182432
1636512780.43883 31.0094845907774 -1.24185046349412 0.925995967678862 0.993836511966755 -0.00282902531519111 -0.000552556663931505 0.110818224036719
1636512780.93911 30.809894627848 -0.504540670070065 0.934781866083708 0.980938683131781 -0.00638026013918618 0.000906874089193755 0.194210632550407
1636512781.43934 30.4717338248235 0.188431962091955 0.938143980298219 0.959892571115226 -0.0103512408274269 -0.00283630976686449 0.280162558308635
1636512781.9396 30.0247830748277 0.80117528245367 0.933752790334823 0.930194386533196 -0.0137505755508731 -0.00502113728354611 0.366775289672752
1636512782.43986 29.4643766115537 1.3347387020259 0.927670825232123 0.892438706771885 -0.0174468789131157 -0.00778425826594467 0.450763980808988
1636512782.94053 28.8021643882347 1.74504484024906 0.910673279191378 0.848492662193674 -0.0204606324538538 -0.0113437983687268 0.528689779513137
1636512783.44053 28.071101995911 2.04492298517887 0.877789349066166 0.798706326696111 -0.0231426359017518 -0.0117216047686794 0.601161564041457
1636512783.94063 27.3038499377022 2.21567535975589 0.852335842517929 0.742915181229819 -0.0238530272287563 -0.012670423272041 0.668840434606339
1636512784.44089 26.5468917641611 2.27284618166674 0.825123426267329 0.685050720771812 -0.0251576968639722 -0.00841234801514918 0.728012247602603
1636512784.94115 25.7695586250478 2.18687796332439 0.786319932792067 0.629203971383223 -0.0226356752440068 -0.0103554997988195 0.776841523237362
1636512785.4414 24.9832946988914 2.00285287305129 0.764913004148001 0.578618920786153 -0.0232607491719995 -0.0112049552407805 0.815189260867854
1636512786.04171 24.0647745257361 1.65587007459735 0.743213616686249 0.523975175007985 -0.0243799344233391 -0.011424726916096 0.851307882253981
1636512786.54198 23.3100600291082 1.27111764204242 0.701454596461202 0.488859368276978 -0.0215988406593741 -0.0102856799265895 0.872034525072518
1636512787.04223 22.5658224586533 0.842147528550588 0.678501331601724 0.458367952924253 -0.0240584206615529 -0.0083673689269487 0.888397433170843
1636512787.64254 21.6818580501154 0.232774128858847 0.662427593396292 0.419973280219314 -0.026339645414979 -0.0104556059156291 0.907093902132618
1636512788.24285 20.8741274341592 -0.455957769949072 0.646701094322486 0.384092565458118 -0.0272278031814571 -0.0128388153908618 0.922803723829219
1636512788.7431 20.2227280527213 -1.0632261151828 0.619402511479479 0.361395399833952 -0.0283446689328185 -0.0140413076216876 0.931875950114724
1636512789.34341 19.4514673509449 -1.85716906423383 0.588461774484358 0.341379057686271 -0.0295030982460213 -0.0156160869833735 0.939332765315065
1636512789.84386 18.8424062411601 -2.57559244061062 0.557922336146288 0.329620766435133 -0.0277776406981869 -0.0178917125126709 0.943535075996289
1636512790.44416 18.1098806479053 -3.42010461536363 0.52428065284311 0.328707275248984 -0.0283757257805844 -0.0153107702520105 0.943881309116302
1636512791.04446 17.3499472797757 -4.2678949487264 0.479693136826643 0.337838395605089 -0.0261529376617962 -0.0130359003083627 0.940750396018937
1636512791.54472 16.6831008300744 -4.95331574097286 0.454416269061389 0.351830325383015 -0.0274715739482599 -0.0130290656064009 0.935569868163309
1636512792.14503 15.8633930090004 -5.76870229512007 0.423507200611552 0.373519769140303 -0.0276473645405873 -0.0147379414478618 0.927092982595174
1636512792.64531 15.161302864201 -6.38990523777424 0.404217529443961 0.392535295905272 -0.0277626373040166 -0.0140665387465714 0.919210209868329
1636512793.14556 14.4240392388706 -6.98792844630505 0.364012534456108 0.413111995333243 -0.0271127040784991 -0.0138539534973859 0.910171109496357
1636512793.64581 13.6703633563137 -7.53891273117781 0.336470986860199 0.439004036127973 -0.0262128530038429 -0.013768471631187 0.897997088965042
1636512794.24611 12.7380069075693 -8.16001853699547 0.309327833389615 0.472404971232239 -0.0247429232381393 -0.0143331560233078 0.880917641748143
1636512794.74638 11.9280270608732 -8.5821375593422 0.278008787323249 0.503878082871228 -0.023676331959551 -0.0129901008586822 0.863352515596403
1636512795.24816 11.0959832737784 -8.96240984734225 0.254211122725485 0.537332916245281 -0.0224515355838199 -0.0131414391522883 0.842968901114553
1636512795.74689 10.2359677070203 -9.25378266470419 0.221928622816379 0.575201952131123 -0.0220984633180794 -0.0130629616874327 0.817608543996134
1636512796.24715 9.35206667708713 -9.44933162905741 0.199752144104584 0.612735953339044 -0.0239704752439372 -0.0102895556415944 0.789857071150832
1636512796.74741 8.44386712229182 -9.59514173362027 0.16703384227277 0.649343182699127 -0.0248467955973729 -0.0120213592535949 0.759994443895747
1636512797.24767 7.53550428498943 -9.65674720754218 0.149990742722082 0.68958869346452 -0.0243733782918334 -0.0130511194818926 0.723673296838296
1636512797.74794 6.59313044300566 -9.60597118918379 0.116667107315418 0.729821488793847 -0.0243299431235105 -0.0201198370209628 0.682908369051508
1636512798.24819 5.69276135619877 -9.42310596354315 0.0919970563855605 0.767444648697189 -0.0232207807796953 -0.0153803412958763 0.640509915323449
1636512798.74844 4.8331431828125 -9.15651254934579 0.042435770367207 0.801936150458261 -0.0195994749335893 -0.0123701953229232 0.596960006565085
1636512799.24871 4.00706793755662 -8.82615082795821 0.0210441569935548 0.834202686386238 -0.0136560752012413 -0.0120255799618279 0.551157668061203
1636512799.74896 3.22718793937025 -8.37926346948251 0.000664754537851198 0.862843323583642 -0.00985745359269582 -0.0120878616336882 0.505230752386399
1636512800.34985 2.38800074776312 -7.76424207710057 -0.00837638426291548 0.895913740616237 -0.0107971295367769 -0.0137123768044066 0.443885077572068
1636512800.84953 1.7851777106829 -7.16461010042925 -0.0105367275763269 0.922826739026633 -0.0098335418370839 -0.0122001531052344 0.384896437313491
1636512801.44984 1.17855251074343 -6.34263257249293 -0.0194801442579597 0.948474683839503 -0.00957751208141309 -0.00974272482040737 0.316558248496163
1636512801.9501 0.762445458476884 -5.60963503327562 -0.0242224903742574 0.964673663612466 -0.00873044953158893 -0.00823594654655984 0.263174222081042
1636512802.55041 0.347555812228124 -4.687466194265 -0.0254494545349612 0.979963711264565 -0.00760581374455206 -0.00790606838109834 0.198873754640013
1636512803.15089 0.0835048241974115 -3.69613508633165 -0.0260838142865804 0.990612575669864 -0.00642618563341414 -0.00525822493098362 0.136446986531394
1636512803.65115 -0.0688831546631978 -2.85083601651637 -0.0246572251029916 0.995775247117395 -0.00463582531556777 -0.00367209652494646 0.0916334112594587
1636512804.1514 -0.161949037329243 -1.96973479558997 -0.00579824853210975 0.998452701605473 -0.00524551001686094 -0.00326633573068617 0.0552631733823658
1636512804.75171 -0.167654736970717 -0.895025629614054 0.000994219764213822 0.999767818426535 -0.00393075507898959 -0.000787165998340868 0.0211716502154737
1636512805.25196 -0.129546552744962 -0.00111805645442675 0.00528847928757487 0.999994165947222 -0.00206099190721471 -0.000223501685084652 0.00271485374853744
1636512805.85232 -0.0536166953250843 1.09758010144366 0.0107627988828485 0.999981710359001 -0.00187636845701129 0.00141254064040449 -0.00557341168763203
1636512806.35254 -0.0183191807342056 1.89022252322158 0.026680482855775 0.999973643760975 -0.00315532975702856 -0.00146864766994192 -0.00637171496106298
1636512806.95285 0.01216654361177 2.51080344052071 0.0439724024396536 0.999962541890626 -0.00489541863559344 0.000804382562080994 -0.00709243686720155
1636512807.45311 0.0171246417104032 2.56363464216984 0.0394742717251588 0.999971908597009 -0.00275995133018447 0.000580422501473854 -0.00694462347651264
1636512808.05342 0.0203482817642538 2.57297453583498 0.0384051698197907 0.999971508802214 -0.00269882532707693 0.000231934650029575 -0.00704585920925115
1636512808.55368 0.0241592771518345 2.57412574406524 0.0390326717129036 0.999971182470804 -0.00282504988649568 0.000312317812374147 -0.00703958654068363
