1636512749.9229 -3.46944695195361e-18 0 0 1 0 0 0
1636512750.42316 0.00373049262833006 0.000529573545247519 -0.00296950368216775 0.999999599645763 0.000602241153777748 -0.000439137507114181 -0.000495148620552781
1636512750.92342 -0.0169629575485532 0.0968436003006807 -0.00230112197096899 0.999987090805288 0.000816594671401622 -0.00101052910967316 -0.00491225272535364
1636512751.42368 -0.0044887640719794 0.289062116095554 0.00173556418752985 0.999914143232639 0.0012383351096751 -0.00152610566288239 -0.0129554502430001
1636512751.92393 0.0197263875049739 0.611467238818474 0.00548307817491667 0.99969414322593 0.00139912996146886 -0.00142311136503082 -0.0246502979529319
1636512752.42463 0.0750073175357848 1.02899895570047 0.0125797091725339 0.999280472309053 0.00198482708795238 -0.00107462052814946 -0.0378608414321141
1636512752.92445 0.175468840150113 1.56219775877952 0.0200801355179172 0.998680415438729 0.00190322180003826 0.0003114152281928 -0.0513196705607482
1636512753.42471 0.265624428080405 2.17448426584027 0.0404506889509941 0.997939102409545 0.00141368063148149 -0.00104200788776561 -0.0641440847519592
1636512753.92515 0.421893109516356 2.8454840661028 0.0465428023980772 0.996872158093194 0.00200361508590287 0.00236451042942761 -0.0789702161301035
1636512754.4254 0.589331045948069 3.56773617238419 0.063234853156598 0.995470029351705 0.00332455917738883 0.000793631130528709 -0.0950144100566816
1636512754.92566 0.789735106478416 4.3588896610455 0.0795376656158409 0.993500093156622 0.00306250498586114 -0.00109666367555729 -0.113784811331644
1636512755.42592 1.04909539733723 5.17313313195495 0.0981541735502598 0.9899452872632 0.00431948219740301 0.00118884271382361 -0.141379832196562
1636512755.92618 1.36638381632266 5.98935835853613 0.12623056077146 0.983279427736623 0.00435932127623448 0.00156569939765409 -0.182044258062007
1636512756.42643 1.75048215653315 6.78438916195662 0.146676299179589 0.972868891035575 0.00482261503270375 0.000466997044738964 -0.231306388051039
1636512756.92669 2.21697558031092 7.48940876309093 0.170688132436827 0.957490908767045 0.00574450388921406 0.00149151035547623 -0.288402385046284
1636512757.42694 2.75467122476114 8.12848445553843 0.190690693462458 0.937297441018015 0.00771214259835955 0.00118556290293868 -0.348443143652197
1636512757.9272 3.3565358421355 8.65930443610106 0.217868326637296 0.910757955223832 0.0114010441833022 0.00410224862644328 -0.412762806880951
1636512758.42746 4.01360885430515 9.11044905995306 0.243137626452021 0.876196072672965 0.0121082627571583 0.00113684501027865 -0.48180134888655
1636512758.92773 4.72306998381127 9.43416897284367 0.271021064272812 0.833429108481554 0.0125680944645907 0.00384636484884411 -0.55247006218855
1636512759.42798 5.46874978629015 9.61798343876197 0.294313821537837 0.782535942004421 0.0150836728418314 0.00757371430651013 -0.622376591089718
1636512759.92824 6.24278722407102 9.68075204699824 0.322223283909442 0.729971909893655 0.01489447095925 0.00766820110191021 -0.683271808428326
1636512760.42849 7.03884459310277 9.61083592243793 0.339757319596461 0.678296669549983 0.016512394040595 0.00880008150765748 -0.734549880869848
1636512760.92876 7.84859575676531 9.43626684582186 0.36565608584044 0.628633785224855 0.0152786151598361 0.0100506595837398 -0.777486406462904
1636512761.4302 8.61092697711346 9.14790520881659 0.382743053179239 0.580411877912941 0.0168286237550416 0.00849354051918626 -0.814104851459278
1636512761.92933 9.37556889561655 8.76727026710076 0.391648838026283 0.54043149712999 0.0173254217953313 0.00688148821314337 -0.84118147375547
1636512762.42972 10.1187703821731 8.31601684343742 0.403824818031776 0.508808632913716 0.0210886591537348 0.00701367636526084 -0.860592732871604
1636512762.92979 10.8551605967185 7.8320747676932 0.42749865920216 0.486360570568901 0.021430199074137 0.00752709918408922 -0.873462926941612
1636512763.43007 11.5729726818701 7.29004979340472 0.450438191257019 0.467073057650151 0.0216056819238217 0.00915479266136383 -0.883907315897585
1636512763.9303 12.2802317217236 6.72339941995486 0.468518207476762 0.453122215268081 0.0225620384386588 0.0114353633141926 -0.891089470770422
1636512764.43056 12.9791518938845 6.14756934432762 0.48014107121211 0.438829468925887 0.0208953102169658 0.0112276103759658 -0.898257214821237
1636512764.93083 13.6507177135269 5.52697481464936 0.487284227107987 0.424543098391972 0.0227343005596895 0.0114698223468852 -0.90504958558144
1636512765.43108 14.3134411347664 4.88315425191539 0.502274147563607 0.410110378419945 0.0248566953231457 0.0115132088973244 -0.911624411822516
1636512765.93133 14.9722309872895 4.21502088658702 0.512024738134723 0.396029954213087 0.024704432996265 0.0115053370332675 -0.917833096797051
1636512766.43159 15.6121891715074 3.53160996258542 0.534395562232545 0.38237583436804 0.0249119696540481 0.0128404629739562 -0.923581743848326
1636512766.93185 16.21630620646 2.83938328527224 0.53644380111568 0.368949823669198 0.0269871890148953 0.0134322218852202 -0.928960329970429
1636512767.43324 16.8137847267749 2.11707467028338 0.544432517527859 0.357118253606186 0.0273105772211595 0.0125661834142902 -0.93357526549685
1636512767.93237 17.3974816873707 1.38297297082976 0.552295596279675 0.346593472663959 0.0260894143082195 0.0120627989521768 -0.93757495489653
1636512768.43263 17.9547295745677 0.635077790965971 0.560753776410763 0.338083699298974 0.0282415418773592 0.0120540345698006 -0.940614973212366
1636512768.93289 18.5116679192027 -0.114900369222276 0.579340362763329 0.329702169309005 0.0270655446232055 0.012621983778227 -0.94361253773606
1636512769.43315 19.0404377746188 -0.893986585326737 0.587138311266606 0.322924115216096 0.0273287756087933 0.0133733312638408 -0.945935678493275
1636512769.9334 19.5779069534345 -1.67283705830614 0.586739198546564 0.31867658631693 0.0250502853537254 0.0144790470056792 -0.947421803493509
1636512770.43366 20.0995292007321 -2.4603439968067 0.595879823660319 0.320459484644112 0.0257410036022591 0.0152333177320812 -0.946789873977353
1636512770.93394 20.6308836587966 -3.23340676079062 0.598353417216932 0.329085842203138 0.0253602077948503 0.0151237067255313 -0.943838249816638
1636512771.43418 21.1742276036867 -3.99600507136533 0.596835591601644 0.348174909790075 0.0257271188955815 0.0120771475075844 -0.936998660646901
1636512771.93444 21.7533337420338 -4.71517277290153 0.604423513079735 0.383437379654999 0.0262154617120859 0.0108678536049676 -0.923130768205974
1636512772.43469 22.3932947664492 -5.36197850416675 0.617961495067814 0.422666016419976 0.0265574650806933 0.00980580446511395 -0.905843245716911
1636512772.93496 23.0796882563436 -5.96368786310932 0.639677840963158 0.468995919050963 0.0270404573011478 0.0111005445008039 -0.882716500069118
1636512773.43521 23.8146071877909 -6.43519961985027 0.656049981640266 0.526568148994208 0.0238215818419523 0.010008714025632 -0.849740161665267
1636512773.93546 24.5905138546307 -6.78907052714793 0.686561820297808 0.591875603518436 0.022414715806818 0.0105980218933374 -0.805647896048227
1636512774.43572 25.3786996952328 -6.97813476276023 0.714756589880038 0.657983103141198 0.0206002413102018 0.0108648517897807 -0.752672452687241
1636512774.93598 26.1582471047568 -7.0174353864548 0.729596459665577 0.718412707990082 0.0183831870265047 0.00897374962289975 -0.69531626706903
1636512775.43841 26.9439956732687 -6.94064796792405 0.758109932721497 0.771404859231934 0.0172211326863331 0.00895885734222841 -0.636048515930571
1636512775.93651 27.7077140398311 -6.74864644595997 0.778229011545465 0.819836039394037 0.0149978572454861 0.00899361514327796 -0.572331239471862
1636512776.43676 28.4221747148647 -6.43940700672489 0.800243164927198 0.862516092574969 0.0141767179890355 0.00634586756763286 -0.505791202652913
1636512776.93702 29.0904259781497 -6.0325417295139 0.82549141898989 0.899478787301869 0.0126450870898611 0.00583218046476796 -0.436742485496288
1636512777.43728 29.675809409154 -5.52148246983776 0.849061132732732 0.930591546918874 0.0101389788389382 0.00537260769919129 -0.365879363995498
1636512777.93753 30.1859841658655 -4.91226781758602 0.868668717348138 0.956501088247364 0.00592212377394849 0.00454653514355863 -0.291633203956277
1636512778.43779 30.5928256588851 -4.24588582437535 0.894164604749042 0.977054671291945 0.00229912239918398 0.00363552909238461 -0.212945218943749
1636512778.93806 30.8886857803171 -3.5225063068692 0.911763961158849 0.991150109493746 -4.9166267255019e-05 0.00444473842860555 -0.132671407369917
1636512779.4383 31.0577602747762 -2.77457000371915 0.910448558797055 0.998640793324826 -0.00105895039741011 0.00490620045234695 -0.0518784514874897
1636512779.93856 31.0936586248777 -2.00451690502291 0.918329659955555 0.999558055585798 -0.00143664121032823 0.00303401981616295 0.029536829540887
1636512780.43883 31.0087809393636 -1.24267198847956 0.921502385054246 0.993836511966755 -0.00281353755412004 -0.000564597048634974 0.110818557644275
1636512780.93911 30.8064970844164 -0.507581511932155 0.93030927499999 0.980938683131781 -0.00635305487890017 0.000885820659729078 0.194211621565629
1636512781.43934 30.4727968466427 0.184200779785403 0.933902992149565 0.959892571115226 -0.0103121338977456 -0.00286664245249558 0.28016369174703
1636512781.9396 30.0282372314745 0.796518770968149 0.929713337253453 0.930194386533196 -0.0136994223836947 -0.00506084070277933 0.366776658172062
1636512782.43986 29.4712328515294 1.32999876388341 0.923888271872188 0.892438706771885 -0.0173840660114281 -0.00783303514827474 0.450765562642713
1636512782.94053 28.8130374580738 1.74197894434784 0.907203027827519 0.848492662193674 -0.020387034805276 -0.0114010076168043 0.528691392062195
1636512783.44053 28.0822480019351 2.04187481546589 0.874466030261545 0.798706326696111 -0.0230589102648927 -0.0117866602600621 0.601163509365726
1636512783.94063 27.3143254123751 2.21505145506224 0.849130408277204 0.742915181229819 -0.0237598633656472 -0.0127428660636367 0.668842374372015
1636512784.44089 26.5525154154469 2.26872357009542 0.821807911272601 0.685050720771812 -0.0250561109991291 -0.00849122672793277 0.728014835247384
1636512784.94115 25.7725705200819 2.18797097807462 0.783062945943818 0.629203971383223 -0.0225273219608961 -0.0104398097563237 0.776843544436782
1636512785.4414 24.986021168181 2.00500658760491 0.761751479205676 0.578618920786153 -0.0231470584914549 -0.011293443498814 0.81519127591345
1636512786.04171 24.067291128149 1.65798497575051 0.740135355348409 0.523975175007985 -0.024261197192277 -0.0115171328681258 0.851310029270563
1636512786.54198 23.3076457804947 1.27398262606803 0.698313406450584 0.488859368276978 -0.021477165197974 -0.0103804484755075 0.872036407331908
1636512787.04223 22.5643561122261 0.841262252173393 0.675392580318825 0.458367952924253 -0.0239343914515873 -0.00846384706879055 0.888399869389155
1636512787.64254 21.6835534805468 0.233168306978992 0.659479123375827 0.419973280219314 -0.0262130699132251 -0.0105540551178602 0.907096428605098
1636512788.24285 20.8774331245477 -0.452963770771437 0.643877901604142 0.384092565458118 -0.0270991091719107 -0.0129389551666128 0.922806113374357
1636512788.7431 20.2275190692127 -1.05916381614431 0.616672801830275 0.361395399833951 -0.0282147456939646 -0.0141424034965394 0.931878364126791
1636512789.34341 19.457990409761 -1.85153086715655 0.585846240884929 0.341379057686271 -0.029372184262548 -0.015717960673016 0.939335168870602
1636512789.84386 18.847481802367 -2.5662304898627 0.555344391820745 0.329620766435132 -0.0276462148216659 -0.0179941040260918 0.943536988867447
1636512790.44416 18.1145239217137 -3.41421889799777 0.521619169597579 0.328707275248984 -0.0282441651453518 -0.0154131797053458 0.943883588280357
1636512791.04446 17.3509364874623 -4.26387627004985 0.476892463776174 0.337838395605089 -0.0260217390707281 -0.0131380412270231 0.940752613296094
1636512791.54472 16.6859799324035 -4.94991899776512 0.45168276486772 0.351830325383015 -0.0273410999989124 -0.0131305951662821 0.935572270785272
1636512792.14503 15.8677373378636 -5.76333463621567 0.420883851012747 0.373519769140303 -0.0275181338595772 -0.014838536875015 0.92709522282971
1636512792.64531 15.1658498925679 -6.38550773333899 0.401614030539899 0.392535295905272 -0.0276344871650828 -0.0141662671366073 0.919212539874809
1636512793.14556 14.4281255556321 -6.98353911209906 0.361430895033923 0.413111995333243 -0.0269858116311046 -0.0139527138022938 0.910173371979179
1636512793.64581 13.673922928614 -7.53424965731039 0.333921604493879 0.439004036127973 -0.0260876611537035 -0.0138659289197907 0.897999235085459
1636512794.24611 12.7410371323168 -8.15397951476559 0.306849461856037 0.472404971232239 -0.0246201401229853 -0.0144287921861061 0.880919520621176
1636512794.74638 11.9298331516005 -8.57714878168265 0.275538137970623 0.503878082871229 -0.023555961739449 -0.0130838492434556 0.863354392562822
1636512795.24816 11.0975103625348 -8.95660993935535 0.251821871080869 0.537332916245281 -0.0223340226086787 -0.0132329964037453 0.842970590447635
1636512795.74689 10.2382924856714 -9.24812426675246 0.219649952484682 0.575201952131123 -0.0219844962632336 -0.0131517537011469 0.817610192917861
1636512796.24715 9.35542081210318 -9.44856372507615 0.197533339778527 0.612735953339044 -0.023860298544944 -0.0103752462284109 0.789859286141993
1636512796.74741 8.45075823804886 -9.59394194986262 0.165059562285568 0.649343182699127 -0.0247408553201136 -0.0121037504862644 0.759996592350494
1636512797.24767 7.5442757585768 -9.65506851266468 0.148218563721068 0.68958869346452 -0.0242725546807359 -0.0131295492507778 0.723675266864661
1636512797.74794 6.61026714308999 -9.59904815062028 0.115523277258263 0.729821488793847 -0.0242350599098602 -0.0201938043065226 0.682909559629625
1636512798.24819 5.70595164735388 -9.42092394473907 0.0907133997542416 0.767444648697189 -0.0231316716820083 -0.0154497029205085 0.640511470335163
1636512798.74844 4.84180210841437 -9.15454230477638 0.041094255500796 0.801936150458261 -0.0195163589238335 -0.0124349091541662 0.596961385147205
1636512799.24871 4.01255732130561 -8.81940397381505 0.0198103779165735 0.834202686386238 -0.0135793566086107 -0.0120854769485725 0.551158253450862
1636512799.74896 3.23197329068236 -8.3695837576492 -0.000370972547874215 0.862843323583642 -0.00978716343293779 -0.0121428564437859 0.505230800146286
1636512800.34985 2.39772993693979 -7.75677350808228 -0.00908512162787467 0.895913740616238 -0.0107354774670624 -0.0137606226499508 0.443885079905668
1636512800.84953 1.79462816614886 -7.15912003995263 -0.0111483039841979 0.922826739026633 -0.00978009317808121 -0.0122419717249516 0.384896471331168
1636512801.44984 1.18688130134411 -6.34070566057516 -0.020021600862732 0.948474683839503 -0.00953354345141437 -0.00977706876560537 0.316558516851414
1636512801.9501 0.769881970343962 -5.60936308680275 -0.0246821963462358 0.964673663612466 -0.00869390026915878 -0.00826447309409258 0.263174537740812
1636512802.55041 0.355624305872195 -4.68850414876484 -0.0257388169054261 0.979963711264565 -0.00757825068772556 -0.00792759141607648 0.198873950067456
1636512803.15089 0.0889681550443368 -3.69882139017137 -0.0263415129248509 0.990612575669864 -0.00640726909382658 -0.00527295148269907 0.13644730781565
1636512803.65115 -0.0650866333394285 -2.8532102874899 -0.0248588248837909 0.995775247117395 -0.00462312628187683 -0.00368197570022591 0.0916336564075386
1636512804.1514 -0.158141437241086 -1.97442888325058 -0.00590236632105023 0.998452701605473 -0.00523788650374215 -0.00327221187397271 0.0552635488469363
1636512804.75171 -0.166826525370157 -0.899442055293094 0.000913989120878478 0.999767818426535 -0.00392781892365268 -0.000789352972915107 0.0211721137119906
1636512805.25196 -0.129277496965994 -0.00375670108691595 0.0052924100985321 0.999994165947222 -0.00206061948456246 -0.000223730081325619 0.00271511762384975
1636512805.85232 -0.0554004562903913 1.09488168499882 0.0108197374084384 0.999981710359001 -0.00187710106072818 0.00141321365384933 -0.00557299437138434
1636512806.35254 -0.0162390012414661 1.88576459796349 0.0269191854546462 0.999973643760975 -0.00315627039596202 -0.00146784447238205 -0.00637143415500159
1636512806.95285 0.0112320018149467 2.50401735031371 0.0441830662558971 0.999962541890625 -0.00489638409386965 0.000805322827474231 -0.00709166366856075
1636512807.45311 0.0165084860531262 2.55969683156548 0.0397046327505433 0.999971908597009 -0.00276090361697068 0.000581275205621987 -0.00694417361597922
1636512808.05342 0.0201979965522289 2.56911115676798 0.0386491849969481 0.999971508802214 -0.00269980343320857 0.000232796398996338 -0.00704545605927644
1636512808.55368 0.023900797942851 2.57009501801136 0.0392725696247009 0.999971182470804 -0.00282602442563039 0.000313183092915065 -0.00703915692657453
