1636512749.9229 -1.38777878078145e-17 -6.93889390390723e-18 0 1 0 0 0
1636512750.42316 0.00368326105594143 0.00206234341863489 -0.000534475001359225 0.999999599645763 0.00061314683208813 0.000480345846343691 -0.000440485123578524
1636512750.92342 -0.0144607352506615 0.0056676450843776 0.095347013436633 0.999987090805288 0.000803389778526327 0.00486652352763817 -0.00122054758010747
1636512751.42368 0.00305497617378865 0.0107035272404249 0.288566160062801 0.999914143232639 0.00116154984403475 0.0128794328546012 -0.00211593351517172
1636512751.92393 0.03463600305667 0.0229745059209473 0.612988884672866 0.99969414322593 0.001198313939804 0.0245664325893001 -0.00258349246403419
1636512752.42463 0.0967517911313833 0.0361782094332179 1.03256570870689 0.999280472309053 0.00163490846187476 0.0377843396059188 -0.00286503344869902
1636512752.92445 0.202149847639356 0.0562712218502281 1.56992263447083 0.998680415438729 0.00136330599921109 0.0512928450125444 -0.00214785157770156
1636512753.42471 0.28806157471692 0.0680713641514846 2.18670065715749 0.997939102409544 0.000793161700425749 0.0640289535114206 -0.00414872134299663
1636512753.92515 0.450291765669251 0.0958239794292209 2.86086079620502 0.996872158093194 0.0011029034764521 0.0790098711922028 -0.00145748987363309
1636512754.4254 0.614052451234127 0.114415041541723 3.58523983154267 0.995470029351705 0.00231696908107799 0.0949729435124806 -0.00376726921881512
1636512754.92566 0.812154960409147 0.139808731349381 4.3814362216946 0.993500093156622 0.00193320405207018 0.113624020120067 -0.00658860164459929
1636512755.42592 1.09069298978688 0.16230462111652 5.1961808974434 0.9899452872632 0.0028203812130828 0.141310932280544 -0.00562086231786318
1636512755.92618 1.44463531875431 0.178109302710618 6.01065239865434 0.983279427736623 0.00242864017039055 0.181942706605609 -0.00724708285365999
1636512756.42643 1.87597513772482 0.199959992860351 6.79550522636509 0.972868891035575 0.00242702461618612 0.231094308606993 -0.0107541125240483
1636512756.92669 2.40708433418647 0.214034367720884 7.47797386297608 0.957490908767045 0.00272374024501542 0.288179135450164 -0.0125110654515322
1636512757.42694 3.00913185803848 0.227046825987085 8.08170769414896 0.937297441018015 0.00408500451802025 0.348152627165701 -0.01570248377766
1636512757.9272 3.68401670505232 0.226581476591458 8.55711233206461 0.910757955223832 0.00700164346392943 0.412577873783183 -0.015824729061061
1636512758.42746 4.405460327832 0.22575422783353 8.94346208060702 0.876196072672964 0.00711064980980839 0.481392558549818 -0.0221604482043106
1636512758.92773 5.1834718393196 0.219849893863988 9.17997170627909 0.833429108481554 0.00674323445744639 0.552109641660554 -0.0229214639617165
1636512759.42798 5.9843078575006 0.209980335897876 9.25568455435702 0.782535942004421 0.00839972926373866 0.622140095331492 -0.0225531771702385
1636512759.92824 6.78999880283306 0.190941297564936 9.22134617693457 0.729971909893655 0.00758201420401231 0.682960449860987 -0.0254666007252172
1636512760.42849 7.600296987943 0.17497524318296 9.05945490278652 0.678296669549983 0.00862994283277422 0.73424838898169 -0.0268040191369981
1636512760.92876 8.41595809771743 0.149848393692033 8.8084539317077 0.628633785224854 0.00690950506778667 0.777176674685762 -0.0277171271594145
1636512761.4302 9.16846368323906 0.121108070630544 8.45195527841708 0.580411877912941 0.00814074291200896 0.813691359758447 -0.0310185643907413
1636512761.92933 9.9230812188575 0.0977970804711907 8.02635362646719 0.54043149712999 0.00841957244314472 0.840660898938242 -0.0339434928382376
1636512762.42972 10.6554696982781 0.0671795573096323 7.54275617023341 0.508808632913716 0.0119757572299306 0.860099512542128 -0.0346292482742485
1636512762.92979 11.3922364304451 0.0279774598138257 7.0481501535058 0.486360570568901 0.0121656969096713 0.872982608260945 -0.034738406533864
1636512763.43007 12.1150166449953 -0.0116661207484196 6.49968806831818 0.467073057650151 0.0121728849688365 0.883495410865178 -0.0336219968033541
1636512763.9303 12.8310981761687 -0.047222163326633 5.93368927102945 0.453122215268081 0.012969400538091 0.890791456760719 -0.0316643844460324
1636512764.43056 13.5402231970673 -0.0779872462515458 5.36462711348625 0.438829468925887 0.0112381276436496 0.897919811178012 -0.0322864427172092
1636512764.93083 14.2174366649456 -0.109096476948593 4.74637884102189 0.424543098391972 0.0129969354032512 0.904737642025263 -0.0323115518109974
1636512765.43108 14.8852913663642 -0.149663563341531 4.10561039817943 0.410110378419945 0.0150486117476856 0.911331915899938 -0.0325139333035198
1636512765.93133 15.5537920940119 -0.184441891261535 3.44333518470216 0.396029954213087 0.0148330239076021 0.917530504981599 -0.032833354929844
1636512766.43159 16.2046207998237 -0.231119135526701 2.76420147905865 0.38237583436804 0.0149314002424222 0.923339610399177 -0.0317763818903681
1636512766.93185 16.8155517674744 -0.260688484486186 2.07473397639054 0.368949823669199 0.016927683942407 0.928765384365808 -0.0313742240485094
1636512767.43324 17.4244362493271 -0.298494401928465 1.36195231991231 0.357118253606186 0.0172358810367383 0.933336064186557 -0.0324541004327997
1636512767.93237 18.0243518398971 -0.335315781642952 0.639437975114079 0.346593472663959 0.0159934284437129 0.937291322242467 -0.0331986777194488
1636512768.43263 18.5949130058584 -0.375188365128024 -0.0982625336612102 0.338083699298974 0.0181130543304147 0.940353080315027 -0.0332778285527292
1636512768.93289 19.1717868587231 -0.422246407231433 -0.835899209380248 0.329702169309005 0.0168859065412939 0.943360376764128 -0.0329020556296536
1636512769.43315 19.7208933509573 -0.460903662591652 -1.60337589564945 0.322924115216096 0.0170969581308466 0.945720467300304 -0.0322568994769702
1636512769.9334 20.2866137955676 -0.489086699294326 -2.36654005886283 0.31867658631693 0.0147635285596901 0.94723118582798 -0.0313105757336889
1636512770.43366 20.8389916738313 -0.529664530874053 -3.13259318230191 0.320459484644113 0.0154319708266036 0.946645263615694 -0.0305011123077658
1636512770.93394 21.410507379531 -0.563222418813102 -3.87358416218885 0.329085842203138 0.0150858661114022 0.94368742100361 -0.0304791165336979
1636512771.43418 22.0027017905442 -0.596654986151758 -4.58555601951131 0.348174909790075 0.0156367848660412 0.936712079056032 -0.0331693247180621
1636512771.93444 22.6478858039029 -0.633490988810635 -5.23289768070307 0.383437379654999 0.0163123996491046 0.922808582628774 -0.0336749361939869
1636512772.43469 23.3524100058594 -0.671399507431791 -5.79608513055537 0.422666016419975 0.0168713761204071 0.905495216119743 -0.0338704711471952
1636512772.93496 24.1056926461183 -0.711206749311869 -6.30038677156227 0.468995919050963 0.0175429319480445 0.882466889069837 -0.031420743906114
1636512773.43521 24.9072347793525 -0.737776941393087 -6.6389538123027 0.526568148994207 0.0147058825356106 0.849440083996192 -0.031004276869558
1636512773.93546 25.734652748441 -0.770665202299151 -6.83733374730684 0.591875603518436 0.0137306394760916 0.805415494404336 -0.028295244700906
1636512774.43572 26.5484466868294 -0.792397573856529 -6.85596680474427 0.657983103141198 0.012451359845748 0.752498302393908 -0.0254853784150285
1636512774.93598 27.3216442021089 -0.795125097230441 -6.72404100994241 0.718412707990082 0.0108955740580814 0.695095614040557 -0.0246283333963691
1636512775.43841 28.0769331858484 -0.805185268038069 -6.48865887235289 0.771404859231934 0.0103433647281708 0.635888213635439 -0.021765516740708
1636512775.93651 28.7865955681173 -0.800113017974427 -6.14325644399371 0.819836039394037 0.00877455183300926 0.572226522857226 -0.0186730364311079
1636512776.43676 29.4184018219597 -0.796126813814099 -5.69289093030952 0.862516092574969 0.00873623630474519 0.505631532317263 -0.0180671456221231
1636512776.93702 29.9885295824072 -0.788774911978355 -5.16073529435479 0.899478787301869 0.00793381170337709 0.436626724032974 -0.0152338335965658
1636512777.43728 30.4592596471169 -0.774531653383914 -4.54118232753723 0.930591546918874 0.00617424397605197 0.365800672980136 -0.0122930533936828
1636512777.93753 30.8371989534704 -0.750177479563332 -3.8382607900647 0.956501088247364 0.00275367065764294 0.291557279297911 -0.00961448739756156
1636512778.43779 31.0947868755971 -0.731651584989146 -3.09970287466014 0.977054671291945 -2.47191262838935e-05 0.212880721555056 -0.00677990307842647
1636512778.93806 31.2344946020489 -0.706553289052881 -2.33234180171496 0.991150109493746 -0.00157748828527729 0.132719812266275 -0.00210319120611166
1636512779.4383 31.2426093854738 -0.666484827248858 -1.56992057263434 0.998640793324826 -0.00177441209110316 0.0520396093143598 0.0023013977714337
1636512779.93856 31.1122402189706 -0.638063984964778 -0.813013782002263 0.999558055585798 -0.00124595181942009 -0.0293685122414066 0.00443075685741536
1636512780.43883 30.8617429212056 -0.605127172089441 -0.089801875793446 0.993836511966755 -0.00165267152150506 -0.110739687733885 0.00479350802616042
1636512780.93911 30.5067499800669 -0.579344354370497 0.584732914388759 0.980938683131781 -0.00438775944980572 -0.193998968273839 0.0102199712026592
1636512781.43934 30.0173695930935 -0.550322417221003 1.18373175000126 0.959892571115226 -0.00732101120862156 -0.280073304191599 0.0105640424025885
1636512781.9396 29.4359430599809 -0.521344762787177 1.67369529300036 0.930194386533196 -0.00973446544617196 -0.366724646023858 0.0125170860540638
1636512782.43986 28.7642179504322 -0.495775983246012 2.060959800768 0.892438706771885 -0.0124503458700182 -0.450787089259677 0.0137529524041356
1636512782.94053 28.0208682936822 -0.467066540894325 2.30980098221738 0.848492662193674 -0.0145175093104537 -0.528824783737339 0.013920927845112
1636512783.44053 27.2397275878754 -0.432619769382573 2.43931640572259 0.798706326696111 -0.0164289699677734 -0.60125618346706 0.0170086590896614
1636512783.94063 26.453086199065 -0.414703233429097 2.43379509695531 0.742915181229819 -0.0163988359655961 -0.668904454326155 0.0193634361585477
1636512784.44089 25.7068619382852 -0.405974848128901 2.32618997983736 0.685050720771812 -0.0172458678968975 -0.727809839128649 0.0264750463273395
1636512784.94115 24.9627951834744 -0.388282670577344 2.08753218815843 0.629203971383223 -0.0141447748561053 -0.776641286789951 0.0270296021631789
1636512785.4414 24.2223597521168 -0.389591052347946 1.77485170499381 0.578618920786153 -0.0143384239706631 -0.814989610997502 0.0280443946706748
1636512786.04171 23.3697841771904 -0.400621324790231 1.29795146377551 0.523975175007985 -0.015072571084527 -0.851086980484286 0.0295598583622038
1636512786.54198 22.6704928155129 -0.394139174356187 0.828260380212455 0.488859368276978 -0.0121204331943002 -0.871697883425037 0.0318184408688998
1636512787.04223 21.9784949161204 -0.405141259231573 0.328558354875202 0.458367952924253 -0.0144795917204879 -0.887976665598532 0.0344470972383949
1636512787.64254 21.1655335239399 -0.428363626305266 -0.365408169734679 0.419973280219314 -0.0164863592617418 -0.906779206903841 0.0331980991468495
1636512788.24285 20.4321037518174 -0.454913301508168 -1.12817849374803 0.384092565458118 -0.017121165081629 -0.92259622050755 0.0315591630312356
1636512788.7431 19.8350869503134 -0.464538942816996 -1.78536750657622 0.361395399833951 -0.018097768674176 -0.931729262535477 0.0307638925198122
1636512789.34341 19.1220957708502 -0.48024759690085 -2.62924631154837 0.341379057686271 -0.0191187931873999 -0.939267593512998 0.0295160718353985
1636512789.84386 18.5581425632118 -0.490294839548721 -3.38346158079899 0.329620766435132 -0.0172657654953643 -0.943554433876629 0.0275149775273287
1636512790.44416 17.8588151396259 -0.510725523547887 -4.25420861757175 0.328707275248984 -0.0179563448560046 -0.943781716252443 0.0300860257494255
1636512791.04446 17.1187230438024 -0.52083694894337 -5.12067576151761 0.337838395605089 -0.0158529236449694 -0.940516672150151 0.0322845578333034
1636512791.54472 16.4564598128181 -0.535487988434635 -5.81625714045025 0.351830325383015 -0.0172247472649253 -0.935358485031894 0.0319880399740529
1636512792.14503 15.6359288514708 -0.549928442114584 -6.63957008979066 0.373519769140303 -0.0174247178394886 -0.926977775682859 0.0298590800201171
1636512792.64531 14.9307509198781 -0.568980065714253 -7.26419426403228 0.392535295905272 -0.0176470747349247 -0.919073643766645 0.0301373448625087
1636512793.14556 14.1882700871548 -0.565985059409227 -7.86520834902886 0.413111995333243 -0.0170996756814507 -0.910027656376791 0.0299289998620109
1636512793.64581 13.4218527175048 -0.573013792064352 -8.41078843493537 0.439004036127973 -0.0163304250995733 -0.897853851591378 0.0294488482277999
1636512794.24611 12.4720258576599 -0.584744383097065 -9.0201522940774 0.472404971232239 -0.0150182664463231 -0.880805546035811 0.0280995533873893
1636512794.74638 11.6422604078093 -0.583802282965165 -9.42443640526735 0.503878082871229 -0.0141855635615405 -0.863184100992317 0.0286156457648972
1636512795.24816 10.7894818555926 -0.58623168781691 -9.78135366237772 0.537332916245281 -0.0131682104805422 -0.842818650717934 0.0275074054407615
1636512795.74689 9.90461714575333 -0.575226670171912 -10.0383946956795 0.575201952131122 -0.0130823260149764 -0.817482204710603 0.0263516980871319
1636512796.24715 8.99782664821252 -0.571292122738565 -10.1933154666915 0.612735953339044 -0.0153455511895734 -0.789653491982965 0.0276862446621181
1636512796.74741 8.0704466742748 -0.54910241636443 -10.2992804695202 0.649343182699127 -0.0164672779968835 -0.759923756717101 0.0244569788508353
1636512797.24767 7.14602521111015 -0.540126862594739 -10.3069438250356 0.68958869346452 -0.0163337767578311 -0.723692932505471 0.0216605868884795
1636512797.74794 6.19018183548358 -0.50183128045129 -10.2005197141353 0.729821488793847 -0.0164502815477667 -0.683323616622267 0.0126022893950675
1636512798.24819 5.28716097916855 -0.481104796066106 -9.95554797053175 0.767444648697189 -0.0159605954904109 -0.640734127360852 0.015288839484001
1636512798.74844 4.43216191223713 -0.43201199553146 -9.63131843186463 0.801936150458261 -0.0129079539060703 -0.597048226955625 0.0162852695184569
1636512799.24871 3.61847502876582 -0.408073258125265 -9.24424779017465 0.834202686386238 -0.00745870235071493 -0.551214297551999 0.0145960254686958
1636512799.74896 2.85424492202383 -0.376393204404523 -8.74456768374446 0.862843323583642 -0.00413868673464005 -0.505302014611077 0.0124154842528998
1636512800.34985 2.04424072953927 -0.33981791111621 -8.05851551293214 0.895913740616237 -0.00565545411598786 -0.444124569808709 0.00774284870007521
1636512800.84953 1.48202484350919 -0.314102547788436 -7.39324566070333 0.922826739026633 -0.00536319891170226 -0.385124981247527 0.00638706928070079
1636512801.44984 0.928814298920004 -0.27004704952273 -6.50537334960617 0.948474683839503 -0.00591064988432803 -0.316750233580039 0.00548888517733412
1636512801.9501 0.557833494589605 -0.233681110292901 -5.72952811410029 0.964673663612466 -0.0056762876456488 -0.263349865255358 0.00439897272688619
1636512802.55041 0.201487423231175 -0.191211541093867 -4.76484430027887 0.979963711264565 -0.00523416880273057 -0.199100836266429 0.00160781825230256
1636512803.15089 -0.00257008742480888 -0.145714920254038 -3.7397170018347 0.990612575669864 -0.00480430685516683 -0.136609459330972 0.00122441073956691
1636512803.65115 -0.114425425520381 -0.109541616789404 -2.87737431305162 0.995775247117395 -0.00354111347493636 -0.0917533050056502 0.000669898639973991
1636512804.1514 -0.181236053835229 -0.0844253764206414 -1.98468274260557 0.998452701605473 -0.00454410922749884 -0.0554167123618179 -0.000736015671075008
1636512804.75171 -0.169633537625636 -0.0405242905295508 -0.901954010043694 0.999767818426535 -0.00367795995901221 -0.0212313360673619 0.000110534976153373
1636512805.25196 -0.134062845160342 -0.00348824034737628 -0.00503299267342994 0.999994165947222 -0.00202281673438966 -0.00274752280092104 -0.000165536818503063
1636512805.85232 -0.0844997490775983 0.0452725957447655 1.09605229885594 0.999981710359001 -0.00198581032455312 0.00561228531863537 0.00106665755714881
1636512806.35254 -0.0792222617530434 0.0709245798325262 1.8900162244484 0.999973643760975 -0.00316433573949814 0.00625347391496812 -0.00189547532867024
1636512806.95285 -0.069260741189206 0.0870149706926194 2.51248252810101 0.999962541890626 -0.00499564543333286 0.00706282069034359 0.00027369004295076
1636512807.45311 -0.0666337793432071 0.0905495472750727 2.56402209334981 0.999971908597009 -0.00285187194234025 0.00693039061882881 0.000136121822926101
1636512808.05342 -0.0638186942396427 0.0920460048529559 2.57338562842035 0.999971508802214 -0.00277880940160895 0.00701525628309903 -0.000214432778545793
1636512808.55368 -0.0600123692280929 0.0917272484315145 2.57477385245824 0.999971182470805 -0.00290788049309724 0.00701136679099249 -0.000138544941884677
