1636512749.9229 2.77555756156289e-17 0 0 1 0 0 0
1636512750.42316 0.00375706719496532 0.00215500846818387 -0.000335790625246135 0.999999599645763 0.0006116005094971 0.00048193405838852 -0.000440899868497822
1636512750.92342 -0.0147122213145692 0.00578399913956229 0.0955982687545197 0.999987090805288 0.000788462709475207 0.00486821096132145 -0.00122354867841019
1636512751.42368 0.00204420362177352 0.0110299521037888 0.288916520363164 0.999914143232639 0.00112229478000887 0.0128816411074583 -0.00212366196518932
1636512751.92393 0.0322350613805254 0.0235877979418873 0.613348854922046 0.99969414322593 0.00112376295550427 0.0245684250668172 -0.00259800814677414
1636512752.42463 0.0927162800517237 0.0372805899504945 1.03310468108805 0.999280472309053 0.00152049075575404 0.0377874210809665 -0.00288731323338408
1636512752.92445 0.196109684466174 0.0579638149403041 1.57045799665267 0.998680415438729 0.00120836983390934 0.0512954616216466 -0.00217790690684637
1636512753.42471 0.281052488469799 0.0703114265294388 2.18713081839036 0.997939102409545 0.000599435311212882 0.0640286314919361 -0.00418603733978141
1636512753.92515 0.44045236719729 0.0989699001076496 2.86163516252962 0.996872158093194 0.000864657200842686 0.0790119742746495 -0.00150356501879625
1636512754.4254 0.602972154893045 0.118655325950476 3.58661339772894 0.995470029351705 0.00203013911077777 0.0949772859092392 -0.00382287313679904
1636512754.92566 0.799598838797306 0.145086156889499 4.38296547085833 0.993500093156622 0.00158959062494323 0.113625480825804 -0.00665493850712036
1636512755.42592 1.07430372797687 0.169012872664303 5.1987818286757 0.9899452872632 0.00239360425641621 0.14131549620624 -0.0057034564982906
1636512755.92618 1.42358202097558 0.18634798580984 6.01451914663008 0.983279427736623 0.00187915336852007 0.181944955499912 -0.00735315855210625
1636512756.42643 1.84988526504451 0.210062663079254 6.80147937973114 0.972868891035575 0.00172875618687501 0.23109428489716 -0.0108886980455906
1636512756.92669 2.37466261185096 0.226282426564397 7.48739313802419 0.957490908767045 0.00185318544088234 0.288178716465418 -0.0126788291464408
1636512757.42694 2.97097563517566 0.241821802550191 8.09579073583345 0.937297441018015 0.00303314380108418 0.348154171798506 -0.0159053374393024
1636512757.9272 3.63950652375845 0.244131783075027 8.57802742821744 0.910757955223832 0.00575574071281561 0.412587826902028 -0.0160656010660399
1636512758.42746 4.35644272429681 0.24613852155546 8.97099566571437 0.876196072672964 0.00565613067597297 0.481398837011438 -0.0224412598194657
1636512758.92773 5.12909823125909 0.242881867077034 9.21626089798709 0.833429108481554 0.00507560106540485 0.552114039320976 -0.0232432139374707
1636512759.42798 5.92612969768675 0.235784314725946 9.3027220775678 0.782535942004421 0.00652128889732212 0.62214936551412 -0.0229159170174223
1636512759.92824 6.7303348942576 0.2194220064116 9.27747827865442 0.729971909893655 0.00551978899074855 0.682965279903064 -0.0258644377985729
1636512760.42849 7.54073990360241 0.206136845688828 9.12461529899199 0.678296669549983 0.0064129762729811 0.734255356649588 -0.0272318387941339
1636512760.92876 8.35692966153582 0.183365617319188 8.88114969919623 0.628633785224854 0.00456307646402766 0.777177729753011 -0.0281694654370669
1636512761.4302 9.11207935565417 0.157180815297746 8.53132611563442 0.580411877912941 0.00568362553709972 0.813694033330554 -0.0314923562246829
1636512761.92933 9.86923088392058 0.136264457329185 8.11052398278773 0.54043149712999 0.00588059662506584 0.84066258670993 -0.0344329899854744
1636512762.42972 10.6046022587071 0.107934256689413 7.63141622383204 0.508808632913716 0.00937807916135418 0.860111418850355 -0.035130810792647
1636512762.92979 11.3429407391116 0.0707186104516256 7.13949704532181 0.486360570568901 0.00952919944148204 0.872994962535532 -0.035247484186562
1636512763.43007 12.0669255255004 0.0328520196559914 6.59356364335731 0.467073057650151 0.00950497662432427 0.883508385679583 -0.0341371743201775
1636512763.9303 12.7839855447431 -0.00100687377474451 6.02976743200253 0.453122215268081 0.0102799496310773 0.890807932525349 -0.0321839714150185
1636512764.43056 13.4937884401394 -0.0299891925103275 5.46174616034896 0.438829468925887 0.00852708213675845 0.897930679071524 -0.0328097798622617
1636512764.93083 14.1726732348114 -0.0593077055196198 4.84517917032721 0.424543098391972 0.0102653460176974 0.904753759297825 -0.0328392343901845
1636512765.43108 14.8423992318228 -0.0981027132801908 4.20603150993562 0.410110378419945 0.0122971112704956 0.911354062524788 -0.033045896662306
1636512765.93133 15.5120824811405 -0.131225409441108 3.54493310524831 0.396029954213087 0.0120627883929812 0.917551787798087 -0.0333688658887427
1636512766.43159 16.1640386677804 -0.176436648823493 2.86736695309578 0.382375834368041 0.0121439044380137 0.92336177593719 -0.0323152845332314
1636512766.93185 16.7767375789832 -0.204519695410497 2.17942520346555 0.368949823669198 0.0141239291994286 0.928793769027075 -0.0319167174834235
1636512767.43324 17.3869457653072 -0.24078276706262 1.46730338040383 0.357118253606186 0.0144181233490824 0.933364728268825 -0.0329993133871081
1636512767.93237 17.9875392631237 -0.276191214902186 0.74522531878276 0.346593472663959 0.0131636019757527 0.937315794130961 -0.0337459088247292
1636512768.43263 18.5595766330127 -0.314684887644118 0.00836389855326686 0.338083699298974 0.0152739809775232 0.940383874335024 -0.0338273064855793
1636512768.93289 19.1368402229224 -0.360521990180774 -0.728690349019788 0.329702169309005 0.0140378658161766 0.943387679749044 -0.033453005455085
1636512769.43315 19.6865772594508 -0.398033635067728 -1.49548404437738 0.322924115216097 0.0142419517578979 0.945748769352827 -0.0328092653017285
1636512769.9334 20.251805502148 -0.425143625390306 -2.25835841320967 0.31867658631693 0.0119041921985214 0.947253004045287 -0.0318632997140606
1636512770.43366 20.804074552905 -0.464564223591436 -3.02432459128841 0.320459484644112 0.0125745741829645 0.946669567438581 -0.0310536450581475
1636512770.93394 21.3745283755846 -0.496845212909934 -3.76616055597942 0.329085842203138 0.0122373827550153 0.943710709337914 -0.0310298566817495
1636512771.43418 21.9652354711168 -0.528601563585882 -4.48066938476022 0.348174909790075 0.012808710750223 0.936735496810013 -0.03371614061082
1636512771.93444 22.6072991383751 -0.56379249998747 -5.13145076737755 0.383437379655 0.0135260782026268 0.922833806508604 -0.0342138372095824
1636512772.43469 23.3085340747113 -0.599869044259504 -5.69872272513477 0.422666016419976 0.0141371442502508 0.905522091014046 -0.0343994535082566
1636512772.93496 24.0579325780222 -0.6379204018876 -6.20750488256474 0.468995919050963 0.0148785814082655 0.88249731701555 -0.0319365181129038
1636512773.43521 24.854650906567 -0.662521776702547 -6.55379608650566 0.526568148994208 0.0121410893313429 0.84946236633419 -0.0315002634366751
1636512773.93546 25.6780167270967 -0.693423069534203 -6.76100507052377 0.591875603518436 0.0112990176667816 0.805436620361484 -0.0287654782703696
1636512774.43572 26.4890658391214 -0.713154586028341 -6.78981953390333 0.657983103141198 0.0101797110646564 0.752517456844162 -0.0259246332300894
1636512774.93598 27.2616834096503 -0.71379586199553 -6.66877781016984 0.718412707990082 0.00879697623036477 0.695110851422315 -0.0250339458037305
1636512775.43841 28.0178574011175 -0.721824282253698 -6.44307427385861 0.771404859231934 0.00842368979856828 0.635903729148714 -0.0221366632150621
1636512775.93651 28.7297011969311 -0.714896547179241 -6.10740633543049 0.819836039394037 0.00704726812007566 0.572239409681192 -0.0190069074408003
1636512776.43676 29.3661733847568 -0.708896600157542 -5.66618158434297 0.862516092574969 0.00720962177920745 0.505644968761754 -0.018362379174084
1636512776.93702 29.941528779989 -0.699860196699956 -5.14214536186144 0.899478787301869 0.00661561735237388 0.436639714109898 -0.0154888625480683
1636512777.43728 30.4184621325619 -0.684267664097733 -4.52999463032003 0.930591546918874 0.00506998210022183 0.365810405569482 -0.0125066087222122
1636512777.93753 30.8037397232274 -0.658968544062132 -3.83406557813119 0.956501088247364 0.00187358158034477 0.291558616671215 -0.00978421782455847
1636512778.43779 31.0700375928093 -0.639736497379125 -3.10116421738597 0.977054671291945 -0.000667254494965255 0.212875708866859 -0.00690337978533333
1636512778.93806 31.2187134956147 -0.614087384103064 -2.33749152328921 0.991150109493746 -0.00197759976952219 0.132713216784243 -0.00217982578776712
1636512779.4383 31.2362934826352 -0.57359349987301 -1.57680920218897 0.998640793324826 -0.0019306021098899 0.0520353580935004 0.00227160540963407
1636512779.93856 31.1163664462193 -0.544986634884242 -0.819801545785584 0.999558055585798 -0.00115653314908742 -0.0293695528291646 0.00444806825818461
1636512780.43883 30.8767644715846 -0.512350284298324 -0.0950265184969112 0.993836511966755 -0.00131814048987099 -0.11074135973627 0.00485810983450805
1636512780.93911 30.5311257778148 -0.487393469763165 0.58189858134966 0.980938683131781 -0.00380130387797635 -0.194005333230135 0.0103334748646417
1636512781.43934 30.0526682477589 -0.459708320199848 1.18553953526643 0.959892571115226 -0.0064752733910607 -0.280087897040834 0.0107281258174188
1636512781.9396 29.4808965121561 -0.432236975791601 1.68222501932003 0.930194386533196 -0.00862735563644421 -0.366744964497156 0.0127319681445493
1636512782.43986 28.8177319244667 -0.408518425779835 2.07791702597494 0.892438706771885 -0.0110898166176942 -0.450814472661749 0.0140171987722419
1636512782.94053 28.0812440815054 -0.38189761067835 2.33662814705634 0.848492662193674 -0.0129219410647799 -0.52885792717059 0.0142308998814916
1636512783.44053 27.3042026493448 -0.349469223180666 2.47627725123914 0.798706326696111 -0.0146146020306313 -0.601292948872163 0.0173610696591374
1636512783.94063 26.519611098977 -0.333437641665003 2.4820193529181 0.742915181229819 -0.0143802420115099 -0.668939443423398 0.0197550796087839
1636512784.44089 25.7726127063443 -0.326210685870484 2.38376504021669 0.685050720771812 -0.0150483227759536 -0.727842971882756 0.0269010451939975
1636512784.94115 25.0267202133276 -0.310254675053842 2.15556207247362 0.629203971383223 -0.0118000769911668 -0.776664530058357 0.0274832372149853
1636512785.4414 24.2842114640547 -0.313662067525661 1.85084678417352 0.578618920786153 -0.0118780244268407 -0.815012667736153 0.028520316856267
1636512786.04171 23.4285396191302 -0.3272101039079 1.38158504974951 0.523975175007985 -0.012503135289069 -0.851111198040618 0.0300568819600167
1636512786.54198 22.7255586600881 -0.322524171598177 0.916584207027207 0.488859368276978 -0.00948844810557411 -0.871711803144675 0.0323267638133022
1636512787.04223 22.0315028425043 -0.335685016551034 0.419696527316199 0.458367952924253 -0.0117979967539155 -0.887996086004507 0.0349653863885473
1636512787.64254 21.2161175398165 -0.361859036913294 -0.269511399390366 0.419973280219314 -0.0137484108853991 -0.906805306884284 0.0337277409035125
1636512788.24285 20.4798102755428 -0.39112754450711 -1.02782162595008 0.384092565458118 -0.0143359457154557 -0.922625109377169 0.0320981209264785
1636512788.7431 19.8809249067632 -0.402987676846089 -1.68246653670212 0.361395399833951 -0.0152852180696095 -0.931761510986077 0.0313083652138814
1636512789.34341 19.1662844758934 -0.421449570942307 -2.52399661432535 0.341379057686271 -0.0162838129829639 -0.939303605608359 0.0300651442555334
1636512789.84386 18.60063987941 -0.433710242724669 -3.27616885457499 0.329620766435133 -0.0144183259180041 -0.943586008173633 0.0280661253361884
1636512790.44416 17.9010305751393 -0.456504643405078 -4.14756190200455 0.328707275248983 -0.0151076510988333 -0.943813875838631 0.0306374583006969
1636512791.04446 17.1608051689851 -0.469032496047017 -5.0151478543264 0.337838395605089 -0.0130135868781184 -0.940541236645911 0.0328336287992204
1636512791.54472 16.5002893053709 -0.486236242738077 -5.71192945918154 0.351830325383015 -0.0144010022865182 -0.935387376732499 0.0325344236697009
1636512792.14503 15.6820397682019 -0.503942435284289 -6.53652073799687 0.373519769140303 -0.0146266777197559 -0.927008545272319 0.0304006472357964
1636512792.64531 14.9785967508004 -0.525535664246396 -7.1630527432176 0.392535295905272 -0.0148727737495369 -0.919104958474727 0.0306743765499235
1636512793.14556 14.2376879475426 -0.525192612731908 -7.76599356469789 0.413111995333243 -0.0143526630160527 -0.910057486315573 0.0304606627819436
1636512793.64581 13.4732232703451 -0.534946446559744 -8.3141003094118 0.439004036127973 -0.0136201803698395 -0.897881701287054 0.0299732788314459
1636512794.24611 12.5257708134481 -0.550068551677591 -8.92670971389168 0.472404971232239 -0.0123596621109487 -0.880830308369846 0.0286138037431894
1636512794.74638 11.6978588228216 -0.551871369720279 -9.33491933372598 0.503878082871228 -0.0115799122071536 -0.863206139090182 0.0291194895613064
1636512795.24816 10.847045145118 -0.557240547962593 -9.69577636646113 0.537332916245281 -0.01062413386932 -0.842838364766427 0.0279992102874921
1636512795.74689 9.96431289646086 -0.549307695272187 -9.95787885175591 0.575201952131122 -0.0106147993714529 -0.817502450432946 0.0268287874302741
1636512796.24715 9.05934761649526 -0.54843790271531 -10.1193331336596 0.612735953339044 -0.0129615198760426 -0.78967990844445 0.028147694174849
1636512796.74741 8.13380982662198 -0.529676681339696 -10.2306551014237 0.649343182699127 -0.0141734775093705 -0.759955565967476 0.0249014331417344
1636512797.24767 7.21036373942993 -0.523922409067655 -10.2446105708885 0.68958869346452 -0.0141496939511714 -0.723726134063496 0.0220839960263507
1636512797.74794 6.25624504064419 -0.489416826532475 -10.1436045118473 0.729821488793847 -0.0143897574347219 -0.683362619201582 0.0130023095508609
1636512798.24819 5.35127987459799 -0.471165138460341 -9.90657635855211 0.767444648697189 -0.014027729973075 -0.640770295537939 0.0156640459036714
1636512798.74844 4.49334717843918 -0.42420917251573 -9.58891062013015 0.801936150458261 -0.0111064327356684 -0.597074829960954 0.0166344572250249
1636512799.24871 3.67635931009971 -0.402136822189669 -9.20695885749508 0.834202686386238 -0.00579559663165593 -0.551225688594824 0.0149174166271816
1636512799.74896 2.908876299952 -0.372340315851574 -8.71231631652843 0.862843323583642 -0.00261433098025075 -0.505304890799208 0.0127095064837566
1636512800.34985 2.09531824802535 -0.338391727796689 -8.0336449402377 0.895913740616238 -0.00431634302319986 -0.444135014381733 0.00800172219367431
1636512800.84953 1.52776331956077 -0.31411693717996 -7.37466000348187 0.922826739026633 -0.00420205162441519 -0.38513561055804 0.00661165483844375
1636512801.44984 0.967481877416217 -0.271425046644848 -6.49333572657832 0.948474683839503 -0.00495559286067692 -0.316763354447721 0.00567393108710148
1636512801.9501 0.590568383722868 -0.235806825503656 -5.72153223330769 0.964673663612466 -0.00488227480749536 -0.263363164460411 0.00455299139093703
1636512802.55041 0.227145295329859 -0.193943120311343 -4.76060768254919 0.979963711264565 -0.00463424427134373 -0.199114727191271 0.00172447097929772
1636512803.15089 0.015135906060264 -0.148462805728106 -3.73831314545018 0.990612575669864 -0.00439264717601453 -0.136622572377238 0.0013047193306517
1636512803.65115 -0.102491111969003 -0.111990142837784 -2.87704786815028 0.995775247117395 -0.0032646557425861 -0.0917631473365427 0.000723907497163203
1636512804.1514 -0.173606876811811 -0.0867287864595856 -1.98548872230833 0.998452701605473 -0.00437737605089027 -0.0554305621644706 -0.000702861132675376
1636512804.75171 -0.166845261716234 -0.042052300622408 -0.902978454848203 0.999767818426535 -0.00361398555309422 -0.0212422469019609 0.000123667394539081
1636512805.25196 -0.133623656988228 -0.00416980987654042 -0.00565811669865218 0.999994165947222 -0.00201457046368515 -0.00275369700039946 -0.000163493723507516
1636512805.85232 -0.0855089023684516 0.0453824964147405 1.09537957931413 0.999981710359001 -0.00200246630151647 0.00560689880901728 0.00106384300713315
1636512806.35254 -0.0792471577016011 0.0713446254607926 1.88893253935705 0.999973643760975 -0.0031835699495271 0.00624281549661304 -0.00189839944447043
1636512806.95285 -0.0700254946629379 0.0875765277037218 2.51078905799639 0.999962541890626 -0.00501683040337436 0.00704790382439423 0.000270702835232753
1636512807.45311 -0.0673302752860973 0.0914452174086392 2.56303037044671 0.999971908597009 -0.00287269821952303 0.006921849691197 0.000132735254397247
1636512808.05342 -0.0644135940462702 0.092965186917012 2.57241551863403 0.999971508802214 -0.00279996882262138 0.0070067313819355 -0.000217884736257809
1636512808.55368 -0.0606307469610388 0.0926410440050877 2.57376080792881 0.999971182470805 -0.0029290108888418 0.00700249732684418 -0.000141965987038814
