1636512749.9229 -6.93889390390723e-18 8.67361737988404e-19 1.11022302462516e-16 1 0 0 0
1636512750.42316 0.00368576379998542 0.00189097952568483 -0.000717691581433755 0.999999599645763 0.00061266783722113 0.000481576460507305 -0.000439807398543243
1636512750.92342 -0.0142048320607021 0.00530307924453278 0.0940279916891169 0.999987090805288 0.000793219075926411 0.00486767935930336 -0.00122258902710644
1636512751.42368 0.00378225912507323 0.0102545186462787 0.285245161151884 0.999914143232639 0.00113280099415244 0.0128808427908507 -0.00212292586823513
1636512751.92393 0.0360063262663656 0.0227088757003945 0.606784753436157 0.99969414322593 0.00114108922469565 0.0245675737345413 -0.00259850648524089
1636512752.42463 0.0987081946419965 0.0362404748144819 1.02306438251696 0.999280472309053 0.00154506856489473 0.0377863356957948 -0.00288847011595453
1636512752.92445 0.204535906002788 0.057177724101435 1.55715601025413 0.998680415438729 0.00123848127251866 0.0512946086541287 -0.00218107915620197
1636512753.42471 0.290301055490659 0.0691706575685117 2.17085772418464 0.997939102409545 0.00063976496525058 0.0640278712371043 -0.00419169269705515
1636512753.92515 0.452871018849749 0.09844461137365 2.84130309340165 0.996872158093194 0.000907581978747037 0.0790113640998419 -0.00151031673918302
1636512754.4254 0.616282063365996 0.117242054479675 3.56161664972211 0.995470029351705 0.00208550125497224 0.0949758341731841 -0.00382913438493346
1636512754.92566 0.813880636866661 0.142991742653908 4.35323681585369 0.993500093156622 0.00165971337704068 0.113623947481928 -0.0066639933908762
1636512755.42592 1.092544794993 0.166921255077073 5.16085396681644 0.9899452872632 0.00247600693305717 0.141313652767219 -0.00571394405234198
1636512755.92618 1.44626411899828 0.183781369423385 5.96485892166185 0.983279427736623 0.00198526831175383 0.181943191376601 -0.00736890842443926
1636512756.42643 1.87624213666317 0.206323474808772 6.73685400261096 0.972868891035575 0.00186643205658527 0.231092212613192 -0.010909929244905
1636512756.92669 2.40468555182431 0.221708365618496 7.40422692686957 0.957490908767045 0.00202318952038949 0.288176382019972 -0.0127058718119949
1636512757.42694 3.00181994269555 0.235754930111725 7.99212461751506 0.937297441018015 0.00323962571926514 0.348150885562394 -0.0159365230963302
1636512757.9272 3.66952345317313 0.237295746608031 8.45053671527065 0.910757955223832 0.00599523217552971 0.412583133053974 -0.0160985249955431
1636512758.42746 4.37990365561382 0.236961236295711 8.81999812441926 0.876196072672964 0.00594247238207781 0.481393503027254 -0.0224816480181319
1636512758.92773 5.14404521165362 0.233114653271061 9.04007141361803 0.833429108481554 0.00539934680509079 0.552108904751119 -0.0232921764599235
1636512759.42798 5.92766827972885 0.225705028135008 9.10092120564033 0.782535942004421 0.00687997977799257 0.622143522767099 -0.0229695979166294
1636512759.92824 6.71516263745047 0.208104800960636 9.05622677122335 0.729971909893655 0.00591486913610276 0.682959622132506 -0.0259264271726258
1636512760.42849 7.5077099435866 0.19409615499162 8.88748432302777 0.678296669549983 0.00683665136057296 0.734249092506334 -0.0272975901720365
1636512760.92876 8.30695149507036 0.170703315282339 8.6329560407728 0.628633785224854 0.00501030006847583 0.777172298512728 -0.0282432185053052
1636512761.4302 9.04364321661089 0.143272030419498 8.27526394815875 0.580411877912941 0.00615559614485534 0.813687673305957 -0.0315678780346841
1636512761.92933 9.78578851613769 0.121209325035981 7.85048796991751 0.54043149712999 0.00637175403118767 0.84065580879033 -0.034510995457684
1636512762.42972 10.5086400575193 0.0927260194554442 7.36827097529966 0.508808632913716 0.00988040867289614 0.860102788632685 -0.0352043404029942
1636512762.92979 11.2393334420319 0.0552274610221075 6.87557313908753 0.486360570568901 0.0100382880866383 0.87298624141578 -0.0353220960155561
1636512763.43007 11.9573083593256 0.0174200479841153 6.329055776128 0.467073057650151 0.0100173288377367 0.883499794110563 -0.0342129470652206
1636512763.9303 12.6702570232638 -0.0160709432630465 5.7647665473756 0.453122215268081 0.0107923572525392 0.890799155407866 -0.0322590728340739
1636512764.43056 13.376310833337 -0.0457585592511599 5.1979739505685 0.438829468925887 0.00904427877362487 0.89792272375237 -0.0328889098757356
1636512764.93083 14.0502810672995 -0.0751776614613603 4.58180628015584 0.424543098391972 0.0107860587448176 0.904744917681275 -0.0329158392631895
1636512765.43108 14.7149368632135 -0.11406218997927 3.94325488580951 0.410110378419944 0.0128215575218816 0.911344166738168 -0.0331194040900172
1636512765.93133 15.3806493142343 -0.147596667916133 3.28341941994455 0.396029954213087 0.0125909853217285 0.917541975585877 -0.0334434671135379
1636512766.43159 16.0289635656398 -0.192762516176526 2.60660381283592 0.38237583436804 0.0126730826316576 0.923352034381903 -0.0323903515071642
1636512766.93185 16.6372526602626 -0.220701644982785 1.9194363216405 0.368949823669198 0.0146551170092728 0.928783064406484 -0.0319886609849794
1636512767.43324 17.2441471943657 -0.257508990968045 1.20912029688024 0.357118253606186 0.0149536541699437 0.933353758010451 -0.0330711895159967
1636512767.93237 17.8426553483903 -0.29360445133485 0.489007029375026 0.346593472663959 0.0137025361841891 0.937305380259111 -0.0338205462135542
1636512768.43263 18.412086253172 -0.332074819379858 -0.246764969733073 0.338083699298974 0.0158146210852609 0.940372380257302 -0.0338983255849919
1636512768.93289 18.9882704861951 -0.378285217774852 -0.982336459480117 0.329702169309005 0.0145793340316502 0.943376852645873 -0.0335266530404882
1636512769.43315 19.5370096823726 -0.415870048268147 -1.74807378570289 0.322924115216096 0.0147834156311222 0.945737907154635 -0.0328827828042179
1636512769.9334 20.1032602953016 -0.443413551224863 -2.50972385108371 0.31867658631693 0.0124446567593518 0.947243429247573 -0.0319413462275449
1636512770.43366 20.6574119153089 -0.482870083447054 -3.27519862564632 0.320459484644112 0.0131132284936103 0.946659739012969 -0.0311303786035721
1636512770.93394 21.2324654527116 -0.51564695242021 -4.0163490063768 0.329085842203137 0.0127744909360781 0.943701054989607 -0.0311069068580932
1636512771.43418 21.8307044896377 -0.54865322888077 -4.72942688306272 0.348174909790075 0.0133472953676287 0.936725266317946 -0.0337913796790767
1636512771.93444 22.4864466205419 -0.584622997354546 -5.37956358731642 0.383437379654999 0.0140585330018426 0.922823160602354 -0.0342862623951138
1636512772.43469 23.2029813034628 -0.621471694907859 -5.94510973787279 0.422666016419975 0.0146611549496938 0.905511117459502 -0.0344689027451347
1636512772.93496 23.9709516334769 -0.659560371315055 -6.45143236663556 0.468995919050963 0.0153862984784098 0.882486233492732 -0.0320021472480696
1636512773.43521 24.7912919951001 -0.685233808176418 -6.79023807684027 0.526568148994208 0.0126312234374822 0.849452723257937 -0.0315675087544373
1636512773.93546 25.6406607336923 -0.716240295151034 -6.98634653241829 0.591875603518436 0.0117616902615558 0.805427702885054 -0.0288296379995398
1636512774.43572 26.4772224763957 -0.735915503300065 -6.99887786285341 0.657983103141198 0.0106102090071703 0.752509418206279 -0.0259852834571855
1636512774.93598 27.2712688818388 -0.736953426805432 -6.85714120742545 0.718412707990082 0.00919666526750978 0.695103617491285 -0.0250910999528658
1636512775.43841 28.0448006665094 -0.744580086709603 -6.60946106200099 0.771404859231934 0.00878790472134069 0.635897002302011 -0.0221882479543782
1636512775.93651 28.7706758185633 -0.737017065097085 -6.24885138898556 0.819836039394037 0.0073733133805063 0.572233724492549 -0.0190543253325035
1636512776.43676 29.4155603468017 -0.731171060552692 -5.78111145439614 0.862516092574969 0.0075006501791205 0.505639279018043 -0.0184024403330474
1636512776.93702 29.996047634564 -0.721431877617894 -5.22994152197626 0.899478787301869 0.00686624160306394 0.436634642250646 -0.015522728718176
1636512777.43728 30.4739804238953 -0.704886999119801 -4.59014891196234 0.930591546918874 0.00527907468462427 0.36580644644888 -0.0125358649503451
1636512777.93753 30.8559239477676 -0.678329774413863 -3.86557389773716 0.956501088247364 0.00203989340926191 0.291556580798042 -0.00981158549076734
1636512778.43779 31.1140899616146 -0.657733014374699 -3.10434972554818 0.977054671291945 -0.00054627052705168 0.21287528104955 -0.00692716487283885
1636512778.93806 31.2508589655893 -0.630366572267514 -2.31466820717141 0.991150109493746 -0.00190614014461333 0.132713969654573 -0.00219757566629853
1636512779.4383 31.2524247831131 -0.588572534798716 -1.53095299702938 0.998640793324826 -0.00190842260619969 0.0520365737356452 0.00226248194987603
1636512779.93856 31.1118683964149 -0.559498940929982 -0.75408301637793 0.999558055585798 -0.00117975371760283 -0.0293684864829484 0.00444901072219178
1636512780.43883 30.8478394549704 -0.526591280529813 -0.012695605574839 0.993836511966755 -0.00138344217892915 -0.110740156597723 0.00486736953627857
1636512780.93911 30.4765009687706 -0.499646633877855 0.678460755218212 0.980938683131781 -0.00391910712912184 -0.194002273385108 0.01034690564404
1636512781.43934 29.9666715564825 -0.470943571348657 1.29157846964927 0.959892571115226 -0.00663751611306167 -0.280083426300538 0.0107456786384245
1636512781.9396 29.3620694640958 -0.4423320978046 1.7921731827694 0.930194386533196 -0.00883733712373586 -0.366739175669067 0.0127546761725505
1636512782.43986 28.6653759443161 -0.417513398763161 2.18569771104809 0.892438706771885 -0.0113448798370839 -0.450807285371398 0.0140442092293859
1636512782.94053 27.8969948253156 -0.390146724979197 2.43599537003139 0.848492662193674 -0.0132170255096888 -0.528849776673061 0.01426275404756
1636512783.44053 27.0916305329579 -0.356872366201806 2.56274027241712 0.798706326696111 -0.0149523095095917 -0.60128359498977 0.017397428893759
1636512783.94063 26.2817908377557 -0.340944253634127 2.55013196267679 0.74291518122982 -0.0147567693900094 -0.6689299435142 0.0197990384999841
1636512784.44089 25.5154319487801 -0.333642980636351 2.43267780468209 0.685050720771812 -0.0154681078303855 -0.72783236120825 0.0269499830833358
1636512784.94115 24.7548569960081 -0.319241862370423 2.18161403874629 0.629203971383223 -0.0122457443094308 -0.776655499193441 0.0275434150837643
1636512785.4414 24.0017460871841 -0.322961034033234 1.85648144499725 0.578618920786153 -0.0123450999683098 -0.815003481307959 0.028584409578411
1636512786.04171 23.1379549164479 -0.336696933156205 1.36502434933175 0.523975175007985 -0.0129914090651438 -0.851101525261139 0.0301236280022107
1636512786.54198 22.4332510986712 -0.333376770168491 0.885229146576449 0.488859368276978 -0.00999142823474734 -0.87170341504952 0.0324013209710158
1636512787.04223 21.7370106255465 -0.346074057388425 0.376697743044114 0.458367952924253 -0.0123141706664074 -0.887986241521519 0.0350373486627608
1636512787.64254 20.9195927087381 -0.371682123777675 -0.329040359896938 0.419973280219314 -0.0142718188158666 -0.906794602246568 0.0337980535830869
1636512788.24285 20.1831997313269 -0.400784793236002 -1.10305918969759 0.384092565458118 -0.0148643400196424 -0.922614278591734 0.0321690145052106
1636512788.7431 19.5849707405263 -0.412304646594256 -1.76761605383754 0.361395399833951 -0.0158167738804681 -0.931750281591624 0.0313784543405551
1636512789.34341 18.8716037045474 -0.430269560978036 -2.61838310431979 0.341379057686271 -0.0168168734662782 -0.939292001253136 0.0301341686782856
1636512789.84386 18.3081803962245 -0.442822163477654 -3.37710034326325 0.329620766435133 -0.0149498292464911 -0.943575563701198 0.0281390924904135
1636512790.44416 17.6103026051904 -0.465479174541351 -4.24894605385118 0.328707275248984 -0.0156440731222062 -0.943802806651804 0.0307091571149854
1636512791.04446 16.8726159692752 -0.478572790468004 -5.1138738471316 0.337838395605089 -0.0135524545289337 -0.940530995983589 0.0329088897615616
1636512791.54472 16.2124899475741 -0.494836152122687 -5.80659227238058 0.351830325383015 -0.0149366915063961 -0.93537646457945 0.0326065468667425
1636512792.14503 15.3952019034927 -0.511602552107425 -6.62538708927712 0.373519769140303 -0.0151541255342301 -0.926997747767836 0.0304714649143404
1636512792.64531 14.6930531310948 -0.532607850903663 -7.24582475902873 0.392535295905272 -0.0153967196136417 -0.919094007874308 0.0307438966827669
1636512793.14556 13.9539897306001 -0.531838879365267 -7.84241504530523 0.413111995333243 -0.0148716168345673 -0.910046823748959 0.0305301966738448
1636512793.64581 13.1919468117506 -0.541131226627205 -8.38225155597525 0.439004036127973 -0.0141320428607965 -0.897871464211538 0.0300428923800475
1636512794.24611 12.2482737056145 -0.5557321935642 -8.98439266443983 0.472404971232239 -0.012860329329003 -0.880820858648211 0.0286839686034764
1636512794.74638 11.4247628230799 -0.557073501022418 -9.38179062668038 0.503878082871228 -0.0120725773080613 -0.863197033442139 0.0291892434956361
1636512795.24816 10.5792191646985 -0.561895340278313 -9.73178335664113 0.537332916245281 -0.0111043661983922 -0.842829866686399 0.0280685944083624
1636512795.74689 9.7031764707335 -0.553024409949301 -9.98121294154676 0.575201952131122 -0.0110799809685192 -0.817494085594251 0.0268955071471606
1636512796.24715 8.80605533452377 -0.550443791159556 -10.1288027118167 0.612735953339044 -0.0134150348526608 -0.789670215337014 0.0282070795225023
1636512796.74741 7.88888432179024 -0.530268364130553 -10.2287633246496 0.649343182699127 -0.014605832801257 -0.759945608709381 0.0249554109098352
1636512797.24767 6.97703760832207 -0.523587095325361 -10.230519799054 0.68958869346452 -0.0145583902307619 -0.723716494879791 0.022134185295477
1636512797.74794 6.03445712137297 -0.488251550272199 -10.1197955891365 0.729821488793847 -0.0147609910366752 -0.683353834265094 0.0130477903701318
1636512798.24819 5.14606031852054 -0.469304979542056 -9.87126724964737 0.767444648697189 -0.0143823118484538 -0.640761415583653 0.0157056865871844
1636512798.74844 4.30566758639976 -0.422603548571123 -9.54551898594491 0.801936150458261 -0.0114406474982899 -0.597067334829164 0.0166769257660129
1636512799.24871 3.50680210968157 -0.401804915889285 -9.15891498480626 0.834202686386238 -0.00610333401641429 -0.551221078589521 0.0149649543424843
1636512799.74896 2.75649470576701 -0.3726299397072 -8.66116799755225 0.862843323583642 -0.00289463347012057 -0.505302137560926 0.0127581276277713
1636512800.34985 1.96358737980466 -0.337895857049307 -7.97918587016608 0.895913740616238 -0.00455678820031971 -0.444131908711141 0.00804069156957415
1636512800.84953 1.41718072603655 -0.313360138238946 -7.31969640425941 0.922826739026633 -0.00440994375562109 -0.385132719402005 0.00664459024770958
1636512801.44984 0.880609433311853 -0.270095677205305 -6.44066981614754 0.948474683839503 -0.00512701655676388 -0.316760190263764 0.00569821733922065
1636512801.9501 0.521266768985859 -0.234377043162769 -5.67331836444734 0.964673663612466 -0.00502449113608858 -0.263360164477815 0.00457175978640071
1636512802.55041 0.177213045446392 -0.192822753827078 -4.72039768811387 0.979963711264565 -0.00473855507519439 -0.199112164049861 0.0017369017703579
1636512803.15089 -0.0164622986933943 -0.147320785397906 -3.70794754418757 0.990612575669864 -0.00446444472369153 -0.136620185124194 0.00131098232575037
1636512803.65115 -0.12216997967489 -0.111171611243867 -2.85558124934688 0.995775247117395 -0.00331259352081449 -0.0917614006914202 0.000727527047313813
1636512804.1514 -0.185117950492016 -0.0858332621438212 -1.97115520431174 0.998452701605473 -0.00440419864362036 -0.055428408155075 -0.000705166954637754
1636512804.75171 -0.170645972710952 -0.0410937316376686 -0.896617476251562 0.999767818426535 -0.00362499526833621 -0.0212403965992229 0.000119164837813848
1636512805.25196 -0.134389839417115 -0.00362982214170367 -0.00434707372168652 0.999994165947222 -0.00201565936305438 -0.00275269163731135 -0.000166965873145758
1636512805.85232 -0.085647476494597 0.0463090702876049 1.09471884359755 0.999981710359001 -0.00200160341966457 0.00560802808309742 0.00105950566618225
1636512806.35254 -0.0820025604820702 0.0719244445305692 1.88865066961721 0.999973643760975 -0.00317684730909964 0.00624422753063778 -0.0019050058055925
1636512806.95285 -0.0727689851522928 0.0892160378185145 2.51112337827201 0.999962541890625 -0.00501374831625139 0.00705047803143109 0.000260582019197509
1636512807.45311 -0.070267020085711 0.092509542291945 2.562456785506 0.999971908597009 -0.00286942637408781 0.00692332094480105 0.000126634255646409
1636512808.05342 -0.0675008976486216 0.0939242406746499 2.57179516027957 0.999971508802214 -0.00279599891608054 0.00700812823675314 -0.000223858220857151
1636512808.55368 -0.0636879350660663 0.093649710154935 2.57320527376149 0.999971182470805 -0.00292518473715353 0.00700396778999095 -0.000148180265834799
