1636512750.16943 -0.000546406636904154 0.00117491946066861 -0.000165464193326748 0.999999802079035 0.000448693525073138 -0.00032218580859143 -0.000301184852664235
1636512750.63843 0.006817997059945 0.0671572671533005 -0.00069458003240766 0.999994555858975 0.00113663762547271 -0.000943338354033939 -0.00295066434368248
1636512750.97337 0.0162891807780066 0.164745986900038 0.00328069837227751 0.999973565641044 0.00135632474420165 -0.00137511440376573 -0.00700981188768298
1636512751.30823 0.0317077084371062 0.305782755364902 0.00727074874109229 0.999918103005992 0.00172681592381981 -0.00179415145111568 -0.0125533425124143
1636512751.71021 0.0566008638358192 0.543105545945114 0.0111395842830198 0.999766411944315 0.00193944435708353 -0.00198432705412125 -0.0214341444829922
1636512752.11207 0.0907900453525655 0.857889424646495 0.0224959115945849 0.999481768734102 0.00187176538861156 -0.00156943928213104 -0.032097154434939
1636512752.58089 0.148987963509237 1.30155008605791 0.0271814025493975 0.998982875579627 0.00265315165579279 -0.00134364189461939 -0.0449929962484143
1636512752.98307 0.222702946147896 1.74769079977527 0.0410671309484742 0.998478358758281 0.002353946430073 -0.000169440563183341 -0.0550944399868989
1636512753.45181 0.319173348828252 2.31360856976973 0.0559069274879785 0.997709918476414 0.00149032733114961 -0.00162168771741542 -0.0676022753106727
1636512753.78673 0.418108586493395 2.76009102573129 0.0707920222745546 0.996973679185387 0.00182597921390398 0.00173255867535854 -0.0776990801226161
1636512754.18868 0.538063306318367 3.32749355053209 0.0847439366199315 0.995904483372985 0.00291379551019597 7.2487184969986e-05 -0.0903646199511782
1636512754.65759 0.720295458447106 4.03052279834106 0.0997206466705825 0.994294459949391 0.00332985313684497 -0.00108135906188232 -0.106612708691859
1636512754.99245 0.879878251797763 4.55662935552314 0.11122848856983 0.992617832974892 0.0039092230522429 -0.00142216334342996 -0.121212759587356
1636512755.3276 1.07080564598058 5.08786305261269 0.127263092107005 0.990089490698109 0.00440886682332223 0.000188648941808093 -0.140368538904095
1636512755.79646 1.38487386182241 5.81542221077916 0.144551503814842 0.984128427546758 0.00515509042511966 0.00108626042177645 -0.177379489161937
1636512756.26522 1.75032561604948 6.52981596402021 0.171331440964747 0.974937685520887 0.00514759983853641 -0.000947172942986976 -0.222416533626649
1636512756.60034 2.05639461625441 7.00232679457721 0.188804919892522 0.965921697180367 0.00531721432881486 -0.000908479800775006 -0.258778238676347
1636512757.136 2.607666358722 7.67120757042487 0.224061706721595 0.946769722294699 0.00732630190505949 0.00167863469059626 -0.32182386554137
1636512757.53808 3.05445861715522 8.11244829776496 0.247023499568262 0.928255038266384 0.0104024037270015 0.000917956586890486 -0.371797702098169
1636512757.8731 3.4614108851322 8.42656796792652 0.270623651503908 0.9093994321726 0.012346090793787 0.00273135761239173 -0.415731627966718
1636512758.20778 3.88465202417059 8.71533017446369 0.289209985320336 0.8866405007405 0.0124484870523068 -0.000213276299104848 -0.462291695934466
1636512758.60962 4.43744790772315 8.97431480595564 0.313115093022563 0.855146296827336 0.0133122068346415 0.00132283450644288 -0.518214093093341
1636512758.94478 4.91275242389034 9.12651288119417 0.340964743462308 0.824207093175718 0.0137929939958805 0.0021593111332427 -0.566116382249174
1636512759.27953 5.40968224168413 9.22346829833298 0.35681310713818 0.790059376879139 0.0157884125783594 0.00591765222123845 -0.61279840765605
1636512759.61457 5.90697878041363 9.29035233204583 0.370413580238536 0.754202512059244 0.0168120822830928 0.00559027780005454 -0.656402828670742
1636512760.01645 6.51450916716549 9.28387957907902 0.394417230244204 0.712146568419118 0.0172179903009871 0.00580716947576198 -0.701795613182035
1636512760.35133 7.03451279903805 9.22444897033989 0.405235633150628 0.677647769549339 0.0183435317295047 0.00755829645485684 -0.7351189614091
1636512760.68643 7.5642199555588 9.12439968658343 0.421216570620566 0.643721503885721 0.0172281492075656 0.00732230396533798 -0.765030849165331
1636512761.08817 8.18402564468179 8.93827963580184 0.455571702502378 0.603686015122394 0.0164501836537716 0.00739226311082943 -0.797018156035044
1636512761.42385 8.69065909993524 8.73715824901104 0.462749976025858 0.573003861146753 0.020424384685289 0.00859623933842781 -0.819253028246082
1636512761.75949 9.20312919675853 8.50586258016957 0.473685700963126 0.545716847453225 0.0203082082352916 0.0066113912908611 -0.837697432602718
1636512762.16002 9.80969481580218 8.17751165936355 0.486822357607574 0.517719486394106 0.0223494392717415 0.00677357887621161 -0.8552316379796
1636512762.62896 10.4936223736283 7.74088057920493 0.494568758120498 0.49369269100565 0.0256602754598397 0.00619012779233219 -0.869235732945235
1636512763.16495 11.2869099495454 7.19784366412298 0.516739028169987 0.471461934148672 0.023978801211666 0.00699828935451655 -0.881532577779945
1636512763.63374 11.9652282476713 6.67444061621559 0.533003646414336 0.457360091133258 0.0253380447392982 0.00935332359124355 -0.888871332570223
1636512763.96869 12.4365495635899 6.2768494097507 0.55194945177197 0.447813178159701 0.0261506202192974 0.0109786673079066 -0.893677218794793
1636512764.37067 13.0063186861783 5.80294579406891 0.5600198091509 0.436523104101381 0.0245140013273947 0.0104703005495206 -0.899298068568491
1636512764.77236 13.5573666052521 5.29744645469814 0.577664138887298 0.425174417972218 0.0261779936947476 0.0111848997878303 -0.904663652947791
1636512765.10751 14.0018952093056 4.86265313084861 0.580570048433401 0.415744435327795 0.0282625358435834 0.010654714644216 -0.908979796594794
1636512765.50931 14.5400230947122 4.32794880926609 0.589485227970956 0.40404093009239 0.0286718997140929 0.0110188378892037 -0.914225045701786
1636512765.84414 14.9793956308965 3.87942274969909 0.594583364437996 0.394775923278697 0.0286186363143148 0.0106023846239481 -0.918270403255624
1636512766.17932 15.4008410981469 3.422400052559 0.60354806907207 0.38525253913304 0.0298506942274305 0.0112227113782017 -0.922259978474078
1636512766.58098 15.9023386756926 2.87054151328073 0.625279246677198 0.374730006337421 0.0287926462089786 0.0126814196182839 -0.926600014823606
1636512766.91611 16.2927890328525 2.39174864973817 0.633554467343645 0.365924351212599 0.0313544850702833 0.01279951293964 -0.930028192005019
1636512767.25086 16.6942644817178 1.91080300773767 0.644035183701358 0.35781683939564 0.0312439790477331 0.0126166409971725 -0.933183660159204
1636512767.65294 17.1680698645204 1.31505488638991 0.646697470998655 0.349264093900291 0.0300226153557754 0.0118340270317995 -0.936468467746469
1636512767.98777 17.5537935321805 0.803111856982515 0.656896344992551 0.343072952481918 0.0308000884419812 0.0112189944497284 -0.938736618008929
1636512768.3228 17.9284826486414 0.272134198921105 0.662439949103955 0.337637558410946 0.0323303805028823 0.0112530899340309 -0.940653492851523
1636512768.65778 18.3014886193333 -0.247872921881769 0.668089848260961 0.332049110701687 0.0321072403645345 0.0116309122384474 -0.942643747700527
1636512769.12666 18.8097685681437 -0.958113120521215 0.674152654349402 0.325115506537891 0.0308870990551335 0.0110241914433988 -0.945105476507034
1636512769.46144 19.1727036787487 -1.46866295821997 0.685889515579921 0.32081895663591 0.0302001922087678 0.0125608825771844 -0.946575601672937
1636512769.79651 19.5351628536913 -1.98709547675487 0.697011762447434 0.317826185372755 0.0283665089521824 0.0134580227988659 -0.947629008992239
1636512770.13136 19.898145710121 -2.52620723591301 0.698356165099291 0.31737554791598 0.0295439427474053 0.014562331449169 -0.947727732808708
1636512770.5334 20.3349626255728 -3.1588547099828 0.704708407177459 0.32180249247161 0.0296941383637547 0.0145999962212202 -0.946228436529063
1636512771.13627 21.0075046150869 -4.06810904590142 0.71603369412234 0.336403892223427 0.0301847448460433 0.0124046206756269 -0.94115218103206
1636512771.53812 21.4942879491439 -4.63336953043782 0.726967679284664 0.35820469339359 0.0300982150641795 0.010718152968611 -0.933096252418632
1636512771.87291 21.9186681778983 -5.10932521142248 0.733589486644938 0.382897152345444 0.0304411613028729 0.00997588840708925 -0.923235391476503
1636512772.27506 22.4542171960455 -5.67371541608236 0.729741363876398 0.414681295614535 0.0309036607202255 0.00820239410141137 -0.909404809505945
1636512772.60959 22.9204264345311 -6.07442193772225 0.744094381285502 0.442478287688821 0.0320718427586272 0.0099422097228146 -0.896150385979866
1636512772.94483 23.401281894228 -6.41780183877506 0.758716570216102 0.476502670676896 0.0314747373283914 0.00990407276704829 -0.878553615376159
1636512773.34667 23.9938449899654 -6.74361247397597 0.784555421009118 0.522703847135472 0.0282893251961667 0.00899157745325789 -0.851997390726418
1636512773.68167 24.5058373344297 -6.94944432786592 0.797322242570618 0.564995519677242 0.0276136857342428 0.00909257313767524 -0.824581634659995
1636512774.08357 25.1168944481795 -7.1410308992166 0.822989135969743 0.618495013753644 0.0267166038901672 0.0109111028434634 -0.785258612734171
1636512774.41841 25.6276045207799 -7.23088771775729 0.845286529871653 0.661501063151381 0.0237437724396562 0.00995356947397645 -0.74950217022678
1636512774.82052 26.2472626568816 -7.27029952222405 0.869877191375651 0.709963727371106 0.0218829525057389 0.00808619825623127 -0.703851728423479
1636512775.15536 26.7619474806301 -7.25318422973185 0.879457389683827 0.746577425422094 0.0218935033441157 0.00772371821375511 -0.664893349747456
1636512775.5584 27.3645840395698 -7.14078442921359 0.908305910005499 0.787144757247599 0.018976934283376 0.00680228854901078 -0.616438752815979
1636512775.96315 27.9681849986717 -6.94993138194889 0.934036534065796 0.824624313851042 0.0171438653732133 0.00767127075604382 -0.565368888859965
1636512776.36107 28.5228832461448 -6.69654001249207 0.95648165158858 0.858766463242198 0.0164104146864023 0.00472226389850204 -0.512082571587805
1636512776.69598 28.967247619176 -6.44421172086045 0.976737014876109 0.884439105400507 0.0150170566915391 0.00363135632575939 -0.466399796417096
1636512777.03087 29.3881813952513 -6.14622458456608 0.996956184249405 0.907573681262033 0.0136002834964927 0.0048632783665427 -0.419644365972934
1636512777.43271 29.8485742113143 -5.70815702528517 1.01133470994038 0.932047206011248 0.0107458122727937 0.00290751601663232 -0.362165817873302
1636512777.90172 30.2991313890349 -5.13271749680873 1.0375066609094 0.956112299016072 0.00573628886133938 0.00245579134528924 -0.292934012619172
1636512778.30376 30.6057706184733 -4.60160066685497 1.05936435064797 0.973144423257129 0.00238594181998342 0.00141957681243178 -0.230178677480899
1636512778.77247 30.8854601788619 -3.95504811218735 1.07792076976725 0.987896658216608 -0.000178936209576863 0.00263474340338779 -0.155091001652221
1636512779.10746 31.0228492173007 -3.46196849968654 1.09318628705248 0.994864374734461 -0.00265078816606415 0.00157236882785461 -0.101170039352455
1636512779.77734 31.1232612002091 -2.46982237120396 1.09545148096615 0.999968767595641 -0.00268815290597292 0.00108896836811824 0.00735199395420369
1636512780.11226 31.0848767149063 -1.96869069910673 1.10408584315795 0.998116734962975 -0.00452356110597083 -0.00190783055966773 0.0611463896262616
1636512780.51428 30.9816105139807 -1.37617916640009 1.10490732941795 0.991862408180046 -0.00689494707834752 -0.00165656040883356 0.127116791777006
1636512780.84924 30.8368231462104 -0.906195539676539 1.10699700840201 0.983116638353459 -0.00939125132723705 -0.000733521589984476 0.182737357256748
1636512781.18433 30.631390369223 -0.460489989796757 1.10679008081041 0.970783138687103 -0.0121996943027442 -0.00333691946659125 0.239624977972268
1636512781.58596 30.3168737260475 0.0424250476966697 1.10529818841773 0.950869111310803 -0.0156009935720668 -0.00553006212597597 0.309150385035263
1636512781.98803 29.9348733992011 0.503946862549176 1.09320985215657 0.925796557879723 -0.0196147954680069 -0.00609894182445136 0.377463635500729
1636512782.3897 29.4741833809286 0.899435405958628 1.07586832920617 0.895765949309982 -0.022371163833028 -0.008841296322711 0.443874674390053
1636512782.72487 29.0513066433537 1.18273575486056 1.06245402477508 0.867792760937115 -0.0247704813840778 -0.0111871105387717 0.496182421972941
1636512783.12676 28.4945810872632 1.45860380371928 1.04082136530902 0.830932710771538 -0.0266733096825409 -0.0130779323014535 0.555579276437811
1636512783.52842 27.9196875874245 1.66474017195852 1.01374718908243 0.789974512280698 -0.0298776916554319 -0.0110736293632899 0.612311169439967
1636512783.99732 27.2176997363601 1.78149532300055 0.984723371382788 0.737953382140113 -0.0301203091198172 -0.0120401504565004 0.674071663507286
1636512784.33234 26.7194755943755 1.8047433758979 0.960177735569219 0.700517751609858 -0.0312303694012405 -0.00796002857929339 0.712906853418838
1636512784.7341 26.0686372333547 1.77144875818059 0.916229937383381 0.656089130611403 -0.0287464062269121 -0.00936028607484785 0.75407763649853
1636512785.06922 25.5242618711497 1.7033815451834 0.872454103403441 0.62214880991338 -0.0285248556788842 -0.0101910282526761 0.782312810757319
1636512785.40416 24.9931757179215 1.58039127222191 0.846522777640793 0.588593108547237 -0.0282663496262985 -0.0104827650741194 0.807867116353863
1636512785.87307 24.232557581158 1.35426204061538 0.812860310618402 0.545715835025402 -0.0298160068526684 -0.00996602577125741 0.837380386364654
1636512786.20801 23.7126822844772 1.15115059845282 0.797960909708967 0.519672259185483 -0.026903884594827 -0.0102228360223825 0.853880798267782
1636512786.61001 23.0911926409225 0.863679871021943 0.771593758438078 0.494115748951628 -0.0278149275430599 -0.00831529740048425 0.868911279862845
1636512787.01183 22.4773720046616 0.525406587218295 0.756394419485686 0.469309942857712 -0.0290717709779438 -0.00763510294153373 0.882521792858493
1636512787.34681 21.9796631478565 0.19825204411512 0.74636212236671 0.447878664698604 -0.0299627598068218 -0.00856919564592892 0.893551063800238
1636512787.74853 21.4062182795159 -0.227082706284052 0.734876259333958 0.422407840367913 -0.0314251600946113 -0.0109974425743259 0.905794199564983
1636512788.15066 20.8481976942902 -0.671054054147582 0.727484482451836 0.398871848619928 -0.0323456189136809 -0.0126188945280675 0.916349154425594
1636512788.48549 20.3995761851778 -1.07101939982434 0.715897261586408 0.382770987531974 -0.0318920624651359 -0.0136913634336315 0.923191103739007
1636512788.8206 19.9502458303958 -1.48488165551717 0.693683093056127 0.369436650733491 -0.0330784500157554 -0.0148163558319436 0.92854878861546
1636512789.15541 19.5066365591997 -1.927716704643 0.676906428976356 0.358698635449415 -0.0338639786409602 -0.0158446313471463 0.932704383786634
1636512789.55703 18.9792405187428 -2.48352581601203 0.651681569726348 0.347713222367738 -0.0332303655189658 -0.0175571261690274 0.93684737557342
1636512789.89229 18.5369564672122 -2.94770059708457 0.643441955232446 0.34200321119237 -0.0333402018330475 -0.0182266280354934 0.938930255400418
1636512790.29415 18.0109594128623 -3.50011168822705 0.612797417313172 0.341584879652901 -0.0329655779038445 -0.0163596618239004 0.939130130562846
1636512790.62896 17.5763452842038 -3.95847711990622 0.588809927346121 0.345204786779522 -0.0322654815772741 -0.0143892793094516 0.937862219371292
1636512790.96392 17.1390832242864 -4.41398428960747 0.570670521288447 0.350702842787333 -0.0303182281989946 -0.0141469295330171 0.935888981388575
1636512791.29878 16.682120313946 -4.85533809897955 0.543178940461347 0.359189639915954 -0.0317309994748513 -0.0136377177420222 0.932625304666437
1636512791.70091 16.1259057186869 -5.3920217580857 0.523803437341604 0.372290819997417 -0.0319335957215223 -0.0150761683420658 0.927444068371817
1636512792.16981 15.4609768713054 -5.98518023063953 0.495089431268616 0.389629030660166 -0.0321813300991241 -0.0161045916534529 0.920268560034269
1636512792.50456 14.9778399693692 -6.38276474791556 0.473560909591641 0.40209876287604 -0.0322454782367458 -0.0153571017939609 0.914899433517877
1636512792.83969 14.4900568838917 -6.77589682010089 0.450383744171228 0.414978001432646 -0.0299472308078453 -0.0157383243190511 0.909202247490368
1636512793.17441 13.9732915347403 -7.14536312225015 0.424165025631998 0.42946922874789 -0.030841776561367 -0.0154150060016908 0.902423040467828
1636512793.71039 13.1283766278626 -7.70915246981257 0.389049613101989 0.457486631422249 -0.0302266274493456 -0.0155243013662532 0.888567008801278
1636512794.04537 12.5871888335043 -8.03027625215508 0.364844068417637 0.475718815643474 -0.0287731131139165 -0.0156866182953243 0.878986715719277
1636512794.44735 11.9248364990784 -8.37169534033408 0.339788694480481 0.499990055071894 -0.0276875499353271 -0.0153364100810625 0.865452563075301
1636512794.84908 11.2608883623006 -8.67186521133094 0.308759938114952 0.525233586515418 -0.0262906901335115 -0.0147701944726433 0.850423612421301
1636512795.31812 10.4605749893333 -8.96144121869935 0.276640301120067 0.557406318229848 -0.0252561179685285 -0.0152429196938889 0.829715600854781
1636512795.72008 9.75501255322371 -9.15556017871276 0.249266190527253 0.587694745019657 -0.0252945814211995 -0.0149369803839789 0.808549291907436
1636512796.18875 8.9235410544185 -9.3058561101442 0.20981971801398 0.622381891313549 -0.027045529711033 -0.012005756065873 0.78215419356346
1636512796.59085 8.18919573108362 -9.39939836107382 0.189218387200784 0.65141858166826 -0.0271018831822079 -0.0145424726046387 0.758094872608853
1636512796.99269 7.45512759256455 -9.40845963054556 0.156010480720745 0.682060314061408 -0.0276034687523998 -0.013914640099551 0.730642292292328
1636512797.3277 6.84802542599577 -9.38772022110988 0.137862886976739 0.709216167063733 -0.0270757151191865 -0.0151824921401187 0.7043073377146
1636512797.86374 5.85950071862731 -9.2682284382047 0.114032861205606 0.750670974164011 -0.0266460764034851 -0.0205711177683607 0.659818084227551
1636512798.19851 5.26435002566535 -9.12533711534104 0.0828699603531269 0.775637988670853 -0.0248337339098477 -0.0178600376395455 0.630436368911442
1636512798.73441 4.3460954874041 -8.79941617346289 0.0528010130947636 0.812028461670059 -0.0208975365916753 -0.0144898747395335 0.583063559084419
1636512799.13632 3.68781713683267 -8.49075553164443 0.0270544543487459 0.837318528752198 -0.0158103992213202 -0.0149307253595976 0.546282697991575
1636512799.5386 3.06875842525573 -8.13815018912163 -0.0182643827968018 0.860956399162338 -0.00945694374323035 -0.0147911974350768 0.508375712868834
1636512799.87319 2.58530879154121 -7.79385473507517 -0.0175118276970307 0.878764227437489 -0.0108431524606271 -0.015849571884528 0.476869635950944
1636512800.2082 2.1438388593198 -7.4206576893215 -0.0209589527319911 0.89662621005695 -0.0115429536462422 -0.0163616436965767 0.442335275866144
1636512800.5429 1.74529846547796 -7.02039377710326 -0.0195141777996166 0.914435890651519 -0.00995609670157766 -0.0160884657214686 0.404288312096158
1636512800.94496 1.31719639831821 -6.50806813030497 -0.0216551698923943 0.934579932356286 -0.0101311337678568 -0.0151109641807238 0.355287726958061
1636512801.27978 1.00510661301401 -6.04958807803674 -0.0296965726887684 0.948138102039379 -0.00978900684402194 -0.0124260080349318 0.317464815578811
1636512801.7487 0.620910476827293 -5.36679374392667 -0.0350434024379907 0.9635575387517 -0.00847606102799472 -0.0113658012899323 0.267125147571796
1636512802.3516 0.221068734641665 -4.42977952285097 -0.0375991907737128 0.97914489534901 -0.00680064861323084 -0.0108240701417437 0.202760609083672
1636512802.8204 -0.00420784544660308 -3.67005137824497 -0.0375162589519792 0.98826378371289 -0.00529556517488618 -0.0094276512865543 0.152373784432165
1636512803.22249 -0.135220629004304 -3.00380860681382 -0.0332067092525181 0.99351382600594 -0.00522659030987788 -0.00659775271395288 0.113399426576576
1636512803.62436 -0.211272156061892 -2.32886186409415 -0.0272238519999865 0.996944546514829 -0.00341195019814686 -0.00433363937792155 0.0779175804291327
1636512804.09298 -0.266665275427248 -1.5156304845874 -0.0186582819235664 0.998995795680298 -0.00373664898296298 -0.00447028177604476 0.0444235776171804
1636512804.42828 -0.256609661968543 -0.923876423591902 -0.00511820664934218 0.999704193751718 -0.00386259119015046 0.000429237458523762 0.0240087721412043
1636512804.83017 -0.25309679003812 -0.204864109358401 0.0011255411036426 0.999983773054721 -0.00170795565349916 -0.00224570210440163 0.00494907433643929
1636512805.16488 -0.217554162088937 0.397602019249034 0.00495186964277264 0.999976973506812 5.20598662649184e-05 -0.000180504423175012 -0.00678359521793541
1636512805.49989 -0.186370205780479 1.00375764226431 0.0117999132430427 0.999903613338296 0.000185659256888113 -0.00122427628901913 -0.0138286192813399
1636512805.96886 -0.11769231075057 1.80977787731849 0.0255165252203615 0.999877818660696 -0.000594995812216978 0.000273543580067095 -0.0156179033234474
1636512806.37072 -0.0732181649150045 2.38824325357038 0.0372418175166697 0.999873143248647 -0.00178373014104987 -0.000205570496873093 -0.015826353263622
1636512806.70575 -0.0333805074195887 2.74261649701853 0.0484051078743541 0.99986640479899 -0.00259142656688833 0.00206285449872488 -0.0160063016967763
1636512807.04047 -0.0239966187477194 2.9215430853872 0.0534566870959357 0.99986252115704 -0.00330407812826445 0.000497905605405173 -0.0162411189028861
1636512807.37569 -0.0255265813077726 2.92155821528928 0.056878009907335 0.999869103189866 -0.00148128141710334 0.000474994703586006 -0.0161045543772248
1636512807.71028 -0.0227121640920707 2.91902616289713 0.0520890175184293 0.999870690475471 -0.000948847681789676 0.000263855520042172 -0.0160509313264548
1636512808.04557 -0.0219798423928316 2.91876064329183 0.0533513983157655 0.99987074838622 -0.00100319374540572 0.000301303938985101 -0.0160433581218719
1636512808.51433 -0.0216891276031725 2.91824206427795 0.0538662171586751 0.999870352922963 -0.00120123457379039 0.000347063553547882 -0.0160534709050104
