1636512750.16943 -0.000744101426837694 0.000978118689034413 -0.000256738493526046 0.999999802079035 0.000450394116176564 -0.000322474339067145 -0.000298324204400832
1636512750.63843 0.00588441739058165 0.0666621574019524 -0.000870342735564689 0.999994555858975 0.0011549360614437 -0.000943851864944957 -0.00294338559518248
1636512750.97337 0.014421547123814 0.164166662165365 0.00312646237376399 0.999973565641044 0.00140043820094166 -0.00137538045412543 -0.00700107995866584
1636512751.30823 0.0286530071596061 0.305068978550246 0.00714817374537965 0.999918103005992 0.00180630420305346 -0.00179412961759405 -0.0125421547167777
1636512751.71021 0.0518797167251445 0.542369837665553 0.0111453800906669 0.999766411944315 0.00207595275696403 -0.00198357373854823 -0.0214214239340974
1636512752.11207 0.0843317406599438 0.857303110119938 0.0227555460354349 0.999481768734102 0.00207719975610108 -0.00156757856532384 -0.0320846054481806
1636512752.58089 0.140400119754665 1.30082456150876 0.0276919084910446 0.998982875579627 0.002941731239578 -0.00134105464936039 -0.0449751274417422
1636512752.98307 0.212909163884065 1.74726865469087 0.0421585016587872 0.998478358758281 0.0027083809879205 -0.000165637542001971 -0.0550781656194091
1636512753.45181 0.306660796400894 2.31390408720156 0.0578116488040773 0.997709918476414 0.00192425408079032 -0.00161602845873913 -0.067591451175721
1636512753.78673 0.405336045139289 2.76039717799153 0.0733546534552857 0.996973679185387 0.00232726401177595 0.00173898198828634 -0.077685537878152
1636512754.18868 0.522408142801171 3.32777573890397 0.0878863179328434 0.995904483372985 0.00349539921773624 7.93970862344586e-05 -0.0903439863964362
1636512754.65759 0.70141493019137 4.03125166076085 0.103985112938995 0.994294459949391 0.00401520723064607 -0.00107312984764131 -0.106589180582148
1636512754.99245 0.858338746887479 4.55772214753701 0.116434025495512 0.992617832974892 0.00468829351676043 -0.00141289471110688 -0.121185235456576
1636512755.3276 1.04657675508272 5.0895412381198 0.133676283272179 0.990089490698109 0.00531236156726095 0.000199465740751674 -0.140337234678315
1636512755.79646 1.35443003370044 5.81882565423164 0.152910818806525 0.984128427546758 0.00629741958018667 0.00110022458085101 -0.177342521993028
1636512756.26522 1.71106443097611 6.53668929606165 0.181998074857156 0.974937685520887 0.00657835861566872 -0.000928728129684706 -0.222378892912886
1636512756.60034 2.01086590723476 7.01235012933473 0.201422795690114 0.965921697180367 0.006982031666327 -0.000886542565751684 -0.258738748919232
1636512757.136 2.55243536938264 7.68681695455521 0.24002149385123 0.946769722294699 0.00939869235994003 0.00170540908045903 -0.321769869794874
1636512757.53808 2.99057238651448 8.13336250255983 0.265261363411807 0.928255038266384 0.0127958365367744 0.000947512698449759 -0.371722951564851
1636512757.8731 3.39136156665023 8.45286117470044 0.291298730508281 0.9093994321726 0.0150235407681619 0.00276389859670853 -0.415643268743147
1636512758.20778 3.80706768814312 8.74986477747363 0.312397048684951 0.8866405007405 0.0154235206865582 -0.000176181112450232 -0.462202019052798
1636512758.60962 4.35349875718595 9.01857665852985 0.33991992044304 0.855146296827336 0.0166482449427416 0.00136487248910663 -0.51811753887116
1636512758.94478 4.82404368534479 9.18026230585878 0.370916436865383 0.824207093175718 0.0174379285924533 0.00220576707888207 -0.566015654197684
1636512759.27953 5.31794824447743 9.28598821335368 0.390160792345082 0.790059376879139 0.0197364303234847 0.00596732886154463 -0.61268347889403
1636512759.61457 5.81226265140654 9.3631370397127 0.406906730376385 0.754202512059244 0.0210404973016694 0.0056435602669253 -0.656280441963905
1636512760.01645 6.41819785122995 9.36818286242231 0.434965999146237 0.712146568419118 0.0217387120116142 0.00586467388267598 -0.701669650967747
1636512760.35133 6.93820258523888 9.31694233533789 0.449350325381769 0.677647769549339 0.0230799507764578 0.00761831232090386 -0.734984882575378
1636512760.68643 7.46878856229917 9.22577023323967 0.469029085381899 0.643721503885721 0.0221569459991854 0.00738608373028028 -0.764903353990701
1636512761.08817 8.09035329749005 9.04926106952684 0.507666061592578 0.603686015122394 0.0215849261289744 0.00745977336604674 -0.796894998033605
1636512761.42385 8.59767861502555 8.85348091958039 0.517890613441455 0.573003861146753 0.0257030079913349 0.00866313712549982 -0.819103705611356
1636512761.75949 9.11162224579637 8.62866324086122 0.531959865054084 0.545716847453225 0.0257041398167548 0.00668020467310981 -0.837548681849312
1636512762.16002 9.71971822403316 8.30530011056476 0.548892509544891 0.517719486394106 0.0278582984184288 0.00684268526949188 -0.85506936927676
1636512762.62896 10.4043820688739 7.87255094411619 0.560639795604736 0.49369269100565 0.0312587858623268 0.0062582753178508 -0.869051925459036
1636512763.16495 11.2004494987474 7.33329674498189 0.588335100341299 0.471461934148672 0.0296570661957504 0.00706885218848142 -0.881359253881295
1636512763.63374 11.8799262491671 6.81080999620886 0.60923421724129 0.457360091133258 0.0310651859763209 0.00942365002761587 -0.888688863483161
1636512763.96869 12.3520168910101 6.41378890983431 0.631413555171976 0.447813178159702 0.0319098293320407 0.0110488939651517 -0.893489251306726
1636512764.37067 12.9233734210914 5.94197373631729 0.643279326288152 0.436523104101381 0.0303090616310582 0.0105422476925739 -0.899120571103969
1636512764.77236 13.4748983863582 5.43741240266287 0.664432289920355 0.425174417972218 0.0320080604430227 0.0112561985548086 -0.904475260227032
1636512765.10751 13.9194275905907 5.00370556560531 0.669904700418474 0.415744435327795 0.0341199628206677 0.0107249625254655 -0.908777952973066
1636512765.50931 14.4586036155689 4.47031011212373 0.682331557236776 0.404040930092391 0.0345633363431286 0.0110893162196289 -0.914020420809453
1636512765.84414 14.8988606034556 4.02312442629464 0.690215587339272 0.394775923278698 0.0345358157979927 0.0106733028151011 -0.918066080646505
1636512766.17932 15.3208707905748 3.56682202294391 0.701892566575763 0.385252539133041 0.0357939659450855 0.0112931511401307 -0.92204757894091
1636512766.58098 15.8240103365949 3.01577332946219 0.727233242730136 0.374730006337421 0.034764908482443 0.0127530413592401 -0.926394183609036
1636512766.91611 16.2143223255416 2.53753659221165 0.737798302483616 0.365924351212599 0.0373488421564334 0.0128696565566304 -0.929805788925476
1636512767.25086 16.6166051240988 2.05756562381297 0.750859542314017 0.35781683939564 0.0372585182699122 0.0126871766347252 -0.932961921950883
1636512767.65294 17.091646818458 1.46318397285377 0.756565163617387 0.349264093900291 0.0360577670903542 0.0119057563200828 -0.936254603786231
1636512767.98777 17.4774873535374 0.951935224727255 0.769060578182987 0.343072952481918 0.0368493861376546 0.0112903973088742 -0.938517766984315
1636512768.3228 17.8519894508409 0.421156582899289 0.776860109563951 0.337637558410947 0.0383920078719532 0.0113235968504007 -0.940424749268236
1636512768.65778 18.2256141003349 -0.0985196682327786 0.784989641195292 0.332049110701687 0.0381819502578084 0.011701775219172 -0.942416359797223
1636512769.12666 18.7348800614867 -0.807825214092816 0.794317634537095 0.325115506537891 0.036977248612873 0.0110961653819735 -0.944885953757092
1636512769.46144 19.098568713722 -1.31866755648023 0.808703091335573 0.32081895663591 0.0363009082564565 0.0126334898424068 -0.946360309848846
1636512769.79651 19.4619736451895 -1.83715322861037 0.822452333804049 0.317826185372755 0.0344746797980344 0.0135320362752849 -0.947425404102334
1636512770.13136 19.8243403384126 -2.37717517907195 0.826162625255791 0.31737554791598 0.0356535075776993 0.0146355185617826 -0.947516432880647
1636512770.5334 20.2600017857075 -3.01087190610085 0.83522036632622 0.32180249247161 0.0357940768461046 0.0146729277287479 -0.946016197056721
1636512771.13627 20.9292335681045 -3.92194170772726 0.85024710187559 0.336403892223426 0.0362504436487093 0.012476700084419 -0.940937117233242
1636512771.53812 21.4122275135562 -4.49013580049335 0.863809903839386 0.35820469339359 0.0361108691837125 0.0107894938151921 -0.932882087715706
1636512771.87291 21.8325695607635 -4.97008209225887 0.872765416110019 0.382897152345444 0.0363898143531863 0.010046006217902 -0.923019300933713
1636512772.27506 22.3631114072311 -5.53962913578242 0.871713066741606 0.414681295614535 0.036762028477355 0.00827080984207811 -0.909186213068718
1636512772.60959 22.8254289225822 -5.9466306256083 0.888969106820268 0.442478287688821 0.0378461106405117 0.0100084787555035 -0.895924364657171
1636512772.94483 23.3024003189877 -6.29676980951456 0.90645067901157 0.476502670676895 0.0371357326665433 0.00996901732026344 -0.878331805692344
1636512773.34667 23.8911087313663 -6.63149860720118 0.935986944872262 0.522703847135472 0.0337788164049933 0.00905614505596794 -0.851796728092319
1636512773.68167 24.3998167063955 -6.84696792310564 0.951836718220806 0.564995519677242 0.0329268068381534 0.00915489637854862 -0.82438587809859
1636512774.08357 25.008410971175 -7.05221357163141 0.981439382936063 0.618495013753644 0.0317779390478979 0.0109701554002906 -0.785069255698019
1636512774.41841 25.5184520153085 -7.1522905080877 1.00703817653995 0.661501063151381 0.0285743517479835 0.0100111800556139 -0.749332787315268
1636512774.82052 26.1380568603298 -7.20418594586232 1.03536424348358 0.709963727371106 0.0264184266292295 0.00814059459908773 -0.703695462022696
1636512775.15536 26.6538809452043 -7.19787845515169 1.04800597956091 0.746577425422094 0.0261779725193413 0.00777423631265212 -0.664737860253686
1636512775.5584 27.2598461498016 -7.09690191435781 1.08092437115263 0.787144757247598 0.0229489429649419 0.00685006305157875 -0.616303134659074
1636512775.96315 27.8685927469407 -6.91784479786346 1.11080402642325 0.824624313851042 0.0207878281009289 0.0077152721498834 -0.565246036504634
1636512776.36107 28.4282107211319 -6.67503828128575 1.13654919463181 0.858766463242198 0.0197093346726451 0.00476149229511853 -0.511965850353684
1636512776.69598 28.8782932435621 -6.43094229914541 1.15977346069166 0.884439105400507 0.0180212043082623 0.00366703520880674 -0.466293102979668
1636512777.03087 29.3066644588489 -6.14093650626425 1.18304484112515 0.907573681262033 0.0163044028225663 0.00489531718479632 -0.419547631859293
1636512777.43271 29.775864465073 -5.71032488892414 1.20079211609289 0.932047206011248 0.0130786553671088 0.00293587081311303 -0.362088849873872
1636512777.90172 30.2387547279852 -5.1416932918726 1.23086043410815 0.956112299016072 0.00762332023907179 0.00248082387173619 -0.292890768327804
1636512778.30376 30.5566719518794 -4.61542644698676 1.25537517117396 0.973144423257129 0.00386839661004667 0.00144075282150386 -0.230158404631517
1636512778.77247 30.8512990453388 -3.97340180780911 1.27639445692019 0.987896658216608 0.000821147776713165 0.00265027936981668 -0.155088666317203
1636512779.10746 30.9988206667508 -3.48174194003033 1.29309092822879 0.994864374734461 -0.00199845710672839 0.00158430238862464 -0.101184840956259
1636512779.77734 31.1205563930177 -2.49120653645363 1.29621678211797 0.999968767595641 -0.00273464378106125 0.00109014599076666 0.00733465325457303
1636512780.11226 31.0914358024104 -1.98841317866775 1.30509173090071 0.998116734962975 -0.0049183756604519 -0.00191069409721891 0.0611158098676601
1636512780.51428 31.0010097210715 -1.39223249036054 1.30584624188325 0.991862408180046 -0.00771413869024704 -0.00166429522732133 0.127069608581061
1636512780.84924 30.8669142046669 -0.917547464286788 1.30754951082636 0.983116638353459 -0.0105677263066712 -0.000745010835020547 0.182673050864536
1636512781.18433 30.6703538796359 -0.466010681118827 1.30672857135887 0.970783138687103 -0.0137441024444001 -0.00335206652991422 0.239541146650828
1636512781.58596 30.3662539384586 0.0456416910948773 1.30403645989862 0.950869111310803 -0.0175943719902892 -0.00554970190150273 0.309042993834315
1636512781.98803 29.9939718778523 0.517924754113288 1.2902872073232 0.925796557879723 -0.0220481774825027 -0.00612251946078926 0.377328936132931
1636512782.3897 29.5407273855507 0.924598354584961 1.27067548725916 0.895765949309982 -0.0252338741911988 -0.00886951494339835 0.443720573508551
1636512782.72487 29.1225488841459 1.21778271440706 1.25512267734081 0.867792760937115 -0.0279714733691618 -0.0112188224426892 0.496011551040595
1636512783.12676 28.570362967318 1.50581639945468 1.23035706423613 0.830932710771538 -0.0302578985761614 -0.0131141944385572 0.555394731382867
1636512783.52842 27.9992841838844 1.72615981858456 1.19974052602535 0.789974512280698 -0.0338259349955434 -0.0111132539428701 0.612105033189037
1636512783.99732 27.2990468404476 1.85767401150689 1.16619024207383 0.737953382140113 -0.0344667416777911 -0.0120857389788628 0.673862585709742
1636512784.33234 26.8018385103027 1.89265938492444 1.13789857162647 0.700517751609858 -0.0358238395292456 -0.00800868869789677 0.712690250463828
1636512784.7341 26.1501707866995 1.86956594178307 1.08948647892884 0.656089130611403 -0.0336059089104097 -0.00941479992806751 0.753876022381793
1636512785.06922 25.6039527228901 1.80938302707099 1.04214021812865 0.62214880991338 -0.0335666821481149 -0.0102485045817058 0.782111951274734
1636512785.40416 25.070477373148 1.69390470295132 1.01264279307791 0.588593108547237 -0.0334728634930706 -0.0105429638859269 0.807667360918327
1636512785.87307 24.3055223898075 1.4775773160905 0.973894200298113 0.545715835025402 -0.0352120778454308 -0.0100280569709539 0.837170099232959
1636512786.20801 23.7838522517955 1.27898570490465 0.955318893134448 0.519672259185483 -0.0324064003113242 -0.0102885739995828 0.853688885658571
1636512786.61001 23.1594240037032 0.997475775933799 0.924551642241526 0.494115748951628 -0.0334128118177813 -0.00838188250244883 0.868713390417183
1636512787.01183 22.5419774888802 0.664367062017632 0.905198165380501 0.469309942857712 -0.0347567477428085 -0.00770214827469612 0.882315602793687
1636512787.34681 22.0406811260846 0.340798645201034 0.892008769471636 0.447878664698604 -0.035719368061659 -0.00863670405629599 0.893338813550668
1636512787.74853 21.4623656278182 -0.0810107340989019 0.877113328496022 0.422407840367913 -0.0372622604116878 -0.0110651286268045 0.905572030968934
1636512788.15066 20.8999519435061 -0.521809936315869 0.866250818569291 0.398871848619928 -0.0382517847880377 -0.0126869754323339 0.91612067436197
1636512788.48549 20.4486755552859 -0.919881861460249 0.8517926054945 0.382770987531974 -0.0378430353249458 -0.0137604458591393 0.922965289656631
1636512788.8206 19.9964409768649 -1.33205132569781 0.826792200500614 0.369436650733491 -0.0390646795691739 -0.0148851280544216 0.928315110761309
1636512789.15541 19.5504236962569 -1.77362357445023 0.807243421652116 0.358698635449415 -0.0398776676891036 -0.015913258533173 0.932465457134612
1636512789.55703 19.0210069005138 -2.32865752193125 0.778755498480492 0.347713222367738 -0.0392719479910593 -0.0176266143740781 0.936612263189704
1636512789.89229 18.5773433887299 -2.79219767296871 0.767698407378779 0.34200321119237 -0.0393956628899623 -0.0182962450448886 0.938694323353894
1636512790.29415 18.0514681374265 -3.34354514800097 0.733280885515217 0.341584879652901 -0.0390210090864887 -0.016429565126994 0.93889679956432
1636512790.62896 17.6177996993402 -3.80136971723481 0.706113178618921 0.345204786779522 -0.0383113692525097 -0.0144595541565731 0.93763362539112
1636512790.96392 17.1819823637295 -4.2574790551891 0.685032680519172 0.350702842787333 -0.0363512844638981 -0.0142183907873278 0.935672986433896
1636512791.29878 16.7256365461905 -4.69916308664159 0.654567709521146 0.359189639915954 -0.0377426589653725 -0.0137078518921084 0.932400337337871
1636512791.70091 16.170766296414 -5.23772091136214 0.631881526969166 0.372290819997417 -0.0379129232480257 -0.0151456434945606 0.927217754941942
1636512792.16981 15.5078104786524 -5.83312397342748 0.599104956830066 0.389629030660166 -0.0381151981712793 -0.0161731777211238 0.920040693913907
1636512792.50456 15.0263870632935 -6.23179307429747 0.574376358200844 0.402098762876039 -0.038144257507759 -0.0154251090448932 0.914671343447303
1636512792.83969 14.5410986105416 -6.62701521827182 0.548040567415397 0.414978001432646 -0.0358096598789281 -0.0158073969902794 0.908989027869266
1636512793.17441 14.0258756042925 -6.99798803418536 0.51852511613635 0.42946922874789 -0.0366603245799795 -0.0154827701240559 0.902204237403965
1636512793.71039 13.184604630807 -7.56574120763352 0.478040387820712 0.457486631422249 -0.0359560843724266 -0.015591125455196 0.888352440686446
1636512794.04537 12.6460913232696 -7.88986763854779 0.450342860746084 0.475718815643474 -0.034441054040448 -0.0157535223443043 0.878781684363699
1636512794.44735 11.9869320238915 -8.23513726565526 0.420970879860019 0.499990055071894 -0.0332681554246164 -0.0154027401545859 0.865254835444205
1636512794.84908 11.3263031661912 -8.5395730031031 0.385553241620707 0.525233586515418 -0.0317741925427144 -0.0148360231024001 0.850235245507333
1636512795.31812 10.5293007277828 -8.8352714980083 0.348358763310805 0.557406318229848 -0.0306066944790588 -0.0153074251529845 0.829534272580523
1636512795.72008 9.82629996371849 -9.03502173593223 0.316481981544073 0.587694745019657 -0.0305087075162531 -0.0149993555624301 0.808368186394467
1636512796.18875 8.9974658145995 -9.19080559174592 0.271529507429909 0.622381891313549 -0.0320876534193636 -0.012064266378452 0.781962670042348
1636512796.59085 8.26388663734945 -9.2913672218684 0.246643016230398 0.65141858166826 -0.0319909520317562 -0.0145985517602523 0.757903221217536
1636512796.99269 7.53103014322726 -9.30692440765477 0.208768232937881 0.682060314061409 -0.032315388868909 -0.0139676356808659 0.73044804659756
1636512797.3277 6.92418271280525 -9.29314537791216 0.186888562669972 0.709216167063733 -0.0316190460045535 -0.0152332454588522 0.704116902607784
1636512797.86374 5.93362045302482 -9.18562111285977 0.157339662008454 0.750670974164011 -0.0309068923138754 -0.0206177543273199 0.659630776087389
1636512798.19851 5.33909937937161 -9.04897088990421 0.121853482709254 0.775637988670853 -0.0289035555297096 -0.01790504219774 0.630261615896345
1636512798.73441 4.42070785482914 -8.73332519197291 0.0850394159678931 0.812028461670059 -0.0246601449815606 -0.014532967674426 0.582915472035028
1636512799.13632 3.76093548445347 -8.43377488910611 0.0543756888196645 0.837318528752197 -0.0193366944592962 -0.0149737751729174 0.546168069107591
1636512799.5386 3.14018282633735 -8.09044628370539 0.00405577246124907 0.860956399162338 -0.0127392926651663 -0.0148349913762046 0.508302776103653
1636512799.87319 2.65265649518033 -7.75120595305679 0.0019554937714983 0.878764227437489 -0.0139234405789662 -0.0158892510530329 0.47678831999076
1636512800.2082 2.20681510677011 -7.38332483448816 -0.00424095620618663 0.89662621005695 -0.0144013169502614 -0.0163973946446313 0.442250118098206
1636512800.5429 1.8037966864308 -6.98923878020778 -0.00571340771706276 0.914435890651519 -0.0125694180213173 -0.0161215629984116 0.404214184344706
1636512800.94496 1.36922652043619 -6.4831502517997 -0.0107396020021179 0.934579932356286 -0.0124283758678776 -0.0151390688201618 0.35521358941553
1636512801.27978 1.05274883055138 -6.02882154121665 -0.0210545390319209 0.948138102039379 -0.0118409123290507 -0.0124505982200704 0.317393942696364
1636512801.7487 0.661357140198159 -5.35152268645508 -0.0292247440070328 0.9635575387517 -0.0102032410952581 -0.0113863221650624 0.267063878226674
1636512802.3516 0.25133395003035 -4.42034055618542 -0.0347656163059637 0.97914489534901 -0.00811321039270511 -0.0108393854072241 0.202711512877521
1636512802.8204 0.0181212868599082 -3.6641822534403 -0.0365128362567964 0.98826378371289 -0.00628286358534101 -0.00943902904620552 0.152335564322043
1636512803.22249 -0.118487353609815 -2.9995325741967 -0.0331415642335144 0.99351382600594 -0.00596103252584959 -0.00660530773318406 0.113362751977948
1636512803.62436 -0.199748761938897 -2.32641323478329 -0.0280264226546845 0.996944546514829 -0.00391645294845791 -0.00433895781272032 0.0778935556753241
1636512804.09298 -0.261097220568829 -1.5136607405148 -0.0197372619425072 0.998995795680298 -0.00402566454857962 -0.00447204174960353 0.0443981427609408
1636512804.42828 -0.252469924914193 -0.921981705754642 -0.00609665582630584 0.999704193751718 -0.00401673331470194 0.000429594020410743 0.0239834588348404
1636512804.83017 -0.253316569788501 -0.203956710940483 -0.000191064288758494 0.999983773054721 -0.00174136636061057 -0.00224498074050073 0.00493774563100918
1636512805.16488 -0.21872798840371 0.397793055032231 0.00357442888316122 0.999976973506812 9.55919706366078e-05 -0.000179867327401419 -0.00678313836486775
1636512805.49989 -0.188978971701771 1.00398503333706 0.0106477086888231 0.999903613338296 0.000273792099461182 -0.00122303378739555 -0.0138272650680071
1636512805.96886 -0.119492924248275 1.81042104495007 0.0250473118382569 0.999877818660696 -0.000494267883741186 0.000275517683641031 -0.0156213808478126
1636512806.37072 -0.0749215979087944 2.38947079371798 0.0373477665909606 0.999873143248647 -0.00168197546713308 -0.000202731647271195 -0.0158375272210466
1636512806.70575 -0.0339315244435742 2.74420940858778 0.0489681576383563 0.99986640479899 -0.00248688783207395 0.00206628404840381 -0.0160224346927895
1636512807.04047 -0.0251807627129238 2.92348300577623 0.0542309012169018 0.99986252115704 -0.00319912307183951 0.000501864817079481 -0.0162619964568886
1636512807.37569 -0.0267281390909528 2.9226962879208 0.0572931792722774 0.999869103189866 -0.00137725979470738 0.0004776463042132 -0.0161137052151278
1636512807.71028 -0.0239700218080833 2.91992957042777 0.0524179502586583 0.999870690475471 -0.000845332110255291 0.000266123859245715 -0.0160566783557551
1636512808.04557 -0.0232276624075996 2.91968694202852 0.0536958364761694 0.99987074838622 -0.000899699216851552 0.000303610097707799 -0.0160494511996164
1636512808.51433 -0.0229212152882751 2.91925478718884 0.0542509270232814 0.999870352922963 -0.00109763834857414 0.000349511299345116 -0.0160608336526115
