1636512750.16943 -0.000489354817036484 0.00140485737034723 -0.000331213915295725 0.999999802079035 0.000448027942546016 -0.000322932682648826 -0.000301375737825509
1636512750.63843 0.00666575922491183 0.0681543019880763 -0.00114597275336925 0.999994555858975 0.00113382117358716 -0.000945210546718771 -0.00295114875592674
1636512750.97337 0.015635890289563 0.166632966422444 0.00267592410542944 0.999973565641044 0.00135108327567979 -0.00137731680783269 -0.0070103916815624
1636512751.30823 0.0303323160105098 0.308905122326944 0.00648362673106434 0.999918103005992 0.00171854776289051 -0.0017969228504939 -0.0125540807211967
1636512751.71021 0.0539448159320325 0.548080687047647 0.010253145609803 0.999766411944315 0.00192713220666777 -0.00198737395456228 -0.0214349726898001
1636512752.11207 0.0864612619932986 0.86497220692276 0.0216966794055797 0.999481768734102 0.00185567338400005 -0.0015722779877635 -0.0320979498780177
1636512752.58089 0.142901620614795 1.31143435260861 0.0262645866713084 0.998982875579627 0.00263202571200978 -0.00134767139128016 -0.04499411651685
1636512752.98307 0.215059090909116 1.75932729468855 0.0404528275245809 0.998478358758281 0.0023305458246241 -0.000172880949025126 -0.0550954241267539
1636512753.45181 0.310707863027386 2.32720493789425 0.0550446801222218 0.997709918476414 0.00145925302408858 -0.00162357027719584 -0.0676029080288227
1636512753.78673 0.407406323044116 2.7757740048404 0.0706503444556884 0.996973679185387 0.00179627536934909 0.00173020092652179 -0.0776998250390901
1636512754.18868 0.526757386961895 3.34592222044193 0.0839347488636788 0.995904483372985 0.00287600150877994 6.84269928106259e-05 -0.0903658338679849
1636512754.65759 0.707887561851825 4.05220586976358 0.0984678032498714 0.994294459949391 0.00328331317882403 -0.00108596737401796 -0.106614105274026
1636512754.99245 0.866194420454752 4.5815517904798 0.109722460605565 0.992617832974892 0.00385598736465704 -0.00142760868289418 -0.121214400774503
1636512755.3276 1.0546505130061 5.11738705389856 0.126013259847304 0.990089490698109 0.00435028653529051 0.00018253798019849 -0.140370374709574
1636512755.79646 1.36489026551895 5.85448468178215 0.143324560265308 0.984128427546758 0.00508248218377849 0.00107923281259838 -0.177381627362398
1636512756.26522 1.72754723963319 6.58070701858855 0.169438474936044 0.974937685520887 0.00505269808311506 -0.00095378122192792 -0.222418681532459
1636512756.60034 2.03149483916266 7.06341333532196 0.186802051645207 0.965921697180367 0.00520712210434484 -0.000915045504330629 -0.258780454221943
1636512757.136 2.58018142273558 7.75163613180196 0.222399047608855 0.946769722294699 0.00719408161428976 0.00166927252768947 -0.321826897050221
1636512757.53808 3.02790740005713 8.20893720915151 0.244756124730847 0.928255038266384 0.0102479417137464 0.000903901795705159 -0.371802026063938
1636512757.8731 3.43619598098098 8.53752130576797 0.268696890009717 0.9093994321726 0.0121762254555876 0.00271444533883802 -0.415736748537233
1636512758.20778 3.86372143770567 8.84041103779342 0.286387342610619 0.8866405007405 0.0122541659347964 -0.000229937992626105 -0.462296879713024
1636512758.60962 4.42232183455335 9.11740431791774 0.310703513407486 0.855146296827336 0.0130969909367634 0.0013052284991454 -0.518219621617573
1636512758.94478 4.90481746283161 9.28477789162159 0.338797648610586 0.824207093175718 0.0135590790827666 0.00214132995310731 -0.566122101352079
1636512759.27953 5.4102667625544 9.39724845473323 0.355825521370597 0.790059376879139 0.0155411924718909 0.00589674901779493 -0.612804928743984
1636512759.61457 5.91846029321867 9.47703587942745 0.369384273702921 0.754202512059244 0.0165460199773015 0.00556805502937694 -0.656409778103303
1636512760.01645 6.53910650310232 9.48310130171125 0.393494491840828 0.712146568419118 0.0169332462223356 0.00578467505465917 -0.701802727121917
1636512760.35133 7.07004045152892 9.43274683219724 0.404923217354548 0.67764776954934 0.0180477329208393 0.00753421705817019 -0.735126530152832
1636512760.68643 7.61060070227995 9.33919844840626 0.420752301446608 0.643721503885721 0.0169194085832676 0.00730035764626993 -0.765037949272149
1636512761.08817 8.2433626049074 9.15940140389884 0.455002756686187 0.603686015122394 0.0161281414309711 0.00737190403938162 -0.797024926354541
1636512761.42385 8.76090811292796 8.96326101290375 0.46284452625398 0.573003861146753 0.0200950208650254 0.00856943484212976 -0.819261454014427
1636512761.75949 9.28253359232856 8.73395055769276 0.47310983502294 0.545716847453225 0.0199677887379317 0.00658494920604446 -0.83770582441725
1636512762.16002 9.89839443347275 8.40791886575969 0.486421566914896 0.517719486394106 0.0220019316937539 0.00674388176651 -0.855240883300305
1636512762.62896 10.5903916194287 7.97267765249834 0.49425513386542 0.49369269100565 0.02530591251467 0.00615502279288635 -0.869246370906326
1636512763.16495 11.3889932398442 7.4299934299811 0.516247759252443 0.471461934148672 0.0236206327518581 0.00696610423830143 -0.881542502519837
1636512763.63374 12.0705511993672 6.90751829398881 0.533168057413738 0.457360091133258 0.0249807320483233 0.00931892893101827 -0.888881807457261
1636512763.96869 12.5439426694479 6.51049252563198 0.552539660211858 0.447813178159701 0.025794006991771 0.0109429552017756 -0.893688020732776
1636512764.37067 13.1157145792743 6.0360084858648 0.56005355430088 0.436523104101382 0.0241541826285566 0.0104373753052145 -0.899308187577528
1636512764.77236 13.6695676331799 5.53077567914095 0.577955543562281 0.425174417972218 0.0258171160009703 0.0111492401815711 -0.904674463697717
1636512765.10751 14.1167957775493 5.09591143242022 0.580884126233308 0.415744435327795 0.0278989580468917 0.0106156100206755 -0.908991485910489
1636512765.50931 14.6574490645024 4.56104107379468 0.589806642149358 0.404040930092391 0.0283067294213558 0.010979095521995 -0.914236903292063
1636512765.84414 15.0987273467777 4.11204898779402 0.594647274623266 0.394775923278698 0.028251072808908 0.0105627681580352 -0.918282241586669
1636512766.17932 15.5224164639775 3.65502693247315 0.603857708692174 0.385252539133041 0.0294824920642643 0.0111810703513249 -0.92227232823013
1636512766.58098 16.0253843071774 3.10302621213286 0.625661389092201 0.374730006337421 0.0284250631815932 0.0126415840907867 -0.926611908236212
1636512766.91611 16.4183017156202 2.62421121313427 0.634271311484226 0.365924351212599 0.0309856574110686 0.0127554256862015 -0.930041158949434
1636512767.25086 16.8211686676835 2.14277543037998 0.644552731576398 0.35781683939564 0.0308735220478505 0.0125727670221032 -0.933196581975461
1636512767.65294 17.295927726407 1.54617713118852 0.646640031778991 0.349264093900291 0.0296494738858623 0.0117922252171523 -0.936480883325831
1636512767.98777 17.6826747557001 1.03380602859363 0.656662989471212 0.343072952481918 0.0304249661795446 0.0111759142329163 -0.938749364659903
1636512768.3228 18.0582662035982 0.502760127268787 0.662351785032414 0.337637558410947 0.031954508770984 0.0112074688625127 -0.940666881080224
1636512768.65778 18.4316348773666 -0.0174498357785746 0.667939119416513 0.332049110701687 0.0317311655489837 0.011585681486924 -0.942657039012389
1636512769.12666 18.940010849802 -0.728408788020747 0.673439504457795 0.325115506537891 0.0305089790951504 0.0109810231804873 -0.945118260712961
1636512769.46144 19.3026112961941 -1.23877359843815 0.685333047524714 0.32081895663591 0.0298240252074129 0.0125188735714914 -0.946588084854217
1636512769.79651 19.6639999978561 -1.75724648683425 0.696222338373902 0.317826185372755 0.0279914023781311 0.0134190871310364 -0.947640715347794
1636512770.13136 20.0259898110474 -2.29578453996966 0.697925818807299 0.31737554791598 0.0291706389477682 0.0145214269528865 -0.947739924012734
1636512770.5334 20.4597519926867 -2.92793413226869 0.704092894718238 0.32180249247161 0.0293215263034051 0.0145588271605765 -0.946240690567684
1636512771.13627 21.1254696795194 -3.83669602678948 0.714500809817553 0.336403892223426 0.0298105919613444 0.0123625890633214 -0.941164659501989
1636512771.53812 21.6035521961752 -4.40126686892128 0.724579228892455 0.35820469339359 0.0297246229606312 0.0106761960945397 -0.933108709238963
1636512771.87291 22.0183907862731 -4.87641248977237 0.730679109362915 0.382897152345444 0.0300704648809515 0.00993327086021514 -0.92324799918419
1636512772.27506 22.5417008462469 -5.4406897398254 0.725923688659325 0.414681295614535 0.0305358014435265 0.00815888187300767 -0.90941762713521
1636512772.60959 22.99694139273 -5.84088919203366 0.740498987118142 0.442478287688821 0.0317124506426585 0.00989662346954792 -0.8961636804971
1636512772.94483 23.4642774360298 -6.18550284600839 0.75450278394727 0.476502670676895 0.0311226647571094 0.00985932683717825 -0.878566661244621
1636512773.34667 24.0380621066403 -6.51532407099451 0.77898358076265 0.522703847135472 0.0279468732300098 0.00895191925853275 -0.852009110049905
1636512773.68167 24.5334448354053 -6.72595000649181 0.791102777978185 0.564995519677242 0.0272829053786146 0.00905379827440863 -0.824593072100142
1636512774.08357 25.123281629287 -6.92572276270175 0.816469146835755 0.618495013753644 0.0264053619483948 0.0108734722655663 -0.785269662232755
1636512774.41841 25.6171479035373 -7.02570547802803 0.837623313105745 0.661501063151381 0.0234459352876133 0.00992058882612152 -0.749511983550247
1636512774.82052 26.218977293422 -7.07925723220612 0.860802634864549 0.709963727371106 0.0216011484732759 0.00805592125075365 -0.703860780506176
1636512775.15536 26.7208224113597 -7.07446848170415 0.869689080923318 0.746577425422094 0.021627437664736 0.00769307463371507 -0.664902412683888
1636512775.5584 27.3096332307713 -6.97922847405768 0.89753153986712 0.787144757247598 0.0187296609414989 0.00677608690319298 -0.616446604001446
1636512775.96315 27.901335563735 -6.80653211638223 0.92290970817217 0.824624313851042 0.0169194727653035 0.00764767393108401 -0.565375968299403
1636512776.36107 28.4479082424577 -6.57290433444579 0.943861090570124 0.858766463242198 0.0162034489762561 0.00469941925131401 -0.512089372385778
1636512776.69598 28.8868959779893 -6.33763476271684 0.963379136257485 0.884439105400507 0.0148274348931161 0.00361043254753874 -0.466406025678979
1636512777.03087 29.3035210944136 -6.05676966740929 0.983625598561633 0.907573681262033 0.0134323384543818 0.0048443017309297 -0.419649994763336
1636512777.43271 29.7621626075412 -5.6404956629523 0.997210615759381 0.932047206011248 0.0105987163411558 0.00289279801700973 -0.362170270312431
1636512777.90172 30.2133572152548 -5.0909933474488 1.02337695768933 0.956112299016072 0.00561749022720526 0.00244882679271626 -0.292936373161627
1636512778.30376 30.5240149910806 -4.58218259473217 1.04513574100375 0.973144423257129 0.00229174391153319 0.00141765117455314 -0.230179646490609
1636512778.77247 30.8112526965878 -3.96030696289117 1.06422470699565 0.987896658216608 -0.000239597383508965 0.00263642994566256 -0.155090891140304
1636512779.10746 30.9569241983335 -3.48423137118466 1.07956032412523 0.994864374734461 -0.00269059994895879 0.00157770509085191 -0.101168905315667
1636512779.77734 31.0785241391673 -2.52111445581017 1.08171221563819 0.999968767595641 -0.00268324421939454 0.00109339435587232 0.00735313011559925
1636512780.11226 31.0538830237074 -2.03308009162869 1.09010747411304 0.998116734962975 -0.00450109061830415 -0.00190081487796629 0.0611482663114496
1636512780.51428 30.9679077617228 -1.45477339215981 1.09166922101202 0.991862408180046 -0.00684437636132392 -0.00164617285805506 0.127119659637784
1636512780.84924 30.8389299574639 -0.995170447611291 1.09470986693235 0.983116638353459 -0.00931579936676217 -0.000719461463377241 0.182741275167805
1636512781.18433 30.6521762156268 -0.558020363544757 1.094965395046 0.970783138687103 -0.0121047237879702 -0.00331867143848748 0.239630047620738
1636512781.58596 30.3616581070995 -0.0627171814836625 1.09440308017923 0.950869111310803 -0.0154805158931795 -0.00550674912166194 0.309156857431299
1636512781.98803 30.004212654551 0.394281555683252 1.0838443882875 0.925796557879723 -0.0194666031674684 -0.00606953139532865 0.377471781154325
1636512782.3897 29.5690398126857 0.789599956539809 1.06753558328252 0.895765949309982 -0.0221996899548141 -0.00880787026674542 0.443883947945925
1636512782.72487 29.1668879655278 1.07545435988845 1.05512524137439 0.867792760937115 -0.0245809803902894 -0.0111501397457617 0.496192678152188
1636512783.12676 28.6336304542667 1.35755354216019 1.03460253084673 0.830932710771538 -0.0264620476473922 -0.0130383109141079 0.555590310078099
1636512783.52842 28.0803476995853 1.57190598833614 1.00935212065059 0.789974512280698 -0.029639273667883 -0.0110291632726807 0.612323559044414
1636512783.99732 27.4017013800832 1.7034379279295 0.981097864343254 0.737953382140113 -0.0298575958912466 -0.0119958314340826 0.674084141471797
1636512784.33234 26.9167609983254 1.73718555750708 0.957457086544638 0.700517751609858 -0.0309445416702447 -0.00791420804570153 0.712919827421919
1636512784.7341 26.2799817285054 1.71983713480763 0.913190655132381 0.656089130611402 -0.0284456503703792 -0.0093189850093771 0.754089553161277
1636512785.06922 25.7450880400252 1.6641242892472 0.869762050879405 0.62214880991338 -0.0282136432469928 -0.0101503496259991 0.782324625114515
1636512785.40416 25.2219209584225 1.55358802881522 0.844119315945705 0.588593108547237 -0.0279449043930585 -0.0104427473667093 0.807878817593703
1636512785.87307 24.4701129110694 1.34329094485556 0.811417318834726 0.545715835025402 -0.0294813137879258 -0.00992368313938526 0.837392739431634
1636512786.20801 23.9537371023579 1.15098922739839 0.795872128454846 0.519672259185483 -0.0265627026844204 -0.0101855088714958 0.853891925988403
1636512786.61001 23.3357780534846 0.873122104137458 0.770013869323404 0.494115748951628 -0.0274642499085306 -0.00827658485504724 0.868922804257128
1636512787.01183 22.7251037999785 0.544583970981532 0.755463789375086 0.469309942857712 -0.0287142444324666 -0.00759441251801801 0.882533848982616
1636512787.34681 22.2297905446998 0.226349067094826 0.746016949480231 0.447878664698604 -0.0296021662181018 -0.00852711349014229 0.893563485040944
1636512787.74853 21.6589235108429 -0.188004566145541 0.735475238343999 0.422407840367913 -0.0310634869580783 -0.0109530223285472 0.905807213194724
1636512788.15066 21.102538874799 -0.621841287944351 0.728790846368056 0.398871848619928 -0.0319822266571936 -0.0125730280738695 0.916362539894349
1636512788.48549 20.6543683981516 -1.01450549218254 0.717385713847445 0.382770987531974 -0.0315275931842169 -0.0136463150056777 0.923204289449834
1636512788.8206 20.2057289101687 -1.4222308833389 0.695897663283022 0.369436650733491 -0.0327136117684839 -0.014769370750982 0.928562462297234
1636512789.15541 19.7624655960275 -1.85978238340587 0.679702194338584 0.358698635449415 -0.0334991146675933 -0.0157963690324485 0.932718378165996
1636512789.55703 19.234883983504 -2.40953837541689 0.654745672438267 0.347713222367738 -0.0328666269422385 -0.0175099577561468 0.936861089598379
1636512789.89229 18.792512526975 -2.87018054792139 0.646823751967438 0.34200321119237 -0.0329767083849002 -0.0181792937701704 0.938944009787709
1636512790.29415 18.2659606946115 -3.42137411843354 0.616092890954742 0.341584879652901 -0.0325988803737221 -0.0163129581724826 0.939143743197257
1636512790.62896 17.8307280293851 -3.88018222706586 0.591857849809208 0.345204786779522 -0.0318960233630832 -0.0143437373029772 0.937875554686393
1636512790.96392 17.392653222678 -4.33606308736079 0.573281742880544 0.350702842787333 -0.0299491956058151 -0.0141046251495469 0.935901501918251
1636512791.29878 16.9359013828362 -4.77931944302536 0.546391254758469 0.359189639915954 -0.0313624828116253 -0.0135930232400175 0.93263842241682
1636512791.70091 16.3796107683631 -5.31844363939776 0.527482402740503 0.372290819997417 -0.0315696569373971 -0.0150310867010946 0.92745725968321
1636512792.16981 15.714380750407 -5.91542375636514 0.499243297594855 0.389629030660166 -0.0318221203942193 -0.0160590301065231 0.92028184741006
1636512792.50456 15.2307118652145 -6.31626072894005 0.477863579898278 0.402098762876039 -0.0318872714670452 -0.015311385903441 0.914912754460042
1636512792.83969 14.741705866703 -6.71209365030375 0.454199124927515 0.414978001432646 -0.0295920548467817 -0.015696398491221 0.909214601560774
1636512793.17441 14.2244407588318 -7.08551047145186 0.428451068991404 0.42946922874789 -0.0304889029129465 -0.0153715245162085 0.902435773111807
1636512793.71039 13.377530609483 -7.6568390859587 0.393473748693689 0.457486631422249 -0.0298797504580198 -0.0154817237128442 0.888579483677948
1636512794.04537 12.8344734120849 -7.98274126230909 0.369015148694831 0.475718815643474 -0.0284305288457424 -0.0156463841438758 0.878998580280733
1636512794.44735 12.1694299634515 -8.33102315666025 0.343810970305007 0.499990055071894 -0.0273500598871109 -0.015297869624106 0.865463976279972
1636512794.84908 11.5020844625384 -8.63840682864856 0.312520008253237 0.525233586515418 -0.0259585608092859 -0.0147338549603383 0.850434445583473
1636512795.31812 10.6971396108208 -8.93706561737306 0.280334178421124 0.557406318229848 -0.0249334680508119 -0.0152081231436669 0.829725997880536
1636512795.72008 9.9865277354447 -9.14020371288535 0.253150488423674 0.587694745019657 -0.024980299986363 -0.0149019301114121 0.808559709463579
1636512796.18875 9.14816555109649 -9.30173662497538 0.2144380126139 0.622381891313549 -0.0267374194846858 -0.0119675462881407 0.782165372283963
1636512796.59085 8.40785982051937 -9.40278329410871 0.194083496745905 0.65141858166826 -0.0268081068511384 -0.0145039492790606 0.758106056115951
1636512796.99269 7.66592890729595 -9.42062628767623 0.161205973161964 0.682060314061408 -0.0273201594375251 -0.0138750329712411 0.730653693846003
1636512797.3277 7.05109638471565 -9.40675699980472 0.142968599640767 0.709216167063733 -0.0268055742588278 -0.0151435292049401 0.704318509686705
1636512797.86374 6.05014412089184 -9.29633031027536 0.118949722103576 0.750670974164011 -0.0264036083645533 -0.0205324664240705 0.659829035308034
1636512798.19851 5.44458371557599 -9.15935543443542 0.0873176482130568 0.775637988670853 -0.0245990633411123 -0.0178241560080128 0.630446584633446
1636512798.73441 4.50948198990934 -8.84047626184286 0.0562249069861811 0.812028461670059 -0.0206771127757388 -0.0144601525537302 0.583072155426015
1636512799.13632 3.83861438947254 -8.53453659579069 0.0289169672470461 0.837318528752198 -0.015606150622764 -0.0149091761863092 0.54628915963658
1636512799.5386 3.20632700299629 -8.18322302830461 -0.0182430464749964 0.860956399162338 -0.00926837453817268 -0.0147799287322643 0.508379513436085
1636512799.87319 2.71360812590327 -7.84095325662187 -0.0171669310584576 0.878764227437489 -0.010669568159885 -0.01583570194894 0.476874012119826
1636512800.2082 2.26160992022131 -7.46906175581808 -0.0204932726033093 0.89662621005695 -0.0113847125418046 -0.0163462935116794 0.442339944440564
1636512800.5429 1.85091136559301 -7.06866460332422 -0.0195532017320781 0.914435890651519 -0.00981336323047723 -0.0160754272022762 0.404292320519119
1636512800.94496 1.40753165694248 -6.55550979930578 -0.0216278008938778 0.934579932356286 -0.0100073233737541 -0.0150971949194081 0.355291821213742
1636512801.27978 1.08336185554177 -6.09540023972001 -0.02943863895129 0.948138102039379 -0.00967657675621972 -0.0124124751566266 0.317468791826743
1636512801.7487 0.684512014457848 -5.40850156995324 -0.0350343482913527 0.9635575387517 -0.008382979766584 -0.0113540130516918 0.267128586176436
1636512802.3516 0.26735314892767 -4.46411883136261 -0.0380164256799749 0.97914489534901 -0.00673366727101838 -0.0108145059112849 0.202763354921331
1636512802.8204 0.0291093721685901 -3.69714432665673 -0.0381182433811072 0.98826378371289 -0.00524739072251753 -0.00942015291571897 0.152375914799984
1636512803.22249 -0.111765533426875 -3.02498830396974 -0.0333152211030452 0.99351382600594 -0.00519003654376688 -0.0065900240058487 0.113401554836408
1636512803.62436 -0.196152193412707 -2.34348118519002 -0.0273106550765182 0.996944546514829 -0.0033865002462073 -0.00432862888248825 0.0779189692079085
1636512804.09298 -0.257774446577935 -1.52442724651978 -0.0187409180034075 0.998995795680298 -0.00372547876082053 -0.00446442790000626 0.0444251044412626
1636512804.42828 -0.252950076058457 -0.929097445198448 -0.00410718330814791 0.999704193751718 -0.00385179550264564 0.000435478125811061 0.0240103941124262
1636512804.83017 -0.251288138630363 -0.205928767297536 0.00105283727554845 0.999983773054721 -0.00170963069422471 -0.0022428883793276 0.00494977189887347
1636512805.16488 -0.217886660267 0.399047882267752 0.00498711696584575 0.999976973506812 4.89121265648544e-05 -0.000180530346332236 -0.00678361795468948
1636512805.49989 -0.186743942552486 1.00605611341686 0.0115442008054465 0.999903613338296 0.000177810957624072 -0.00122446088388965 -0.0138287060792737
1636512805.96886 -0.117695096827311 1.81103036720627 0.0257308809028537 0.999877818660696 -0.000601089887411273 0.000274677866840477 -0.0156176500583161
1636512806.37072 -0.0721879157544938 2.38826139217209 0.0375492334488809 0.999873143248647 -0.00179071078001274 -0.000202446610158957 -0.0158256052125224
1636512806.70575 -0.032654280556765 2.74185956705108 0.0493865430065558 0.99986640479899 -0.00259468964546385 0.00206732695692107 -0.0160051960075352
1636512807.04047 -0.0224766189234291 2.92032077244756 0.0541975705199428 0.99986252115704 -0.00331005459985372 0.000503573608146328 -0.0162397271422404
1636512807.37569 -0.023957038323575 2.9209530150807 0.0572449058674721 0.999869103189866 -0.00148724159995883 0.000477614568545684 -0.0161039275657011
1636512807.71028 -0.0210638058934527 2.918594869386 0.0523048239441375 0.999870690475471 -0.000955139094921066 0.000265585195082728 -0.0160505296460512
1636512808.04557 -0.0203445860784123 2.91830754507992 0.0535849264312734 0.99987074838622 -0.00100941930258005 0.000303124337400003 -0.0160429333318055
1636512808.51433 -0.020074392014759 2.91772143382434 0.0541492601452535 0.999870352922963 -0.00120738758861105 0.000349215019210509 -0.0160529626483934
