1636512749.9229 0.000378320604289332 -7.83796573792154e-05 -0.000522298855806922 3.35402918728351 7.07029261254286e-05 1.19263243317969e-05 9.33464088522615e-07
1636512750.42316 0.00392512101662845 0.00267136822911621 0.0256606929576639 3.35402414870131 0.00362629799806568 0.00393559995107396 -0.00227271555116058
1636512750.92342 0.018918541134272 0.00364213937876528 0.148913570463533 3.3539568693955 0.00432895084097615 0.0209762386153256 -0.00513518496560996
1636512751.42368 0.0470585902279766 0.00748394718188983 0.369523149796363 3.35364516932336 0.00575875196315879 0.0497498650180714 -0.00822558644222305
1636512751.92393 0.0904535274392455 0.0167101129332595 0.710354740414927 3.35279593558541 0.00476831057209442 0.0902411847753319 -0.0102469702008503
1636512752.42463 0.146931091846972 0.0286864530215132 1.15551309243872 3.3512330732581 0.0065925182284705 0.136194488568699 -0.0125013191174582
1636512752.92445 0.232503914551574 0.0453938383974187 1.69871095722469 3.34917813035842 0.00516712278980571 0.180030040652519 -0.00895157669411941
1636512753.42471 0.331041746739569 0.0616315492891462 2.30115272137886 3.34652946375292 0.00240091692257427 0.223538884456539 -0.0166416723656904
1636512753.92515 0.480024172588456 0.0783875374492363 2.97943153927476 3.34274969171772 0.0032866433116077 0.274727408988169 -0.00709517717856803
1636512754.4254 0.64751181131471 0.0983926856464964 3.71268624626712 3.33777968843702 0.00790633558529086 0.329332969925393 -0.0146911717258218
1636512754.92566 0.864834214547983 0.119375462571319 4.49643444879157 3.33060800671882 0.00697318197750458 0.394831820986085 -0.024926045456858
1636512755.42592 1.17104698506832 0.138340738799012 5.29179401836834 3.31739092730115 0.00974937772756543 0.493844469804203 -0.021256035129534
1636512755.92618 1.55020754311749 0.161590668438354 6.0733275430579 3.29340412778277 0.00633587191236687 0.634022972919633 -0.0312373483572461
1636512756.42643 2.01903369256553 0.178873514776149 6.80449396295476 3.25655667305852 0.00762099841149014 0.801566885615104 -0.042224136678735
1636512756.92669 2.57070206938967 0.189153262302869 7.45059072487844 3.20247417525288 0.00951543539589378 0.995746727073846 -0.0454847572384643
1636512757.42694 3.17405803989547 0.183091184605006 7.99638592010025 3.13214633492018 0.0147058423229181 1.19816313012008 -0.0579653582771402
1636512757.9272 3.84716580971074 0.175915599951177 8.42611481181924 3.0385547745186 0.0221797300899165 1.41860163648319 -0.0614339733555679
1636512758.42746 4.56889797844992 0.171480040877455 8.75227143483896 2.91814873449789 0.0205005338716212 1.65134076213764 -0.0810751074851565
1636512758.92773 5.33988703766164 0.157289480866057 8.92720680431055 2.77006902674401 0.020183874456254 1.8890698731211 -0.0850706003467008
1636512759.42798 6.13065992421665 0.143212693634749 8.96913561042502 2.5956569586919 0.0263309620859961 2.12236999766221 -0.0832407384933807
1636512759.92824 6.91035441209147 0.127387454327951 8.91558741035804 2.41934685837844 0.0245789701230248 2.32099178038253 -0.0930892194108623
1636512760.42849 7.70183008459703 0.117271766663424 8.74481627345951 2.2465447419721 0.0247359687707929 2.48846430750605 -0.0973757604675249
1636512760.92876 8.49131671404886 0.083118413095547 8.47896189302019 2.07913613800468 0.0204196615703938 2.62991277417745 -0.0992297917679826
1636512761.4302 9.24694354669776 0.0542592520424494 8.13842157389601 1.9200841887374 0.0307036869641267 2.74786306142258 -0.105329871017264
1636512761.92933 10.0050994302083 0.0300334359738957 7.73781272151114 1.78712237786033 0.029481033023091 2.8355954115498 -0.11931023230279
1636512762.42972 10.7432343558131 -0.00301808686478515 7.27571071496962 1.68672415425945 0.0442104400310097 2.8961524258876 -0.121737359701554
1636512762.92979 11.486514581447 -0.0329668539471822 6.7748398143804 1.6144091426142 0.0407721344356021 2.93715773002682 -0.120983538271307
1636512763.43007 12.2254483812075 -0.0646520346386311 6.23547296246579 1.55253044600727 0.0431370284064651 2.97052076631207 -0.115354159878144
1636512763.9303 12.9482036839386 -0.104201304861338 5.65570824219102 1.50596254605998 0.0459658159256126 2.99459402483381 -0.109006304185487
1636512764.43056 13.6671413289179 -0.133849082929269 5.0656829457147 1.45822818899723 0.0415236803308656 3.01811089754949 -0.111196839749857
1636512764.93083 14.3585392634573 -0.176066309364647 4.43571524899741 1.41095972458854 0.0486835411308707 3.04032420342363 -0.112973894241722
1636512765.43108 15.0375376140626 -0.205450468068826 3.77635785688629 1.36319061342556 0.0542803241153213 3.06197698640095 -0.112132630955746
1636512765.93133 15.7068556569992 -0.240400100083873 3.10676334317998 1.31583124444353 0.0554979625928885 3.082588392151 -0.112555369315884
1636512766.43159 16.3469831248476 -0.283085506191127 2.42704996569359 1.27044383469441 0.0524210930222639 3.10172684501968 -0.109667064651399
1636512766.93185 16.9575303861296 -0.326127138874078 1.7261165325631 1.22608660502371 0.0617685237065848 3.11939689236785 -0.108494740140091
1636512767.43324 17.5665283508798 -0.36442854599465 1.0062820409119 1.18753263183845 0.0615244720927586 3.13411101721006 -0.113317755655351
1636512767.93237 18.1719389243497 -0.405315568937957 0.260762185544827 1.15370605635925 0.0584260173731827 3.14669592330837 -0.115608375735064
1636512768.43263 18.7545834563237 -0.441666695244756 -0.520834927995953 1.12679850417402 0.0657368527519954 3.1562994123046 -0.115280576676039
1636512768.93289 19.3254827755135 -0.487824028487586 -1.27529402023683 1.09836594903042 0.059836032833177 3.16645676855662 -0.114346920985901
1636512769.43315 19.8894440086711 -0.522827877999833 -2.0238599893676 1.07700894918474 0.0580303881984487 3.17389020426577 -0.112325255303586
1636512769.9334 20.457522356244 -0.559223588672092 -2.7942813814518 1.06483361360311 0.0526194683902934 3.17821953407453 -0.108595370094957
1636512770.43366 21.0362624881468 -0.599474500554574 -3.56743659410646 1.07495174729371 0.0544172092687382 3.17486835840479 -0.106019853883098
1636512770.93394 21.6315968945259 -0.641739674407686 -4.30518277196666 1.10787471867633 0.0546738506670825 3.16348565552479 -0.107213242426757
1636512771.43418 22.2752576628877 -0.678395051501378 -4.97090215102931 1.17871912688715 0.0567711866891049 3.13744095979512 -0.115647180527194
1636512771.93444 22.9714176010745 -0.718059565166417 -5.61330137329103 1.30031586795505 0.0587139216938941 3.08895589302838 -0.116595901131203
1636512772.43469 23.7114762384091 -0.740640685280407 -6.21504759779612 1.434245144488 0.0632032386466316 3.02897013154006 -0.117464686893962
1636512772.93496 24.4920956440605 -0.777550917015262 -6.64991524996535 1.59466593584977 0.0648128923620744 2.94793845689617 -0.109592384171403
1636512773.43521 25.2928394075211 -0.813505909476298 -6.92298482094712 1.78931507824388 0.0553439761587132 2.83426935604365 -0.108247894924855
1636512773.93546 26.1031091428458 -0.83382371052678 -7.05166594361323 2.00803155822574 0.0528099749040466 2.68427622330144 -0.095881797179602
1636512774.43572 26.8860791123685 -0.856260391118271 -7.04592060511822 2.22590619511898 0.0442380785810619 2.50699394662126 -0.0887566833001933
1636512774.93598 27.6508239040206 -0.872237794472288 -6.9204984969809 2.42480555941275 0.0406633412646839 2.31530291844325 -0.0868831505995227
1636512775.43841 28.3838548286059 -0.874802998678444 -6.68853958864622 2.60087645634188 0.0362019102427745 2.11600164988237 -0.0786122924745087
1636512775.93651 29.0788571085886 -0.8788821107475 -6.32807872835961 2.7582995638691 0.0312421408400055 1.90678523113847 -0.0670023969660139
1636512776.43676 29.6997430148544 -0.876795297246377 -5.87640692342477 2.90075482306148 0.0310135509694535 1.68213999715757 -0.0676493931698572
1636512776.93702 30.257676208942 -0.872847746039775 -5.34844314990688 3.02324124424475 0.0264817050570967 1.45111504661583 -0.0555699034693174
1636512777.43728 30.7266375568509 -0.853584853645855 -4.71281377916062 3.1269835401025 0.019284048996411 1.21189252767962 -0.0492986919536594
1636512777.93753 31.0776335212457 -0.835474868125253 -4.01186037452342 3.21236499051151 0.0046495263766551 0.963650735018653 -0.0397316602995192
1636512778.43779 31.3008087605374 -0.816057964529326 -3.27815787618867 3.28014626407806 -0.00481821958227203 0.699412922721341 -0.0308322694092874
1636512778.93806 31.4180434520007 -0.7926669169206 -2.53315600643828 3.32619633961253 -0.0115981485165133 0.430758084423846 -0.0155775573946761
1636512779.4383 31.4109036666753 -0.763760883800209 -1.77588194638986 3.35021017274436 -0.0107948506356836 0.159641683621135 -0.00126363850327734
1636512779.93856 31.2677231270962 -0.73302066965345 -1.03776778300547 3.35214711338765 -0.0112911330475672 -0.111686528800152 0.0044893315310189
1636512780.43883 31.0089068381125 -0.697722349646837 -0.333381602012788 3.33184636617799 -0.0148917433909268 -0.384648985752104 0.0116180986774506
1636512780.93911 30.6457773063642 -0.671613376590539 0.311630744487174 3.28744730654025 -0.0246288070491931 -0.663932310130598 0.0280946692619764
1636512781.43934 30.1572366675408 -0.64279409676456 0.871265637167947 3.21567880662763 -0.0352199662466056 -0.952285840173423 0.02885895840794
1636512781.9396 29.5781530230569 -0.605592373909159 1.34171511845406 3.11609209438664 -0.0466579571414749 -1.23925212007337 0.0394850797371368
1636512782.43986 28.9049487267315 -0.569578819804743 1.69799121508382 2.99077091092661 -0.0545398617465369 -1.51661883341469 0.0411566551050237
1636512782.94053 28.1712835355424 -0.53735417184226 1.94981982395621 2.84566190890088 -0.061783380897639 -1.773685333608 0.0440822607294482
1636512783.44053 27.4132846213016 -0.504695309677829 2.07777070051908 2.68079322928966 -0.0701042258124378 -2.01357075778936 0.0589716625613077
1636512783.94063 26.6497277343651 -0.485650239091363 2.05828507958362 2.49680652544502 -0.0688364435981552 -2.23749478155206 0.0659364493046876
1636512784.44089 25.8980654878858 -0.470693276195482 1.9362755918305 2.30890423899789 -0.0685741516060121 -2.43020091894322 0.0888486844491149
1636512784.94115 25.1036368997505 -0.425421656645881 1.73023162919485 2.12840191567931 -0.0575917184614021 -2.5898886183169 0.0926132728153204
1636512785.4414 24.349856538557 -0.413493222849242 1.43213973812475 1.96246303916864 -0.0567535397757278 -2.71767147263877 0.0963919950877445
1636512786.04171 23.4386975237515 -0.412151264716757 0.998703232740484 1.78370285814916 -0.0570710792415 -2.83796520421022 0.103016016853886
1636512786.54198 22.7129954275313 -0.420006563326383 0.579465228378373 1.6706035673539 -0.0508511622312821 -2.90579545043248 0.111186665485421
1636512787.04223 21.9935303748495 -0.429700612823988 0.0849220661676712 1.56777856840328 -0.0569335025123127 -2.96217280026272 0.1177838376964
1636512787.64254 21.1809258631514 -0.470634564390641 -0.60149349985438 1.43892834119374 -0.0633952507826542 -3.02698789763857 0.111006004022189
1636512788.24285 20.4169413027334 -0.488895558781607 -1.34660047274715 1.32195276604629 -0.0633317012911583 -3.08009012727532 0.104816898002875
1636512788.7431 19.7917464052818 -0.49904402486338 -2.00320073044603 1.24852861985807 -0.0682718771922303 -3.11054638967833 0.10260695946551
1636512789.34341 19.0483046354658 -0.509121566402559 -2.85213851948339 1.18387814203769 -0.0710708604171719 -3.13580815124756 0.0979821946377531
1636512789.84386 18.4329712792939 -0.539002136149462 -3.58991307379943 1.14873289042804 -0.0660110530887111 -3.14918120536239 0.0906907790405267
1636512790.44416 17.6743527171124 -0.560387110952537 -4.44746106966302 1.15035984982844 -0.065358219114102 -3.1483282250147 0.09970807873187
1636512791.04446 16.9055290962394 -0.570415588272531 -5.28405699693847 1.18293895789966 -0.0579378744170513 -3.13616825739832 0.106108812877256
1636512791.54472 16.2171324139868 -0.570857423223258 -5.96234130764205 1.23042946266739 -0.0628359841873665 -3.11785372768603 0.102931547823061
1636512792.14503 15.3676521669326 -0.588688982645163 -6.74497892342267 1.30375107084939 -0.0640245396133186 -3.08811907443213 0.0957412137302017
1636512792.64531 14.6427436412107 -0.596240557270957 -7.3493586264676 1.36680784690114 -0.0609942334189728 -3.06076484912496 0.096676500721957
1636512793.14556 13.8766786026187 -0.596627846758263 -7.91928600466544 1.43580326374602 -0.0611833929935407 -3.02904995656805 0.0953610777251342
1636512793.64581 13.0763866811047 -0.600922025110684 -8.44813859079037 1.52271321686052 -0.0589079602604966 -2.98643083705928 0.0928275884065259
1636512794.24611 12.0799573663121 -0.601701459372247 -9.00859531631921 1.6354458648054 -0.0528440869568813 -2.92646838459166 0.0884246235038261
1636512794.74638 11.2329367703961 -0.593468963969688 -9.38274011959507 1.73915558751985 -0.0490768135104211 -2.86607893208054 0.0896250977678442
1636512795.24816 10.3613851158841 -0.587286579226979 -9.69357117456388 1.85272827966733 -0.0454542699398544 -2.79422185396593 0.0846631925695182
1636512795.74689 9.46105571110161 -0.574478233700223 -9.90508198166528 1.97804870033368 -0.0468805475296002 -2.70700983968552 0.0820675058048914
1636512796.24715 8.54873093469273 -0.550867161594977 -10.0321973340952 2.10139077208082 -0.0534857321691631 -2.61219335221069 0.0851691518440947
1636512796.74741 7.61007169404959 -0.535264435837926 -10.0743361071924 2.22341902264848 -0.0576344674973455 -2.5093585614799 0.0756142982536248
1636512797.24767 6.68124664120909 -0.510399001103248 -10.019572211474 2.35716304150232 -0.0560997706252083 -2.38453603373361 0.06430326297338
1636512797.74794 5.74453650059469 -0.478773975652508 -9.88384432676636 2.48837683628106 -0.055658484529832 -2.24791558467938 0.0356394754024579
1636512798.24819 4.84540557076778 -0.447198391727942 -9.61869476013392 2.61330789321413 -0.0509890524815711 -2.10139712692808 0.0407906977372318
1636512798.74844 3.99193621563095 -0.419694699784398 -9.25198551262267 2.72662715625187 -0.0414371539261949 -1.95222407261228 0.0460464729283377
1636512799.24871 3.17908286896302 -0.382331110500008 -8.81762448957016 2.83154793243192 -0.0160288711545338 -1.79730359442154 0.0359300069738418
1636512799.74896 2.44473356721872 -0.335341585468735 -8.28582934850827 2.92442895525732 -0.0115824483648661 -1.64202648948678 0.0290161103157358
1636512800.34985 1.67732271872991 -0.306563922612555 -7.55004320371426 3.03273494905388 -0.0148607337302623 -1.43235043521916 0.0134874904766485
1636512800.84953 1.16078111895531 -0.277401199704869 -6.86442117236338 3.11971016403884 -0.0154962651299689 -1.2315049695885 0.00869840964141754
1636512801.44984 0.650425859363111 -0.237911522739452 -5.97690160776691 3.20012303915958 -0.0162654585538482 -1.00419716484857 0.00691501987617267
1636512801.9501 0.306557138711266 -0.201975806446521 -5.187812022732 3.25078009743541 -0.0152649086808232 -0.825644719946005 0.00428151816530607
1636512802.55041 -0.00293026948217929 -0.159051633226944 -4.19621417185366 3.29834930881784 -0.0124590239681459 -0.608464377581859 -0.00441647464252827
1636512803.15089 -0.181956069517961 -0.116148357305252 -3.17898816977692 3.32980576489819 -0.0122307169147555 -0.402179167195674 -0.00277297313634455
1636512803.65115 -0.246538043838297 -0.0853597740715219 -2.31882528122949 3.34434756671283 -0.00742382019635081 -0.254547377169674 -0.00129111711155115
1636512804.1514 -0.280677527282089 -0.0524266338376152 -1.4366508464475 3.3512220822925 -0.0106424203348242 -0.136548999281652 -0.00796612398944681
1636512804.75171 -0.258750559211923 -0.015187096822466 -0.358766096426574 3.35390257387216 -0.00574006473259388 -0.0279603390552696 -0.00588135716988901
1636512805.25196 -0.218905838606499 0.0187028776066087 0.549275220689771 3.35389082754689 0.000660137917481445 0.0299033894162487 -0.00578469600704944
1636512805.85232 -0.166474676302209 0.057885789506245 1.62239100376702 3.35362046241774 -0.000860424155784713 0.0523114107422406 0.00208909577304505
1636512806.35254 -0.140254095342267 0.0822909061645973 2.37212831594249 3.35360405440523 -0.00631939029525353 0.0528466513525209 -0.00435170261514732
1636512806.95285 -0.10896927591713 0.0953781490189589 2.90627826282391 3.35356862384543 -0.011755667815523 0.0543120559177032 -0.00113327284564517
1636512807.45311 -0.107351688159396 0.0914044166603079 2.92969030916572 3.35359769293142 -0.00258186742659797 0.0537147105029172 -0.00154016003038198
1636512808.05342 -0.105958038117233 0.0924266563557808 2.93005975354023 3.35359554658923 -0.00411912363253947 0.0537451543129996 -0.00178756733803745
1636512808.55368 -0.106271921509271 0.0922560979815763 2.93002262751335 3.35359339944042 -0.00487933695204422 0.0538210612447663 -0.00160964553119774
