1636512749.9229 0.000378841737426696 -7.84876246331592e-05 -0.000523018317655634 0.999999999771456 2.10799972693539e-05 3.5558200788141e-06 2.78311259737518e-07
1636512750.42316 0.00393052783456735 0.00267504801417288 0.0256960403251515 0.999998497523887 0.00108117663703872 0.00117339466367674 -0.00067760756503192
1636512750.92342 0.018944601249909 0.00364715639211229 0.149118697531136 0.999978438275131 0.00129067178556454 0.00625404176268384 -0.00153104957580749
1636512751.42368 0.0471234130012735 0.00749425624999382 0.370032164521436 0.999885505251992 0.00171696536919727 0.0148328658543949 -0.00245244927251369
1636512751.92393 0.0905781263376547 0.0167331309594518 0.711333247507366 0.999632307175788 0.00142166639130132 0.0269053069355654 -0.00305512254853321
1636512752.42463 0.147133488068595 0.0287259683455358 1.15710480104856 0.999166341544697 0.00196555183597052 0.0406062323649244 -0.00372725412229527
1636512752.92445 0.232824186545924 0.0454563679904485 1.70105091587504 0.998553662648817 0.00154057180188397 0.0536757525229482 -0.00266890244307135
1636512753.42471 0.331497753687435 0.0617164461789203 2.30432253799378 0.997763965703146 0.000715830658578766 0.066647864977734 -0.0049616957493937
1636512753.92515 0.480685401451581 0.0784955155579038 2.98353567869518 0.996637030955925 0.00097990897733316 0.0819096655351079 -0.00211541903208451
1636512754.4254 0.648403752852877 0.0985282206619917 3.71780043727238 0.995155230112211 0.0023572649914497 0.0981902516229619 -0.00438015619487286
1636512754.92566 0.866025515688911 0.119539901168183 4.5026282457053 0.993017001338366 0.00207904630119173 0.117718659811553 -0.00743167219464459
1636512755.42592 1.17266009147175 0.138531301888672 5.29908341574137 0.989076344094012 0.00290676591673714 0.147239168807386 -0.00633746277619358
1636512755.92618 1.55234293968682 0.161813258091303 6.08169349564114 0.981924707011112 0.00188903302778065 0.189033230592796 -0.00931337999935733
1636512756.42643 2.02181489282457 0.179119911390263 6.81386709052666 0.970938680158533 0.00227219203656388 0.238986258220703 -0.0125890784818373
1636512756.92669 2.5742431877413 0.189413819174233 7.46085384477105 0.954814044750373 0.00283701627576646 0.29688075781259 -0.0135612288051995
1636512757.42694 3.17843027552248 0.183343391020345 8.00740086783204 0.933845878884892 0.00438453021676526 0.357230978904111 -0.0172823058557936
1636512757.9272 3.85246524507228 0.176157922064946 8.4377217071294 0.905941661254636 0.00661286138145126 0.422954469668145 -0.0183164695091053
1636512758.42746 4.57519159320631 0.171716253049577 8.7643276078842 0.870042736925145 0.00611221093264836 0.492345376128847 -0.0241724513829564
1636512758.92773 5.34724268272446 0.15750614567286 8.93950394921113 0.82589293993427 0.00601779928694908 0.563224041058319 -0.0253637030499901
1636512759.42798 6.13910485162528 0.143409967797187 8.98149051186867 0.773892179573116 0.00785054649488733 0.632782208701083 -0.0248181318129121
1636512759.92824 6.91987336145409 0.127562929369442 8.92786854965079 0.721325523045011 0.0073281920773368 0.692001068044339 -0.0277544452333708
1636512760.42849 7.71243928438662 0.11743330743861 8.75686217708883 0.669804767941862 0.00737500104618164 0.7419328121449 -0.0290324725898216
1636512760.92876 8.50301342437699 0.083232907941712 8.49064158469649 0.619892082457826 0.00608809894772124 0.78410551212478 -0.0295852499201631
1636512761.4302 9.25968112600715 0.0543339936608738 8.14963217442873 0.57247092409881 0.00915426946000344 0.819272256548284 -0.0314039816327598
1636512761.92933 10.0188813622431 0.0300748067544914 7.74847148705066 0.532828510922804 0.00878973657358973 0.845429557277748 -0.0355722105006946
1636512762.42972 10.7580330618889 -0.00302224425155935 7.28573293926417 0.502894894376297 0.0131812925744729 0.863484562449901 -0.0362958557830349
1636512762.92979 11.5023371491669 -0.0330122654839362 6.7841720936366 0.481334255636807 0.0121561656591623 0.875710247391857 -0.0360711047782036
1636512763.43007 12.2422888234101 -0.0647410922190699 6.24406226886632 0.462885192394485 0.0128612561155271 0.885657398837085 -0.0343927119922316
1636512763.9303 12.9660397148936 -0.10434484119614 5.66349892804541 0.449001025818594 0.0137046559074031 0.892834813573817 -0.0325001060139434
1636512764.43056 13.6859676898371 -0.134033458804464 5.07266087717404 0.434769081376124 0.0123802382158178 0.899846342513239 -0.03315321170908
1636512764.93083 14.378318018644 -0.17630883907924 4.44182540577436 0.420676042300286 0.0145149425963028 0.906469214476694 -0.0336830384912071
1636512765.43108 15.0582516832044 -0.205733474190574 3.78155975494697 0.406433735962233 0.0161836170981203 0.912924967173915 -0.033432216796222
1636512765.93133 15.7284917055618 -0.240731249000847 3.11104288098395 0.392313593790913 0.0165466546297868 0.919070234431423 -0.0335582557590445
1636512766.43159 16.3695009430834 -0.283475453860672 2.43039320459948 0.378781389029298 0.0156292894555101 0.924776342457219 -0.0326971109977598
1636512766.93185 16.9808892275774 -0.326576375995011 1.7284942421403 0.365556331290166 0.0184162153169858 0.930044647041782 -0.0323475837737618
1636512767.43324 17.590726081398 -0.364930542950052 1.0076681851269 0.354061507893093 0.0183434516050015 0.934431646682286 -0.0337855603818495
1636512767.93237 18.1969706023399 -0.405873887389735 0.261121383046411 0.343976152762697 0.0174196508430358 0.938183822168159 -0.0344685061617713
1636512768.43263 18.780417721774 -0.442275087037199 -0.521552373297629 0.335953696583395 0.0195993681230345 0.941047091525043 -0.0343707732439442
1636512768.93289 19.3521034495018 -0.488496001580155 -1.27705072596814 0.327476562500932 0.0178400453539178 0.944075495776325 -0.0340924048584024
1636512769.43315 19.916841534048 -0.523548068571728 -2.02664783780589 0.321108997209081 0.0173016944531082 0.946291766205823 -0.0334896475271551
1636512769.9334 20.4857024042967 -0.559993913999204 -2.79813047824029 0.31747893470843 0.0156884348465927 0.947582550980203 -0.0323775864807221
1636512770.43366 21.0652397453846 -0.600300271140953 -3.57235070505774 0.320495644797491 0.0162244292514267 0.946583401753452 -0.031609699241984
1636512770.93394 21.6613942194085 -0.642623664880588 -4.31111312146241 0.330311591390896 0.0163009465933922 0.943189661794196 -0.0319655066833476
1636512771.43418 22.3059416245324 -0.679329534417593 -4.97774952281959 0.351433771383615 0.0169262649506369 0.93542446528891 -0.0344800757665525
1636512771.93444 23.0030605166028 -0.719048685583773 -5.62103364407529 0.387687701880442 0.0175054891898627 0.920968697599264 -0.0347629357390861
1636512772.43469 23.7441385778734 -0.741660910982107 -6.22360876844551 0.427618563844947 0.018843973949844 0.903084010816561 -0.0350219632293222
1636512772.93496 24.5258332795445 -0.778621986220189 -6.65907544678816 0.475447840922596 0.0193238903802608 0.878924508885991 -0.0326748450973132
1636512773.43521 25.3276800601417 -0.814626506351177 -6.93252116858125 0.533482262056325 0.0165007437490098 0.845034195331919 -0.032273987152684
1636512773.93546 26.1390659345412 -0.834972294984904 -7.06137954830504 0.598692332607029 0.0157452341476936 0.800313912849998 -0.0285870491292132
1636512774.43572 26.9231144379637 -0.857439881896632 -7.05562629565933 0.663651408595245 0.0131895329768376 0.7474574030403 -0.0264627045037119
1636512774.93598 27.6889126585013 -0.873439293976165 -6.93003141972674 0.722953028569936 0.0121237290985904 0.690304940306528 -0.0259041128530054
1636512775.43841 28.4229533264133 -0.876008031727417 -6.69775299013873 0.775448366880182 0.0107935584972716 0.630883493030231 -0.0234381658795915
1636512775.93651 29.118912965616 -0.880092762735664 -6.33679559834714 0.822383887920995 0.00931480887265889 0.568505854967536 -0.0199766886957139
1636512776.43676 29.7406541364817 -0.878003074668221 -5.88450161967368 0.86485676194962 0.00924665506190303 0.501528133133367 -0.020169589880399
1636512776.93702 30.2993558783898 -0.874050085746301 -5.35581058093527 0.901375949564226 0.00789549034082571 0.432648306039183 -0.0165681037205357
1636512777.43728 30.7689632162231 -0.854760658896066 -4.71930563660295 0.93230659746299 0.00574951734621673 0.361324383221657 -0.0146983491167292
1636512777.93753 31.1204426743162 -0.836625727037714 -4.01738667512649 0.957762980106652 0.00138625101809511 0.287311374168122 -0.0118459494750605
1636512778.43779 31.3439253354383 -0.817182076836464 -3.28267350837846 0.977971889977811 -0.00143654670610461 0.208529169994481 -0.00919260617025593
1636512778.93806 31.461321516606 -0.79375880827575 -2.53664540543505 0.991701667792073 -0.00345797483153574 0.128430034526407 -0.00464443107715842
1636512779.4383 31.4541718962922 -0.764812957361779 -1.77832820736485 0.998861364916173 -0.00321847247905419 0.0475969869880429 -0.00037675238718241
1636512779.93856 31.3107941268427 -0.734030398854021 -1.03919729853933 0.999438861573088 -0.0033664385175287 -0.0332992119442716 0.00133848910647939
1636512780.43883 31.0516213208119 -0.698683455737696 -0.333840832089676 0.993386216807207 -0.00443995640943854 -0.114682659030683 0.00346392294940195
1636512780.93911 30.6879915814883 -0.672538517812216 0.312060012958761 0.980148687510823 -0.00734305090037443 -0.197950665574438 0.00837639378991508
1636512781.43934 30.1987779824483 -0.643679539694518 0.872465797534119 0.958750990624844 -0.0105007930080303 -0.283922943654243 0.00860426573231995
1636512781.9396 29.6188966555938 -0.606426571809565 1.34356331863454 0.929059325270289 -0.0139110170262414 -0.369481614676657 0.0117724317599312
1636512782.43986 28.9447650265695 -0.570363409367074 1.70033018229601 0.891694956496598 -0.0162609979486329 -0.452178185812515 0.0122708100608245
1636512782.94053 28.2100892183574 -0.538094372249725 1.95250568275066 0.848430872050723 -0.0184206449716552 -0.528822271412364 0.0131430760610275
1636512783.44053 27.4510461676148 -0.505390522804376 2.08063281046394 0.799275462134008 -0.0209014954497741 -0.600343838677206 0.0175823343372847
1636512783.94063 26.6864374881206 -0.48631921780912 2.06112034826566 0.744420034965945 -0.0205235076198532 -0.667106532502445 0.0196588776089398
1636512784.44089 25.9337398338409 -0.471341651835028 1.93894279357032 0.688397181283991 -0.0204453055597526 -0.7245616488973 0.0264901345419624
1636512784.94115 25.1382169276646 -0.426007671047731 1.73261500727964 0.634580618219578 -0.0171709055683217 -0.772172355429798 0.0276125422954841
1636512785.4414 24.3833982409872 -0.414062805943735 1.43411249738346 0.585106130310562 -0.0169210035434196 -0.810270668580186 0.0287391640571215
1636512786.04171 23.4709841130564 -0.412718999276321 1.00007893721725 0.531808984997582 -0.0170156775751494 -0.846136108272851 0.0307141086371334
1636512786.54198 22.7442823689029 -0.420585118487212 0.580263436377182 0.498088559666098 -0.015161216369988 -0.866359619285791 0.0331501782636728
1636512787.04223 22.0238262597577 -0.430292521448443 0.0850390455292802 0.467431402800267 -0.0169746592293111 -0.883168462223445 0.035117117679252
1636512787.64254 21.2101023928518 -0.471282859155218 -0.602322051593643 0.429014853633489 -0.0189012221505176 -0.902493010026064 0.0330963142532235
1636512788.24285 20.4450654507597 -0.489569007897257 -1.34845540245804 0.394138718516888 -0.0188822749416733 -0.918325379590988 0.0312510393100701
1636512788.7431 19.8190093531127 -0.499731453397303 -2.00596012094602 0.372247392570825 -0.0203551827859679 -0.927405879698597 0.0305921486405319
1636512789.34341 19.0745434991268 -0.509822876656853 -2.85606731394502 0.352971925902043 -0.0211896964613151 -0.934937645271547 0.029213280250169
1636512789.84386 18.4583625269415 -0.539744606612536 -3.59485814589384 0.342493408978317 -0.0196811206425691 -0.938924806195035 0.0270393529560344
1636512790.44416 17.698698974699 -0.561159039020841 -4.45358740619943 0.342978485079085 -0.0194864789331483 -0.938670491071385 0.0297278506362187
1636512791.04446 16.9288163063908 -0.571201330475697 -5.29133573663597 0.352691909216027 -0.0172741115740662 -0.935045010512149 0.0316362222652406
1636512791.54472 16.2394713640681 -0.571643774049987 -5.97055437771133 0.366851149373192 -0.0187344774491655 -0.929584554241364 0.0306889242913544
1636512792.14503 15.3888209658213 -0.589499896280262 -6.75427006957744 0.388711903728946 -0.019088843901964 -0.920719201083483 0.0285451343331521
1636512792.64531 14.6629138853022 -0.597061873130339 -7.35948230007986 0.407512210022169 -0.0181853615455366 -0.912563569819264 0.0288239890894218
1636512793.14556 13.8957935991967 -0.597449696105336 -7.93019474797599 0.428083115335308 -0.0182417592582464 -0.903107810558159 0.0284317972141962
1636512793.64581 13.0943992829541 -0.601749789648766 -8.4597758236526 0.453995219327768 -0.0175633415685163 -0.890400968393334 0.0276764402460354
1636512794.24611 12.0965973959857 -0.602530297573824 -9.02100457314319 0.487606330509069 -0.0157554046175739 -0.872523231168729 0.0263637012518767
1636512794.74638 11.2484100370239 -0.594286461984902 -9.39566475742909 0.518527266762086 -0.0146321963104182 -0.854518184365238 0.0267216212927324
1636512795.24816 10.3756578281595 -0.588095561064325 -9.70692397930457 0.552388836170044 -0.013552139051682 -0.833094077988756 0.0252422348830957
1636512795.74689 9.47408822793942 -0.575269572159933 -9.91872614058874 0.589752977517667 -0.0139773820981133 -0.807091914802121 0.0244683338169169
1636512796.24715 8.56050673257939 -0.551625976020989 -10.0460165932423 0.626527276377854 -0.0159467104101913 -0.778822486553659 0.0253930860672116
1636512796.74741 7.62055449750389 -0.53600175765335 -10.0882134121101 0.662909860942838 -0.0171836511449242 -0.748162410279673 0.0225443173014201
1636512797.24767 6.69044999673388 -0.51110207101204 -10.0333740796313 0.702785488540341 -0.0167260830123614 -0.710946715141712 0.0191719449557815
1636512797.74794 5.75244954655441 -0.479433482380903 -9.8974592310164 0.741906732698334 -0.016594514063305 -0.670213483140932 0.0106258691872559
1636512798.24819 4.85208007217812 -0.447814403381187 -9.63194442330546 0.779154785690293 -0.0152023281917874 -0.626529171068358 0.0121617002864982
1636512798.74844 3.99743507088921 -0.420272825356079 -9.26473003719354 0.812940795496494 -0.012354440466359 -0.58205339403956 0.0137287037013258
1636512799.24871 3.18346202624564 -0.382857768072626 -8.82977068584453 0.844222805967325 -0.00477898976301174 -0.535864029098221 0.0107124908458923
1636512799.74896 2.44810116512234 -0.335803515404727 -8.29724300188873 0.871915177624769 -0.00345329384912116 -0.48956833629746 0.00865112039546831
1636512800.34985 1.67963321527932 -0.306986211583819 -7.56044331847769 0.904206486890184 -0.00443071091426666 -0.42705365842445 0.00402127999502885
1636512800.84953 1.16238008422301 -0.277783317294743 -6.87387684911262 0.930138048635338 -0.00462019388059591 -0.367171810542431 0.00259342097332032
1636512801.44984 0.651321814975544 -0.238239243664124 -5.9851347345151 0.954113056189606 -0.00484952802790142 -0.299400246254977 0.00206170533661721
1636512801.9501 0.306979418337769 -0.202254026253985 -5.19495818586667 0.969216400685328 -0.00455121521756877 -0.246165037229749 0.00127652978708728
1636512802.55041 -0.00293430590132024 -0.159270725382345 -4.20199441810944 0.983399107130435 -0.00371464387147724 -0.181412964368269 -0.00131676690777277
1636512803.15089 -0.182206712322754 -0.116308350594424 -3.18336719661229 0.992777813849037 -0.00364657438233747 -0.119909262754356 -0.000826758796919321
1636512803.65115 -0.246877647716088 -0.0854773563717249 -2.32201944163234 0.997113435574229 -0.00221340357525834 -0.0758930119262503 -0.000384945103087123
1636512804.1514 -0.281064157982932 -0.0524988510413927 -1.43862981971625 0.999163064600763 -0.00317302555766114 -0.0407119293320874 -0.0023750908363675
1636512804.75171 -0.259106985716818 -0.0152080169080357 -0.359260293410007 0.999962250126403 -0.0017113937925898 -0.00833634339107378 -0.00175351997258804
1636512805.25196 -0.219207379376858 0.0187286406477287 0.550031842231893 0.999958747972839 0.000196819371707744 0.00891566165339 -0.00172470055647086
1636512805.85232 -0.16670399363087 0.0579655266465226 1.62462583238654 0.999878138916093 -0.000256534486596088 0.0155965878080665 0.000622861536354009
1636512806.35254 -0.140447294062889 0.0824042611276096 2.37539590078323 0.999873246885763 -0.00188411905232329 0.0157561691892266 -0.0012974552012403
1636512806.95285 -0.109119380088013 0.095509531538099 2.91028163428183 0.999862683304528 -0.00350493903195798 0.0161930778990265 -0.000337884014153145
1636512807.45311 -0.107499564118087 0.0915303253998346 2.93372593050119 0.99987135021956 -0.000769780846212315 0.0160149800408104 -0.000459196966999977
1636512808.05342 -0.106103994335866 0.0925539732210442 2.93409588378192 0.999870710290068 -0.00122811204124739 0.0160240568282728 -0.000532961175295165
1636512808.55368 -0.106418310099377 0.0923831799042549 2.93405870661427 0.999870070120086 -0.00145476878061426 0.0160466883939243 -0.00047991399029343
