1636512749.9229 0.000378251348490373 -7.83653091102276e-05 -0.000522203243185922 3.35341519489593 7.0689983167572e-05 1.19241410853364e-05 9.33293207527719e-07
1636512750.42316 0.00392440247952279 0.002670879205418 0.0256559954821035 3.3534101572361 0.00362563416384075 0.00393487949568267 -0.00227229950527379
1636512750.92342 0.0189150778846722 0.00364147264459923 0.148886310176408 3.35334289024651 0.00432815837832477 0.0209723986812908 -0.00513424491282519
1636512751.42368 0.0470499756290698 0.0074825771620295 0.369455504469402 3.35303124723454 0.00575769775949212 0.0497407577513487 -0.00822408065703845
1636512751.92393 0.0904369689139088 0.0167070539610313 0.710224702070374 3.35218216895828 0.00476743767975228 0.0902246651216842 -0.0102450943788619
1636512752.42463 0.146904194474631 0.0286812016468834 1.15530156290129 3.35061959273033 0.00659131139460555 0.136169556651133 -0.0124990306118
1636512752.92445 0.232461352121241 0.0453855285498703 1.69839998926997 3.34856502601082 0.00516617689044662 0.179997084149065 -0.00894993800833579
1636512753.42471 0.330981145861902 0.0616202669478232 2.30073146975143 3.34591684427324 0.00240047740799901 0.223497963174785 -0.01663862592227
1636512753.92515 0.479936298818918 0.078373187737714 2.97888612115754 3.34213776416739 0.00328604165495496 0.27467711707705 -0.00709387832738549
1636512754.4254 0.647393277068042 0.0983746737698528 3.71200659771149 3.33716867070113 0.00790488824253027 0.329272681858348 -0.0146884823432612
1636512754.92566 0.864675897015666 0.11935360956373 4.49561132640096 3.32999830183912 0.00697190545890192 0.394759542625068 -0.0249214824667024
1636512755.42592 1.17083261187888 0.138315413986444 5.29082529655272 3.316783641955 0.00974759299541967 0.493754066075381 -0.021252143975632
1636512755.92618 1.54992376036621 0.161561087467294 6.07221575282875 3.29280123348735 0.00633471206046766 0.633906907955023 -0.0312316300128225
1636512756.42643 2.01866408596753 0.178840769987633 6.8032483245714 3.25596052409995 0.00761960330287625 0.801420149871787 -0.0422164070803787
1636512756.92669 2.57023147375284 0.189118635692111 7.44922681128896 3.20188792669771 0.00951369348949661 0.995564444548489 -0.0454764307472098
1636512757.42694 3.17347699323028 0.183057667725067 7.99492209262322 3.13157296065924 0.0147031502547413 1.19794379301838 -0.0579547470729024
1636512757.9272 3.84646154317368 0.175883396641905 8.42457231768384 3.03799853323487 0.0221756698433673 1.41834194565846 -0.0614227271827193
1636512758.42746 4.56806159080337 0.171448649546658 8.75066923410219 2.91761453488043 0.0204967810206365 1.65103846582456 -0.0810602657840149
1636512758.92773 5.33890951188337 0.157260687275272 8.92557257970661 2.76956193476582 0.020180179573301 1.88872405784731 -0.0850550272261037
1636512759.42798 6.12953763865677 0.143186476956603 8.96749371028627 2.59518179478473 0.0263261419102088 2.12198147420299 -0.0832255003493702
1636512759.92824 6.90908939477421 0.127364134636063 8.91395531281353 2.41890396999822 0.0245744706688735 2.32056689699445 -0.0930721783927636
1636512760.42849 7.70042017884538 0.117250298760795 8.74321543747304 2.24613348694332 0.0247314405762911 2.48800876640719 -0.097357934750358
1636512760.92876 8.48976228397928 0.0831031973445625 8.47740972463816 2.07875552898484 0.0204159235239843 2.62943133936183 -0.0992116266497428
1636512761.4302 9.24525079072307 0.0542493192822229 8.13693174521108 1.91973269594781 0.0306980663123632 2.74736003449358 -0.105310589211598
1636512761.92933 10.0032678853575 0.0300279380190387 7.73639622873715 1.78679522521066 0.0294756361917448 2.83507632423728 -0.119288391236328
1636512762.42972 10.7412676871456 -0.00301753437038019 7.27437881511312 1.68641538062248 0.0442023468177086 2.89562225293934 -0.121715074322398
1636512762.92979 11.4844118470583 -0.0329608189975035 6.77359960451912 1.61411360704529 0.0407646706424235 2.93662005060107 -0.120961390887556
1636512763.43007 12.2232103767592 -0.0646401993638338 6.23433148971224 1.55224623802275 0.0431291316931136 2.96997697941106 -0.115333043014788
1636512763.9303 12.9458333710848 -0.104182229652272 5.65467290182479 1.50568686284805 0.0459574013712092 2.99404583105478 -0.108986349367794
1636512764.43056 13.6646394065233 -0.13382458036432 5.06475561604853 1.45796124409085 0.0415160789588429 3.01755839874507 -0.111176483930239
1636512764.93083 14.3559107729725 -0.176034078466338 4.43490324193239 1.41070143270087 0.0486746290666083 3.03976763822624 -0.112953213112493
1636512765.43108 15.0347848253695 -0.205412858073093 3.7756665525334 1.36294106620556 0.0542703874976173 3.06141645742054 -0.112112103829128
1636512765.93133 15.703980342186 -0.24035609216886 3.10619461555831 1.31559036688335 0.0554878030729036 3.08202409002328 -0.112534764802303
1636512766.43159 16.3439906275739 -0.283033684237253 2.42660566717381 1.27021126580493 0.0524114967575127 3.10115903938507 -0.109646988874146
1636512766.93185 16.9544261213818 -0.326067437670102 1.72580054771267 1.22586215621902 0.0617572162905696 3.11882585203432 -0.108474878969893
1636512767.43324 17.5633126022738 -0.364361833291641 1.00609782978004 1.18731524076782 0.0615132093531086 3.13353728329215 -0.113297011578461
1636512767.93237 18.1686123485973 -0.405241371410148 0.260714450123352 1.1534948576199 0.0584153218401683 3.14611988558327 -0.115587212334665
1636512768.43263 18.7511502210024 -0.441585843238531 -0.520739583363238 1.12659223116169 0.0657248188891637 3.15572161655392 -0.115259473282907
1636512768.93289 19.3219450307152 -0.487734726867581 -1.27506056346689 1.09816488091389 0.0598250791811331 3.16587711338878 -0.114325988508839
1636512769.43315 19.8858030244898 -0.52273216853543 -2.02348949926223 1.07681179070482 0.0580197650897598 3.17330918832476 -0.112304692914937
1636512769.9334 20.453777378996 -0.559121216567609 -2.79376985713249 1.06463868395394 0.0526098358107223 3.17763772560149 -0.108575490503325
1636512770.43366 21.0324115660738 -0.599364760072504 -3.56678353511692 1.07475496540751 0.0544072475926827 3.17428716340177 -0.106000445768385
1636512770.93394 21.6276369898611 -0.641622196814948 -4.30439466032495 1.10767190987364 0.0546638420099615 3.16290654425227 -0.107193615848984
1636512771.43418 22.2711799289525 -0.67827086373373 -4.96999217204293 1.17850334922674 0.0567607940912727 3.13686661629414 -0.115626010023146
1636512771.93444 22.9672124273114 -0.717928116367906 -5.61227379597434 1.30007783065728 0.0587031734567881 3.08839042525872 -0.116574556953285
1636512772.43469 23.7071355886724 -0.740505102756432 -6.21390986413299 1.43398258994495 0.063191668590072 3.02841564483194 -0.117443183675136
1636512772.93496 24.4876120932499 -0.777408577662398 -6.64869790893653 1.59437401449468 0.0648010276404798 2.94739880393833 -0.109572322065243
1636512773.43521 25.2882092716489 -0.81335698816173 -6.92171749149289 1.78898752419599 0.0553338448276596 2.83375051148035 -0.108228078942421
1636512773.93546 26.0983306780767 -0.833671069812505 -7.05037505764672 2.00766396569094 0.052800307450137 2.68378483665116 -0.0958642449490492
1636512774.43572 26.8811573162287 -0.856103643119796 -7.04463077089989 2.22549871820601 0.0442299803082165 2.50653501346565 -0.0887404354010695
1636512774.93598 27.6457621128317 -0.872078121632231 -6.91923162267595 2.42436167175653 0.0406558973873066 2.31487907646469 -0.0868672456714203
1636512775.43841 28.3786588479445 -0.874642856249196 -6.68731517700215 2.60040033694754 0.0361952830800208 2.11561429222011 -0.0785979016190765
1636512775.93651 29.0735339000215 -0.878721221591369 -6.32692030308951 2.75779462642213 0.0312364216182647 1.90643617287114 -0.0669901314312229
1636512776.43676 29.694306146209 -0.876634790104692 -5.87533118170762 2.90022380759318 0.0310078735936337 1.68183206270159 -0.0676370091952072
1636512776.93702 30.2521372044131 -0.872687961541293 -5.34746405783699 3.02268780627324 0.0264768572861301 1.45084940384936 -0.0555597307797541
1636512777.43728 30.7210127037258 -0.853428595434305 -4.71195104612435 3.12641111094864 0.0192805188365273 1.21167067725882 -0.0492896672791897
1636512777.93753 31.0719444144012 -0.835321925148194 -4.01112595881251 3.21177693133249 0.00464867522908252 0.963474328022008 -0.0397243869767162
1636512778.43779 31.2950787989804 -0.815908576032665 -3.27755777288936 3.2795457967822 -0.00481733755352988 0.699284887398347 -0.0308266252190756
1636512778.93806 31.4122920293282 -0.792521810415647 -2.53269228402632 3.32558744233762 -0.0115960253462898 0.430679229360292 -0.0155747057493494
1636512779.4383 31.4051535510199 -0.763621068866468 -1.77555685142633 3.34959687946991 -0.0107928745180813 0.159612459433446 -0.00126340718017955
1636512779.93856 31.2619992222328 -0.73288648205818 -1.03757780805795 3.35153346553466 -0.0112890660799437 -0.111666083337501 0.00448850970889647
1636512780.43883 31.0032303124525 -0.697594623802068 -0.33332057279856 3.3312364346028 -0.0148890172914896 -0.384578571472455 0.011615971855128
1636512780.93911 30.6401672556083 -0.671490430283993 0.311573697009597 3.28684550270728 -0.0246242984718376 -0.663810769928791 0.0280895262199528
1636512781.43934 30.1517160495884 -0.64267642614807 0.87110614229211 3.21509014081767 -0.0352135188396337 -0.95211151364732 0.0288536754542784
1636512781.9396 29.5727384128133 -0.605481513482253 1.34146950256253 3.11552165903318 -0.0466494158829154 -1.23902526117456 0.0394778515536512
1636512782.43986 28.89965735403 -0.569474552059902 1.69768037888591 2.99022341701115 -0.0545298776175797 -1.51634119945071 0.0411491209210552
1636512782.94053 28.1661264684231 -0.537255803178029 1.94946288772751 2.84514097880394 -0.0617720707618495 -1.77336064075889 0.0440741909807955
1636512783.44053 27.4082663143232 -0.504602919581952 2.07739034145777 2.68030248024021 -0.0700913924533396 -2.0132021512424 0.0589608671418662
1636512783.94063 26.6448492049766 -0.48556133540771 2.05790828758219 2.49634945721028 -0.0688238423207073 -2.23708518321931 0.0659243789034846
1636512784.44089 25.8933245586408 -0.470607110550423 1.93592113502429 2.30848156836885 -0.0685615983440338 -2.42975604360636 0.0888324197081565
1636512784.94115 25.099041399504 -0.42534377847485 1.72991489103016 2.12801228801033 -0.0575811756560929 -2.58941451036866 0.0925963189245454
1636512785.4414 24.3453990261985 -0.413417528310832 1.43187756899978 1.96210378845862 -0.0567431504083596 -2.71717397261627 0.0963743494597839
1636512786.04171 23.4344068091957 -0.412075815838725 0.998520408993846 1.78337633148065 -0.0570606317449969 -2.83744568308077 0.102997158624987
1636512786.54198 22.7088375608244 -0.419929676448477 0.579359150816365 1.67029774476986 -0.0508418533598424 -2.90526351222121 0.111166311528315
1636512787.04223 21.9895042142313 -0.429621951342384 0.0849065202379093 1.56749156908018 -0.0569230802007617 -2.96163054154984 0.117762276053466
1636512787.64254 21.1770484588369 -0.470548409493431 -0.601383389772009 1.43866492933939 -0.0633836455761352 -3.02643377380044 0.110985683137176
1636512788.24285 20.4132037542991 -0.48880606100605 -1.34635396253712 1.32171076787341 -0.0633201077180813 -3.0795262824828 0.10479771010263
1636512788.7431 19.7881233057346 -0.498952669298111 -2.00283402224804 1.24830006279269 -0.0682593792649491 -3.10997696952787 0.10258817611912
1636512789.34341 19.0448176312122 -0.509028366031105 -2.85161640377076 1.18366141996211 -0.0710578501048466 -3.13523410665037 0.0979642579060591
1636512789.84386 18.4295969186626 -0.538903465807015 -3.58925590024001 1.14852260208208 -0.0659989690304548 -3.14860471267874 0.0906741770836428
1636512790.44416 17.6711172300556 -0.560284525852345 -4.44664691239474 1.15014926364945 -0.0653462545643736 -3.14775188847861 0.0996898260578761
1636512791.04446 16.9024343509067 -0.570311167347906 -5.28308969147078 1.18272240775219 -0.0579272682440402 -3.13559414687969 0.106089388477609
1636512791.54472 16.2141636873316 -0.570752921415825 -5.96124983467904 1.23020421885425 -0.0628244813608248 -3.11728296984598 0.102912705057159
1636512792.14503 15.364838947095 -0.588581216572236 -6.74374417992996 1.30351240469948 -0.0640128192084724 -3.08755375985144 0.0957236872350147
1636512792.64531 14.6400631239502 -0.596131408798213 -7.34801324454089 1.36655763750628 -0.0609830677454159 -3.06020454203978 0.0966588030120723
1636512793.14556 13.8741383220931 -0.596518627387866 -7.91783629118638 1.43554042397189 -0.0611721926922175 -3.02849545524707 0.0953436208180754
1636512793.64581 13.0739929029259 -0.600812019643127 -8.44659206495701 1.52243446725179 -0.0588971765024706 -2.98588413764266 0.0928105952828956
1636512794.24611 12.077745995614 -0.60159131122057 -9.00694619264194 1.63514647823026 -0.0528344132583807 -2.92593266196961 0.0884084363919453
1636512794.74638 11.2308804562492 -0.593360322867957 -9.38102250454571 1.73883721572523 -0.0490678294532708 -2.86555426442017 0.0896086908957829
1636512795.24816 10.3594883489716 -0.587179069879613 -9.69179665842901 1.85238911712686 -0.0454459490296394 -2.79371034054379 0.084647694029451
1636512795.74689 9.45932375951123 -0.574373069063117 -9.90326874612214 1.97768659649485 -0.0468719655233917 -2.70651429139364 0.0820524824341876
1636512796.24715 8.54716599431079 -0.550766319227513 -10.0303608286715 2.10100608910243 -0.0534759410103621 -2.61171516113256 0.0851535606825487
1636512796.74741 7.60867858569299 -0.535166449723138 -10.072491887797 2.22301200104012 -0.0576239168663492 -2.50889919545521 0.0756004562144154
1636512797.24767 6.68002356462025 -0.510305566883148 -10.0177380172195 2.35673153656216 -0.0560895009375623 -2.38409951786244 0.0642914915451194
1636512797.74794 5.74348489922673 -0.47868633074544 -9.88203497901242 2.48792131119479 -0.0556482956245192 -2.24750407870258 0.035632951199664
1636512798.24819 4.84451856532774 -0.447116527083084 -9.61693395096041 2.61282949810686 -0.0509797183677857 -2.10101244278636 0.0407832305458341
1636512798.74844 3.99120544725917 -0.419617869996586 -9.25029183365998 2.72612801679177 -0.041429568393794 -1.9518666962591 0.0460380436087718
1636512799.24871 3.17850090244692 -0.382261120533232 -8.81601032522905 2.83102958605552 -0.0160259368911983 -1.79697457798682 0.0359234295860089
1636512799.74896 2.44428603151879 -0.335280197457713 -8.28431253518892 2.92389360597552 -0.0115803280687302 -1.64172589825503 0.0290107985936678
1636512800.34985 1.67701566613039 -0.306507802673139 -7.54866108424119 3.032179773154 -0.0148580133074888 -1.43208822752374 0.0134850214413427
1636512800.84953 1.16056862504697 -0.277350418326589 -6.86316456363709 3.11913906635745 -0.0154934283660964 -1.23127952889184 0.00869681730068177
1636512801.44984 0.650306791667502 -0.237867970386231 -5.97580746937885 3.19953722100605 -0.016262480980555 -1.00401333537649 0.00691375400479026
1636512801.9501 0.306501020013719 -0.201938832526287 -5.18686233597846 3.25018500594333 -0.0152621142693248 -0.825493576487023 0.0042807343857341
1636512802.55041 -0.00292973306372401 -0.15902251705455 -4.1954460081275 3.29774550925197 -0.0124567432050857 -0.608352991402703 -0.0044156661576705
1636512803.15089 -0.181922760433477 -0.116127095055213 -3.17840622059656 3.32919620687779 -0.0122284779458434 -0.402105543821125 -0.00277246551273676
1636512803.65115 -0.246492912304338 -0.0853441480144548 -2.31840079444321 3.34373534665369 -0.00742246118340465 -0.25450077943807 -0.00129088075818816
1636512804.1514 -0.280626146135566 -0.0524170365585561 -1.43638785151393 3.35060860377674 -0.0106404721212858 -0.136524002466953 -0.00796466570175313
1636512804.75171 -0.258703192041047 -0.0151843166552946 -0.358700420298005 3.35328860466258 -0.00573901394983284 -0.0279552206038861 -0.00588028052197413
1636512805.25196 -0.218865765455373 0.0186994538366189 0.549174669744815 3.3532768604876 0.00066001707188546 0.029897915267862 -0.00578363705403667
1636512805.85232 -0.166444201259129 0.0578751928679567 1.62209400702955 3.3530065448518 -0.000860266645562755 0.052301834556052 0.00208871334080312
1636512806.35254 -0.14022842026848 0.0822758418979702 2.37169407144221 3.35299013984295 -0.00631823346049785 0.052836977184579 -0.00435090598753035
1636512806.95285 -0.108949327877874 0.0953606889868098 2.90574623622845 3.35295471576912 -0.0117535158096379 0.0543021134911394 -0.00113306538743254
1636512807.45311 -0.10733203623759 0.0913876840641119 2.9291539967345 3.35298377953369 -0.00258139478701819 0.0537048774270827 -0.00153987808693978
1636512808.05342 -0.105938641318585 0.0924097366272265 2.92952337347811 3.3529816335844 -0.00411836958109487 0.0537353156640866 -0.00178724010393286
1636512808.55368 -0.106252467250773 0.0922392094756315 2.92948625424756 3.35297948682866 -0.00487844373508703 0.0538112087002443 -0.00160935086766093
