99 0.547738 -0.0210699 -0.834873 0.0502501 -3.70912 0.00974419 -0.0158044
98 0.542523 -0.0202682 -0.83824 0.0511129 -3.70848 0.00219631 0.00880788
97 0.536631 -0.0212168 -0.841986 0.0513391 -3.71144 0.00782786 0.0267868
96 0.52969 -0.0227507 -0.846387 0.0504053 -3.71762 0.0228877 0.0503999
95 0.523573 -0.0230341 -0.850214 0.0497684 -3.72105 0.0287052 0.0668477
94 -0.517162 0.0222805 0.854159 -0.0495852 -3.72409 0.0247216 0.0789937
93 -0.510351 0.0210699 0.858296 -0.0492573 -3.72633 0.0184405 0.0884239
92 -0.5029 0.0206936 0.862717 -0.0488054 -3.73011 0.0171403 0.0914854
91 -0.494726 0.0215104 0.867457 -0.0479799 -3.73635 0.0259253 0.0878397
90 -0.485866 0.0226094 0.87244 -0.0476644 -3.74368 0.0327305 0.0777095
9 0.290197 0.0213043 0.956035 -0.0364494 -2.82351 0.00748695 0.120616
89 -0.47647 0.0234836 0.877572 -0.0478788 -3.7498 0.0363982 0.0644963
88 -0.466746 0.022403 0.882772 -0.0485856 -3.75424 0.0255278 0.0489715
87 -0.456417 0.0210921 0.888165 -0.0490131 -3.75743 0.0139126 0.0294993
86 -0.445679 0.0206484 0.8936 -0.0492275 -3.76275 0.00806652 0.005073
85 -0.435035 0.0212631 0.898856 -0.0484881 -3.76949 0.0135796 -0.0193348
84 -0.420198 0.0218467 0.905886 -0.048233 -3.77564 0.0154656 -0.0612446
83 -0.407814 0.0222065 0.911492 -0.0487524 -3.78027 0.0140616 -0.0990185
82 -0.395635 0.0231146 0.91682 -0.0487793 -3.78486 0.0184346 -0.135877
81 -0.382768 0.024662 0.92224 -0.0485168 -3.78893 0.027143 -0.179096
80 -0.369398 0.0263035 0.92764 -0.0483437 -3.79238 0.0363987 -0.226549
8 0.292685 0.0220285 0.955263 -0.0363594 -2.82601 0.0137703 0.16636
79 -0.356113 0.0275635 0.932806 -0.0479154 -3.79469 0.042903 -0.273772
78 -0.342199 0.0278283 0.937943 -0.0488641 -3.79252 0.0378084 -0.322294
77 -0.327845 0.027278 0.943006 -0.050136 -3.7884 0.0258695 -0.375077
76 -0.313718 0.0262407 0.947782 -0.0510113 -3.78231 0.012902 -0.42454
75 -0.298879 0.0251097 0.952577 -0.0513524 -3.77398 0.000447685 -0.479916
74 -0.284166 0.0248304 0.957088 -0.0511448 -3.7659 -0.0041302 -0.534871
73 -0.269872 0.0254472 0.961223 -0.0507241 -3.75762 -0.00167572 -0.586043
72 -0.255157 0.0269987 0.965195 -0.0506498 -3.74837 0.00637299 -0.640433
71 -0.24073 0.0283307 0.968881 -0.0501653 -3.73803 0.0140645 -0.692205
70 -0.226636 0.0294481 0.972263 -0.0497404 -3.72632 0.0196207 -0.740163
7 0.294938 0.022644 0.954548 -0.0365741 -2.82723 0.0192318 0.212357
69 -0.212092 0.0299794 0.975545 -0.0493029 -3.71136 0.0214604 -0.790222
68 -0.197503 0.0299352 0.978633 -0.0487184 -3.69485 0.0193842 -0.840303
67 -0.182992 0.0298728 0.981463 -0.0485079 -3.67694 0.0157666 -0.887617
66 -0.168441 0.0300585 0.984063 -0.0484244 -3.65783 0.0142656 -0.934396
65 -0.153724 0.0297455 0.986503 -0.0479188 -3.63663 0.0106625 -0.981738
64 -0.138674 0.0289185 0.988782 -0.0473608 -3.61301 0.00287227 -1.03064
63 -0.120694 0.0288806 0.991122 -0.0477122 -3.58422 -0.00295225 -1.08246
62 -0.105881 0.0289243 0.992807 -0.0478279 -3.55853 -0.00577984 -1.12551
61 -0.0909104 0.0292633 0.994315 -0.0470855 -3.53217 -0.00383292 -1.17004
60 -0.0766287 0.0291944 0.995577 -0.0458478 -3.50583 -0.00277189 -1.20759
6 0.296904 0.0231666 0.95392 -0.0367058 -2.82882 0.0254125 0.258803
59 -0.0627795 0.0289221 0.996586 -0.0451512 -3.47903 -0.00557407 -1.24009
58 -0.0486405 0.0294111 0.997362 -0.0451456 -3.45044 -0.00469367 -1.27261
57 -0.0351392 0.0304372 0.997891 -0.0452985 -3.42412 -0.00049151 -1.29939
56 -0.0226274 0.03148 0.998242 -0.044823 -3.39906 0.00664875 -1.31848
55 -0.0103434 0.0312932 0.998503 -0.0436425 -3.37239 0.00807441 -1.33504
54 0.00166295 0.0308708 0.998614 -0.0425982 -3.34538 0.00690074 -1.34812
535 0.948274 -0.0137039 -0.315895 0.028253 -3.19479 0.114649 0.834714
534 0.941344 -0.0142703 -0.336014 0.0276308 -3.23694 0.125891 0.788146
533 0.933188 -0.0139698 -0.357992 0.0284164 -3.28126 0.115834 0.71237
532 0.924289 -0.0138148 -0.380351 0.0288368 -3.32431 0.109883 0.630258
531 0.914553 -0.0135539 -0.403195 0.0290271 -3.36576 0.105066 0.546892
530 0.903857 -0.0139231 -0.426612 0.0291681 -3.40528 0.105374 0.458583
53 0.0127299 0.0300086 0.998577 -0.0422077 -3.31979 0.000547596 -1.35303
529 0.892269 -0.0143086 -0.450318 0.0294071 -3.44134 0.105699 0.36271
528 0.880137 -0.0143099 -0.473547 0.0301156 -3.47129 0.0987643 0.269145
527 0.867182 -0.0152874 -0.4968 0.0308444 -3.49636 0.0944158 0.171044
526 0.850191 -0.0156611 -0.525201 0.0330894 -3.52136 0.0754986 0.0432293
525 0.836024 -0.0158813 -0.547416 0.0338668 -3.53448 0.0709199 -0.0499636
524 0.821367 -0.0164227 -0.569072 0.0352562 -3.54177 0.0631627 -0.138243
523 0.806424 -0.0171537 -0.589925 0.0370799 -3.54523 0.0540312 -0.223004
522 0.79205 -0.0181209 -0.608986 0.0382804 -3.5462 0.0489707 -0.296796
521 0.777507 -0.0184193 -0.627374 0.0393165 -3.54049 0.0427268 -0.365655
520 0.759254 -0.0187244 -0.649282 0.040199 -3.53368 0.0374004 -0.443584
52 0.023832 0.0292319 0.998431 -0.0413778 -3.29381 -0.00303625 -1.35757
519 0.744747 -0.0198241 -0.665822 0.0405055 -3.52542 0.0374067 -0.49949
518 0.729978 -0.0213162 -0.681866 0.0416823 -3.51531 0.0347095 -0.551252
517 0.714968 -0.0216484 -0.697511 0.0427941 -3.50037 0.0282498 -0.602928
516 0.700355 -0.0214178 -0.712106 0.0441631 -3.48478 0.0175154 -0.645065
515 0.685506 -0.0211636 -0.726366 0.0450085 -3.46448 0.010734 -0.68545
514 0.670803 -0.0214225 -0.739954 0.0450773 -3.44804 0.01092 -0.720086
513 0.652947 -0.0235843 -0.755732 0.0444092 -3.42728 0.0228243 -0.754653
512 0.638376 -0.0244401 -0.768046 0.0445381 -3.40739 0.0249335 -0.779461
511 0.624408 -0.0235091 -0.77939 0.0459656 -3.38639 0.0113388 -0.794694
510 0.610779 -0.0234821 -0.790017 0.0476413 -3.36564 0.000333068 -0.802917
51 0.0346523 0.0290301 0.998146 -0.0407563 -3.26899 -0.00383178 -1.35877
509 0.597831 -0.023812 -0.799818 0.0481778 -3.34691 -0.00181203 -0.805754
508 0.585678 -0.0244153 -0.808716 0.0486174 -3.331 -0.00256156 -0.798979
507 0.573222 -0.0246997 -0.817546 0.0492486 -3.3118 -0.00422726 -0.790921
506 0.561315 -0.0242188 -0.82576 0.0495881 -3.29561 -0.00761388 -0.779553
505 0.547008 -0.0236835 -0.835371 0.0487513 -3.27602 -0.00443738 -0.758691
504 0.535294 -0.0241693 -0.842948 0.0481253 -3.26162 0.000641181 -0.743232
503 0.523595 -0.0254179 -0.850261 0.0475277 -3.2491 0.0103998 -0.727201
502 -0.512174 0.0252285 0.857216 -0.0471376 -3.23547 0.0116496 -0.708871
501 -0.50089 0.0240956 0.86387 -0.047504 -3.22045 0.00382611 -0.688206
500 -0.48903 0.0235781 0.870613 -0.0482362 -3.20522 -0.00244201 -0.671483
50 0.0445898 0.0296012 0.997723 -0.0410523 -3.2473 -0.00171787 -1.35242
5 0.298338 0.023395 0.953469 -0.036659 -2.8295 0.0290599 0.307407
499 -0.474641 0.0239119 0.878507 -0.0486857 -3.19046 -0.0033597 -0.648196
498 -0.46277 0.0249354 0.884756 -0.049277 -3.17879 -5.68076e-05 -0.630705
497 -0.450245 0.0249355 0.891185 -0.0494728 -3.16651 2.16983e-05 -0.620147
496 -0.437712 0.0247484 0.897396 -0.0497506 -3.15446 -0.00256969 -0.608919
495 -0.424853 0.0252158 0.90355 -0.0496209 -3.14346 0.000971352 -0.600989
494 -0.411854 0.0246584 0.909562 -0.049653 -3.1317 -0.0022969 -0.594095
493 -0.398989 0.0251813 0.91525 -0.0499165 -3.12143 -0.000431439 -0.585497
492 -0.385856 0.0255596 0.920889 -0.0492481 -3.11185 0.00356678 -0.581387
491 -0.37241 0.0272439 0.926414 -0.048232 -3.10348 0.0149912 -0.578416
490 -0.359368 0.0288492 0.931492 -0.048425 -3.09544 0.0223652 -0.572079
49 0.0540089 0.0289956 0.997279 -0.0409462 -3.22534 -0.00620684 -1.34273
489 -0.346115 0.0284462 0.936473 -0.0491252 -3.08444 0.0186759 -0.567666
488 -0.3324 0.0255273 0.941537 -0.0486564 -3.07059 0.00518151 -0.568496
487 -0.318346 0.0223427 0.9465 -0.0478936 -3.05597 -0.0110255 -0.572208
486 -0.304837 0.0224593 0.950908 -0.0484092 -3.04592 -0.0139779 -0.571652
485 -0.291256 0.0242999 0.9551 -0.0486077 -3.03851 -0.0054069 -0.572063
484 -0.277212 0.0257631 0.959281 -0.0476439 -3.03047 0.00525009 -0.574568
483 -0.263897 0.02701 0.963035 -0.0468172 -3.02302 0.0137142 -0.57169
482 -0.250888 0.0278005 0.96647 -0.0470982 -3.01384 0.0171803 -0.563244
481 -0.237252 0.0278866 0.96986 -0.048004 -3.00392 0.014495 -0.559302
480 -0.223559 0.0278481 0.973089 -0.0484144 -2.9942 0.0128682 -0.555636
48 0.0628684 0.0283145 0.996805 -0.0403114 -3.20412 -0.00947723 -1.32701
479 -0.209797 0.0273589 0.976162 -0.0484144 -2.98385 0.0108719 -0.550808
478 -0.196895 0.0269107 0.97891 -0.047369 -2.97556 0.0104893 -0.542159
477 -0.185283 0.0273191 0.981191 -0.0467865 -2.96875 0.0138845 -0.521816
476 -0.174259 0.0266714 0.98322 -0.0469242 -2.96087 0.0108845 -0.497392
475 -0.163183 0.025646 0.98515 -0.0468343 -2.95233 0.00572927 -0.472873
474 -0.15051 0.0253748 0.987209 -0.0460627 -2.94454 0.00608675 -0.458683
473 -0.135964 0.0281164 0.9893 -0.0448093 -2.94033 0.0250443 -0.456065
472 -0.120595 0.0295288 0.991283 -0.0440784 -2.93503 0.0338327 -0.457391
471 -0.104319 0.0305171 0.993105 -0.0439267 -2.92853 0.038382 -0.463066
470 -0.0872779 0.0300805 0.994752 -0.044117 -2.91998 0.0339576 -0.471933
47 0.0720116 0.0283115 0.996165 -0.0408524 -3.18362 -0.0103552 -1.31165
469 -0.0691888 0.0291077 0.996159 -0.045096 -2.90961 0.0251138 -0.484666
468 -0.0457223 0.0285115 0.997502 -0.0456767 -2.89664 0.0205926 -0.506495
467 -0.0268798 0.0281867 0.998218 -0.0452007 -2.88649 0.0189535 -0.524348
277 0.997849 6.87938e-06 0.0612689 0.0232986 0.591718 -0.143165 -3.35915
276 0.996856 0.000835956 0.0758294 0.0229437 0.509184 -0.135153 -3.29143
275 0.995703 0.00231989 0.0895462 0.0234663 0.433195 -0.123356 -3.22315
274 0.994382 0.00247163 0.103198 0.0234319 0.359299 -0.122201 -3.15763
273 0.993025 0.00290572 0.115652 0.0227519 0.293151 -0.119075 -3.09089
272 0.991553 0.00311598 0.127978 0.0208439 0.224782 -0.118433 -3.02127
271 0.989862 0.00333106 0.140663 0.0193854 0.157714 -0.115507 -2.94947
270 0.988066 0.00397733 0.152779 0.0191891 0.0977046 -0.110147 -2.87834
27 0.228191 0.0227441 0.972539 -0.0397362 -2.87272 -0.0250624 -0.820842
269 0.985569 0.00407874 0.168145 0.0191005 0.0239218 -0.108305 -2.78475
268 0.983441 0.00439422 0.180357 0.017195 -0.0350974 -0.105524 -2.709
267 0.981334 0.0050953 0.191704 0.0144217 -0.0900479 -0.101469 -2.63052
266 0.97892 0.00480807 0.203786 0.0128168 -0.145953 -0.101564 -2.55055
265 0.975614 0.00494319 0.219023 0.0134918 -0.207704 -0.0962187 -2.44979
264 0.973022 0.00531493 0.230183 0.014704 -0.249216 -0.0916868 -2.36763
263 0.970081 0.00539778 0.242282 0.0146195 -0.29704 -0.0893168 -2.28452
262 0.967236 0.00556685 0.253464 0.0133894 -0.337843 -0.0870143 -2.2005
261 0.964431 0.00544266 0.263981 0.0125577 -0.375562 -0.0840436 -2.11457
260 0.96159 0.00553271 0.274175 0.0119112 -0.409859 -0.0798678 -2.02999
26 0.232527 0.0210919 0.971532 -0.0401356 -2.86451 -0.0343456 -0.77329
259 0.958929 0.00567286 0.283348 0.0117375 -0.437066 -0.0760861 -1.94579
258 0.956099 0.00572811 0.292799 0.0105012 -0.467556 -0.0732464 -1.85988
257 0.953232 0.00624963 0.302052 0.00858034 -0.495077 -0.0675049 -1.77485
256 0.950284 0.00705787 0.311232 0.00668428 -0.523146 -0.0609098 -1.6871
255 0.946303 0.0078982 0.323141 0.00534275 -0.554436 -0.0528314 -1.57826
254 0.943245 0.00857739 0.331949 0.00510517 -0.573015 -0.0476021 -1.49293
253 0.939925 0.0093667 0.341219 0.004837 -0.594065 -0.041354 -1.40514
252 0.936441 0.00999307 0.350654 0.00446041 -0.611303 -0.0362123 -1.31773
251 0.933016 0.00979893 0.359666 0.00509101 -0.625706 -0.0339496 -1.22974
250 0.928369 0.0088989 0.371504 0.00603329 -0.641141 -0.0331486 -1.1194
25 0.23529 0.0200635 0.970895 -0.0399833 -2.8589 -0.0389033 -0.715856
249 0.924703 0.00876946 0.380543 0.00586535 -0.652104 -0.0298608 -1.03239
248 0.921165 0.00953073 0.38903 0.00436572 -0.663378 -0.0235086 -0.945983
247 0.917563 0.0104456 0.397445 0.00230813 -0.674626 -0.0170895 -0.859838
246 0.914156 0.0107796 0.405217 0.00133363 -0.680505 -0.013485 -0.77497
245 0.910587 0.010318 0.413187 0.00117281 -0.685149 -0.0117008 -0.689183
244 0.907325 0.00992211 0.42031 0.00148957 -0.684596 -0.00935389 -0.605699
243 0.903665 0.0107387 0.428104 0.000902227 -0.685039 -0.00284893 -0.502019
242 0.9009 0.011386 0.433877 -0.000584786 -0.685951 0.0014099 -0.420226
241 0.898616 0.0112056 0.438591 -0.00132742 -0.682675 0.00488655 -0.339491
240 0.896761 0.0108816 0.442381 -0.000910402 -0.677515 0.00814185 -0.261228
24 0.238617 0.0201908 0.97007 -0.0402286 -2.85385 -0.0353036 -0.660565
239 0.895008 0.0105087 0.445926 -0.000179033 -0.673211 0.00981312 -0.182037
238 0.893551 0.0099002 0.448853 5.50608e-05 -0.667085 0.0127884 -0.103992
237 0.891848 0.0094825 0.452235 -0.000549717 -0.662694 0.0164223 -0.00811027
236 0.890466 0.00947775 0.454948 -0.00164113 -0.659656 0.0217968 0.0690017
235 0.889125 0.0100645 0.457547 -0.00238334 -0.655447 0.0270614 0.146038
234 0.887811 0.0102917 0.460089 -0.00180605 -0.648673 0.0300463 0.222156
233 0.886577 0.0103091 0.462464 -0.00126369 -0.641654 0.0317426 0.298932
232 0.885508 0.00998132 0.464514 -0.00135287 -0.635913 0.0344434 0.375326
231 0.884525 0.0100772 0.466378 -0.00223047 -0.631128 0.040036 0.451362
230 0.883885 0.0105921 0.467576 -0.00289592 -0.626596 0.0453248 0.526044
23 0.243078 0.0213458 0.968879 -0.0415942 -2.85002 -0.0256386 -0.594348
229 0.883079 0.0105853 0.469095 -0.00296796 -0.620398 0.0485479 0.619506
228 0.882766 0.00991906 0.469698 -0.00305388 -0.61473 0.0528538 0.694219
227 0.882664 0.00991229 0.469894 -0.00241972 -0.610971 0.0556058 0.766809
226 0.882519 0.0100708 0.470165 -0.00204142 -0.607053 0.0581999 0.839597
225 0.88255 0.0101934 0.470104 -0.00191922 -0.604201 0.0614153 0.912515
224 0.882842 0.0108064 0.469541 -0.00222498 -0.603585 0.0647547 0.98479
223 0.883207 0.0105864 0.468854 -0.00292942 -0.603829 0.0684858 1.05748
222 0.883853 0.010083 0.467643 -0.00354556 -0.604208 0.0745271 1.12889
221 0.88485 0.0100807 0.465754 -0.00353822 -0.60789 0.0792313 1.19815
220 0.886454 0.010916 0.462678 -0.00301239 -0.614544 0.0819226 1.28255
22 0.246172 0.0213208 0.968106 -0.0414128 -2.84608 -0.0228644 -0.53931
219 0.888038 0.0110559 0.459629 -0.00282939 -0.622245 0.0838383 1.34891
218 0.889942 0.0106454 0.455941 -0.00269358 -0.633789 0.086905 1.4146
217 0.891669 0.0105767 0.452553 -0.00322961 -0.645765 0.0920137 1.48059
216 0.89364 0.0106573 0.448646 -0.00313909 -0.658833 0.09519 1.54511
215 0.895915 0.0106785 0.444081 -0.00372846 -0.676291 0.100695 1.60981
214 0.89817 0.0105491 0.439508 -0.00360773 -0.694423 0.103925 1.67283
213 0.901499 0.0104718 0.432635 -0.0040915 -0.721866 0.109413 1.74981
212 0.904398 0.0103203 0.426541 -0.00453562 -0.748857 0.115342 1.81094
211 0.907332 0.0101208 0.420269 -0.00443593 -0.775991 0.119082 1.86968
210 0.910728 0.00973511 0.412874 -0.00379537 -0.807669 0.121844 1.92522
21 0.249168 0.0208948 0.967359 -0.0411799 -2.84195 -0.0226387 -0.482395
209 0.914364 0.00954332 0.404769 -0.0030574 -0.845103 0.124124 1.97904
208 0.91801 0.0093323 0.396439 -0.00236183 -0.884866 0.125665 2.03048
207 0.922954 0.00914762 0.384792 -0.00262979 -0.941325 0.1312 2.08999
206 0.92707 0.00887618 0.374772 -0.00273244 -0.992515 0.136295 2.13628
205 0.931289 0.00847035 0.364178 -0.00200467 -1.04641 0.138785 2.1797
204 0.935674 0.00813879 0.35277 -0.00116714 -1.10435 0.140438 2.21886
203 0.940207 0.00779676 0.340512 -0.00102827 -1.16867 0.144217 2.25499
202 0.944827 0.00786004 0.327474 -0.0012381 -1.23972 0.14902 2.28684
201 0.949504 0.00814978 0.313644 -0.00161873 -1.31405 0.153156 2.31278
200 0.954325 0.00800969 0.298663 -0.000752537 -1.39502 0.155371 2.33385
20 0.252875 0.0205369 0.966396 -0.0413631 -2.83785 -0.0209946 -0.430464
2 0.301734 0.0241099 0.952397 -0.0362704 -2.82979 0.0397109 0.453168
199 0.960166 0.00652003 0.279355 0.000474791 -1.49975 0.159158 2.3527
198 0.964604 0.00622595 0.263624 0.00149336 -1.58439 0.160262 2.36134
197 0.969179 0.00590809 0.246273 0.00256123 -1.67682 0.160022 2.36251
196 0.973623 0.00542039 0.228082 0.00284431 -1.77491 0.160316 2.3518
195 0.977745 0.00549339 0.209689 0.00382891 -1.87438 0.161109 2.34474
194 0.981577 0.00500391 0.190938 0.00484049 -1.97355 0.159763 2.3267
193 0.984994 0.00400841 0.172434 0.00604763 -2.07088 0.160119 2.30902
192 0.988144 0.00365803 0.153306 0.00746747 -2.16863 0.157524 2.28351
191 0.990948 0.00366946 0.133892 0.00902837 -2.26831 0.154055 2.25521
190 0.993277 0.0027458 0.115295 0.0099859 -2.36287 0.148573 2.22348
19 0.25681 0.0199593 0.965359 -0.0416187 -2.83438 -0.019824 -0.362738
189 0.995289 0.00166527 0.0963549 0.0106083 -2.45818 0.154566 2.19278
188 0.996969 0.00156805 0.0768955 0.011686 -2.55292 0.154087 2.15558
187 0.998254 0.00189893 0.0576498 0.0127253 -2.6459 0.149881 2.11419
186 0.999178 0.00105611 0.0382663 0.0133268 -2.73812 0.151438 2.06837
14 0.273303 0.0212081 0.960898 -0.0391273 -2.82518 -0.000725607 -0.11647
139 0.742231 -0.0205356 -0.668534 0.0416335 -4.07746 0.0197282 -0.868435
138 0.733155 -0.0220067 -0.678455 0.0412057 -4.06143 0.028958 -0.912536
137 0.722183 -0.0229236 -0.690153 0.0401919 -4.04192 0.0392436 -0.961617
136 0.712796 -0.0225338 -0.699861 0.0401172 -4.02072 0.0374323 -1.00416
135 0.703257 -0.0225452 -0.709407 0.0407803 -3.99919 0.0316208 -1.0453
134 0.694102 -0.0229835 -0.718293 0.0418125 -3.97843 0.0240669 -1.08087
133 0.684644 -0.0231279 -0.727272 0.0424623 -3.95575 0.019992 -1.11702
132 0.676006 -0.0230944 -0.735281 0.0429535 -3.93561 0.0140727 -1.14291
131 0.668494 -0.0227952 -0.742063 0.0440223 -3.91664 0.00400554 -1.15357
130 0.660049 -0.0228642 -0.749527 0.0449654 -3.89492 -0.00127888 -1.15325
13 0.277411 0.0218512 0.959724 -0.0386687 -2.82499 0.0049367 -0.0579087
129 0.654177 -0.0232351 -0.754638 0.0450978 -3.88069 0.000184776 -1.14349
128 0.649053 -0.0239451 -0.759037 0.0449361 -3.86971 0.00501267 -1.12583
127 0.643789 -0.0244327 -0.763491 0.0449436 -3.85607 0.00818753 -1.10871
126 0.638746 -0.0241213 -0.767704 0.045303 -3.84345 0.00546669 -1.08946
125 0.634244 -0.0235052 -0.77139 0.0462627 -3.83133 -0.00216816 -1.064
124 0.629728 -0.0227145 -0.775078 0.0466965 -3.81937 -0.00698972 -1.03936
123 0.625877 -0.0231488 -0.778173 0.0467872 -3.81144 -0.00587338 -1.00852
122 0.622308 -0.0237223 -0.781015 0.0467493 -3.80341 -0.0005786 -0.973376
121 0.617463 -0.0230605 -0.784865 0.0468472 -3.79155 -0.00159461 -0.933554
120 0.614004 -0.0221936 -0.787575 0.0472547 -3.7831 -0.0073203 -0.897787
12 0.281067 0.0219951 0.958662 -0.0385283 -2.82453 0.00644838 -0.0143503
119 0.610533 -0.0214188 -0.790249 0.0479308 -3.77407 -0.0143602 -0.860778
107 0.578111 -0.0209315 -0.814266 0.0481802 -3.71888 0.00628669 -0.319996
106 0.574746 -0.0211165 -0.81661 0.0486718 -3.71564 0.00639732 -0.261859
105 0.571969 -0.0217407 -0.818528 0.0489038 -3.71463 0.0114255 -0.21691
104 0.568763 -0.0212878 -0.820777 0.0487869 -3.7123 0.0114048 -0.177059
103 0.565224 -0.0199132 -0.823248 0.0488697 -3.70908 0.00453669 -0.1389
102 0.561393 -0.0195677 -0.825841 0.0494077 -3.70707 0.000261412 -0.103166
1 0.302351 0.0241307 0.952207 -0.0361124 -2.82939 0.0410927 0.489581
10 0.287124 0.0213413 0.956945 -0.0368789 -2.82366 0.00566678 0.07719
100 0.552602 -0.0213577 -0.831694 0.0496106 -3.70942 0.0134632 -0.0426734
101 0.557191 -0.0206214 -0.828649 0.0495492 -3.70845 0.00753252 -0.0711231
108 0.580492 -0.0211615 -0.81258 0.0478982 -3.72253 0.00682827 -0.369634
109 0.58228 -0.0210906 -0.81126 0.0486122 -3.72492 -0.000319328 -0.423619
11 0.284238 0.0220176 0.957761 -0.037665 -2.82471 0.00842967 0.030487
110 0.584188 -0.0210356 -0.809882 0.0487155 -3.72675 -0.0037301 -0.476033
111 0.586382 -0.0214279 -0.808307 0.0483376 -3.73168 -0.00153129 -0.527323
112 0.588214 -0.0217307 -0.806971 0.0482746 -3.73521 -0.00215853 -0.581477
113 0.590718 -0.0218449 -0.805105 0.0487925 -3.73766 -0.00569254 -0.627291
114 0.593825 -0.0222539 -0.802794 0.0489639 -3.7436 -0.00732256 -0.668143
115 0.596735 -0.022801 -0.800672 0.0480874 -3.74952 -0.00178134 -0.711917
116 0.600128 -0.022537 -0.798182 0.047366 -3.75594 0.000609105 -0.750301
117 0.603314 -0.022066 -0.795772 0.0476662 -3.7611 -0.00544995 -0.790361
118 0.606684 -0.0214729 -0.793191 0.0481777 -3.76573 -0.0133334 -0.827364
140 0.750842 -0.0191138 -0.658898 0.0415244 -4.09228 0.0167532 -0.827595
141 0.759127 -0.0186817 -0.649355 0.0414203 -4.10575 0.016496 -0.789353
142 0.767309 -0.0191166 -0.639672 0.0411163 -4.11907 0.021569 -0.748932
143 0.777185 -0.0183177 -0.627658 0.0411538 -4.13268 0.0169844 -0.702902
144 0.785193 -0.0166989 -0.617691 0.0406319 -4.14145 0.0161911 -0.663111
145 0.79362 -0.0162001 -0.606891 0.0398495 -4.15352 0.01929 -0.617854
146 0.801667 -0.0163979 -0.596308 0.0384452 -4.16486 0.0309374 -0.575105
147 0.809762 -0.0166929 -0.58533 0.0373582 -4.17397 0.0419046 -0.528957
148 0.817774 -0.0153566 -0.574098 0.0377041 -4.17989 0.0338313 -0.481124
149 0.825373 -0.0138336 -0.563169 0.0375401 -4.18485 0.0311556 -0.437233
15 0.27002 0.0205982 0.961829 -0.0393677 -2.82559 -0.0055913 -0.163746
150 0.832945 -0.0137727 -0.551954 0.0368761 -4.19031 0.0357206 -0.392677
151 0.840391 -0.0143878 -0.54061 0.0357257 -4.19486 0.0466083 -0.345653
152 0.847577 -0.0147685 -0.529345 0.0344961 -4.19923 0.0567353 -0.302254
153 0.85439 -0.0145694 -0.518282 0.0344865 -4.19919 0.0579308 -0.260076
154 0.863273 -0.0158731 -0.503351 0.0338431 -4.19869 0.0687063 -0.196435
155 0.870013 -0.0166882 -0.491656 0.0327512 -4.19946 0.0787302 -0.15123
156 0.876689 -0.0171901 -0.479725 0.0313925 -4.19738 0.0921051 -0.101676
157 0.88342 -0.0168217 -0.467239 0.0312 -4.19276 0.0922102 -0.0480915
158 0.890006 -0.0157451 -0.454519 0.0324654 -4.184 0.0813704 0.00898818
159 0.896566 -0.0160386 -0.441288 0.0343198 -4.17039 0.0723533 0.0737464
16 0.266539 0.0201465 0.962774 -0.040203 -2.82753 -0.0116617 -0.211176
160 0.903898 -0.0173928 -0.425855 0.0362386 -4.1538 0.0648584 0.157497
161 0.911007 -0.0184701 -0.410253 0.0376493 -4.13803 0.0572136 0.242345
162 0.917408 -0.0192 -0.395777 0.0367995 -4.12093 0.0661684 0.313903
163 0.924031 -0.0194411 -0.3802 0.0351599 -4.10222 0.0802619 0.392552
164 0.930191 -0.0191417 -0.364908 0.0349349 -4.08048 0.0816689 0.466157
165 0.936195 -0.0180967 -0.349251 0.0351457 -4.05228 0.0762281 0.541281
166 0.94237 -0.0160921 -0.332418 0.0343247 -4.02341 0.0754047 0.626812
167 0.947742 -0.0135664 -0.316982 0.033506 -3.99283 0.0755044 0.699299
168 0.952913 -0.0121339 -0.301059 0.0342464 -3.95377 0.0687045 0.7758
169 0.958506 -0.0119947 -0.282761 0.0341823 -3.91127 0.0722834 0.87399
17 0.263546 0.0194623 0.963581 -0.0409357 -2.8283 -0.017149 -0.262225
170 0.96355 -0.0121306 -0.265192 0.0331335 -3.86983 0.080174 0.956848
171 0.96921 -0.0110356 -0.244082 0.0305561 -3.81402 0.0947197 1.05369
172 0.973637 -0.00956815 -0.226089 0.0286778 -3.76728 0.106384 1.13732
173 0.9776 -0.00876667 -0.208401 0.0281046 -3.71374 0.107026 1.21357
174 0.981283 -0.00824695 -0.190335 0.0280739 -3.65551 0.107093 1.28717
175 0.984844 -0.00847645 -0.171147 0.0268302 -3.59323 0.115011 1.37389
176 0.987933 -0.00824167 -0.152519 0.0256434 -3.52942 0.11956 1.44792
177 0.99071 -0.00695608 -0.133748 0.0236135 -3.46143 0.131494 1.52906
178 0.993175 -0.00591863 -0.114428 0.0217738 -3.39011 0.136499 1.59949
179 0.995214 -0.00506619 -0.0954828 0.0201574 -3.31835 0.143052 1.66801
18 0.260083 0.0196627 0.964486 -0.0416744 -2.83081 -0.0183632 -0.310595
180 0.996872 -0.0040935 -0.0765935 0.0190372 -3.2434 0.144648 1.7323
181 0.998178 -0.00297841 -0.0572886 0.0186774 -3.16059 0.144456 1.80201
182 0.999127 -0.00258486 -0.0378495 0.0175006 -3.07927 0.146592 1.86048
183 0.999689 -0.00220037 -0.0184255 0.0166888 -2.99811 0.14792 1.91752
184 0.999881 -0.000952936 0.000578081 0.015397 -2.91288 0.149309 1.97406
185 0.999704 0.000305919 0.0195807 0.0144222 -2.82716 0.148729 2.01955
278 0.998664 -0.000121505 0.0455861 0.0243397 0.685983 -0.143615 -3.42783
279 0.999235 -8.29109e-05 0.0300573 0.0250289 0.779403 -0.144004 -3.49497
28 0.223735 0.0223539 0.973631 -0.0385458 -2.87977 -0.0292754 -0.869108
280 0.999591 0.00020919 0.0139026 0.0249856 0.877011 -0.143316 -3.55691
281 0.999679 0.000381526 -0.00279945 0.0251578 0.98241 -0.142251 -3.61762
282 0.99948 7.73652e-05 -0.0194272 0.0257356 1.08983 -0.145799 -3.67445
283 0.998985 0.000618315 -0.0361979 0.0268059 1.20113 -0.140237 -3.72816
284 0.998191 0.00115612 -0.0527264 0.0288657 1.31503 -0.13121 -3.77776
285 0.997185 0.000934038 -0.0688476 0.0296891 1.42484 -0.131799 -3.82294
286 0.995938 0.00034195 -0.0849373 0.0298745 1.53548 -0.135171 -3.86301
287 0.994475 -0.000441819 -0.100829 0.02922 1.64332 -0.143956 -3.89873
288 0.992737 -0.000333945 -0.116688 0.0292603 1.75466 -0.142924 -3.9314
289 0.990773 -0.000458631 -0.131994 0.0307726 1.86453 -0.140173 -3.96237
29 0.21944 0.0220564 0.974613 -0.038588 -2.88574 -0.0332985 -0.916867
290 0.988601 -0.00166113 -0.147371 0.0307827 1.97439 -0.149772 -3.9885
291 0.986098 -0.00270009 -0.163257 0.0308199 2.08854 -0.158763 -4.01052
292 0.982665 -0.00336492 -0.18277 0.0308696 2.23045 -0.163179 -4.03531
293 0.979508 -0.00375593 -0.198688 0.0327453 2.34989 -0.161017 -4.05069
294 0.97607 -0.00437147 -0.214775 0.0337625 2.47118 -0.163159 -4.06175
295 0.972384 -0.00474988 -0.230784 0.034427 2.5903 -0.16358 -4.0711
296 0.968347 -0.00506764 -0.247142 0.0346451 2.71316 -0.164106 -4.07537
297 0.964 -0.00493843 -0.263415 0.0359546 2.83759 -0.156417 -4.07601
298 0.95933 -0.00567825 -0.279741 0.0373912 2.96301 -0.156086 -4.07222
299 0.954295 -0.00766204 -0.296277 0.0384911 3.08885 -0.168516 -4.06232
3 0.300878 0.0242037 0.952669 -0.0361786 -2.83071 0.0375222 0.403463
30 0.213965 0.0228072 0.975772 -0.039595 -2.89651 -0.0324488 -0.957075
300 0.948867 -0.00994691 -0.313122 0.0388091 3.21714 -0.186977 -4.04433
301 0.943181 -0.0111441 -0.329777 0.0391426 3.34405 -0.196087 -4.02687
302 0.937043 -0.0118223 -0.346727 0.0398934 3.47335 -0.196949 -4.00215
303 0.930498 -0.0127155 -0.36379 0.0408443 3.60411 -0.200014 -3.97278
304 0.923469 -0.013204 -0.381142 0.0419691 3.73748 -0.198273 -3.93693
305 0.916074 -0.0128081 -0.39856 0.0423615 3.87053 -0.190033 -3.89793
306 0.908482 -0.0124529 -0.415686 0.0413559 3.99814 -0.185017 -3.8579
307 0.900395 -0.0125001 -0.433025 0.0402873 4.12652 -0.185123 -3.812
308 0.891742 -0.0119624 -0.45055 0.0407121 4.25813 -0.174049 -3.75697
309 0.882692 -0.0107773 -0.467947 0.0420083 4.39036 -0.151649 -3.69842
31 0.207382 0.0245383 0.977105 -0.0407092 -2.91025 -0.0228887 -0.990421
310 0.873372 -0.0105426 -0.484994 0.0434951 4.51739 -0.136508 -3.63611
311 0.863276 -0.0110624 -0.50263 0.0446705 4.64834 -0.132459 -3.56119
312 0.852753 -0.0108405 -0.520253 0.0450795 4.78477 -0.116264 -3.47133
313 0.839875 -0.0113197 -0.540725 0.0458145 4.92656 -0.115954 -3.37776
314 0.828615 -0.0118106 -0.557756 0.0465347 5.04816 -0.108282 -3.2795
315 0.817289 -0.013024 -0.574169 0.0469022 5.15902 -0.10947 -3.18138
316 0.808649 -0.0134867 -0.586175 0.0479975 5.24126 -0.108571 -3.11011
317 0.794327 -0.0143707 -0.605461 0.0474954 5.36508 -0.114658 -2.98999
318 0.782624 -0.0147123 -0.620474 0.0479184 5.46429 -0.108465 -2.88646
319 0.770982 -0.0151048 -0.634807 0.0487752 5.55494 -0.102692 -2.78518
32 0.20006 0.0253506 0.978574 -0.0415503 -2.92362 -0.0202144 -1.01868
320 0.759405 -0.0145129 -0.648594 0.0491947 5.64127 -0.0889067 -2.6875
321 0.747595 -0.0143466 -0.662315 0.0472644 5.71622 -0.0880406 -2.58594
322 0.735206 -0.0152796 -0.67609 0.0462602 5.79246 -0.103007 -2.47887
323 0.722596 -0.0159214 -0.689592 0.0454331 5.86561 -0.105351 -2.3633
324 0.709984 -0.0157745 -0.702615 0.0448002 5.93378 -0.0989683 -2.24781
325 0.697456 -0.0147682 -0.715026 0.0455414 5.99762 -0.0765343 -2.13883
326 0.681656 -0.0130684 -0.730009 0.047552 6.07523 -0.0420324 -2.00379
327 0.669233 -0.0113303 -0.741379 0.0485437 6.12909 -0.0109655 -1.89689
328 0.656969 -0.0110275 -0.752345 0.0473923 6.17638 -0.00342891 -1.79065
329 0.644865 -0.0126012 -0.762741 0.0470814 6.21563 -0.0168422 -1.69126
33 0.192254 0.0244974 0.980171 -0.0412612 -2.93706 -0.0257911 -1.04327
330 0.632374 -0.0146603 -0.773092 0.0470853 6.25287 -0.0344955 -1.583
331 0.61971 -0.0155554 -0.783271 0.046942 6.28869 -0.0419738 -1.47729
332 0.607242 -0.0155745 -0.793022 0.0461633 6.32036 -0.0365024 -1.37113
333 0.594217 -0.0157633 -0.802722 0.0479019 6.35072 -0.0244486 -1.26412
334 0.580632 -0.0153832 -0.812486 0.049964 6.37917 -0.0015154 -1.14708
335 0.566606 -0.0143106 -0.82227 0.0512373 6.40456 0.0265327 -1.02933
336 0.55165 -0.0144887 -0.832319 0.0521387 6.42528 0.0359795 -0.897583
337 0.531229 -0.0162992 -0.845516 0.0513064 6.44289 0.0217587 -0.711067
338 0.513442 -0.0179594 -0.856453 0.0504311 6.44953 0.0081012 -0.54367
339 -0.494554 0.0180911 0.867495 -0.0504116 6.45296 0.0154809 -0.364753
34 0.184667 0.023554 0.98167 -0.0408316 -2.94929 -0.0321121 -1.06996
340 -0.474255 0.01706 0.878764 -0.0506435 6.45234 0.0380923 -0.169798
341 -0.452697 0.0147859 0.890101 -0.0506647 6.43737 0.0762574 0.0409143
342 -0.429912 0.0127198 0.901359 -0.0506509 6.41303 0.110869 0.261639
343 -0.40595 0.0123827 0.912447 -0.0499269 6.37306 0.122972 0.497297
344 -0.38039 0.0142972 0.923459 -0.0481839 6.31594 0.10507 0.748462
345 -0.354073 0.0157651 0.933884 -0.0473675 6.24271 0.0969858 1.00246
346 -0.326716 0.0167875 0.9438 -0.0470845 6.15502 0.0974723 1.26249
347 -0.298235 0.0165532 0.953202 -0.0467755 6.05065 0.110599 1.52618
348 -0.270129 0.0159346 0.961524 -0.0474113 5.93479 0.136764 1.77552
349 -0.242271 0.0161852 0.968902 -0.0476657 5.80292 0.146317 2.01398
35 0.17686 0.0227007 0.983112 -0.0411905 -2.9634 -0.0398546 -1.09508
350 -0.213887 0.0170323 0.975599 -0.0465748 5.65403 0.144061 2.24891
351 -0.185484 0.0177064 0.981434 -0.0454815 5.49158 0.145844 2.47473
352 -0.156606 0.0178874 0.986471 -0.0450591 5.31988 0.153046 2.68471
353 -0.127856 0.0176287 0.990624 -0.0447939 5.1354 0.163236 2.88778
354 -0.0990197 0.0178134 0.993913 -0.0448869 4.93903 0.175528 3.0853
355 -0.0701912 0.0182195 0.996347 -0.045101 4.73466 0.18319 3.2637
356 -0.0416419 0.0203996 0.997945 -0.0442303 4.51787 0.166935 3.43602
357 -0.0136244 0.0214373 0.998748 -0.0430908 4.30107 0.161685 3.58768
358 0.0151359 0.0211997 0.998773 -0.0421285 4.07067 0.169357 3.7337
359 0.0433579 0.0201271 0.997981 -0.0418113 3.83851 0.186233 3.86571
36 0.168955 0.021983 0.984489 -0.0418511 -2.97696 -0.0464547 -1.11817
360 0.0708319 0.0207614 0.996427 -0.0410574 3.60127 0.186256 3.97787
361 0.0985833 0.021486 0.994061 -0.0407609 3.36248 0.173864 4.07303
362 0.125992 0.0218543 0.991029 -0.0388526 3.10985 0.185452 4.17266
363 0.152351 0.0226421 0.987341 -0.0378832 2.86331 0.181752 4.24386
364 0.178799 0.0229155 0.982952 -0.0362058 2.61158 0.17964 4.30479
365 0.205036 0.0226553 0.977855 -0.035297 2.36168 0.179244 4.3454
366 0.230423 0.021771 0.97223 -0.0346397 2.11304 0.186805 4.37392
367 0.256237 0.0203304 0.965806 -0.0338957 1.86068 0.194956 4.39701
368 0.281637 0.0189743 0.958782 -0.0325126 1.60844 0.202873 4.4182
369 0.306988 0.0184633 0.950996 -0.0319864 1.35649 0.196859 4.40835
37 0.161018 0.0226429 0.985817 -0.0415356 -2.99207 -0.0431796 -1.14181
370 0.331752 0.0197326 0.94265 -0.0310145 1.09735 0.202107 4.4077
371 0.356567 0.019374 0.93355 -0.0311295 0.847698 0.200458 4.36702
372 0.380474 0.0195749 0.924074 -0.030716 0.599177 0.20462 4.33382
373 0.40389 0.0194784 0.914084 -0.0307358 0.358386 0.211033 4.28344
374 0.427038 0.0193058 0.903532 -0.0299175 0.127756 0.221071 4.23568
375 0.449464 0.0192152 0.892591 -0.0299073 -0.103766 0.217619 4.15669
376 0.470752 0.0186499 0.881571 -0.0296203 -0.318539 0.220533 4.07572
377 0.491255 0.0178266 0.870346 -0.029115 -0.5229 0.221029 3.98599
378 0.511123 0.0162342 0.858903 -0.027845 -0.719539 0.218442 3.88984
379 0.530615 0.0147799 0.847066 -0.0265987 -0.910456 0.211563 3.78114
38 0.152824 0.0249933 0.987055 -0.041735 -3.01068 -0.0288051 -1.16612
380 0.549332 0.01438 0.835081 -0.0258325 -1.09224 0.205237 3.66443
381 0.566611 0.0151593 0.823435 -0.0260365 -1.25986 0.203494 3.54083
382 0.582966 0.0158699 0.811913 -0.0263888 -1.41589 0.203649 3.41746
383 0.598424 0.0166516 0.800583 -0.0260486 -1.55877 0.199245 3.28898
384 0.612404 0.0169607 0.789955 -0.025394 -1.68627 0.19327 3.1594
385 0.626001 0.017029 0.779255 -0.0243704 -1.80661 0.185229 3.02754
386 0.639025 0.017061 0.768632 -0.0236591 -1.91911 0.17803 2.89186
387 0.650951 0.0178777 0.75856 -0.023024 -2.01874 0.173055 2.7592
388 0.661935 0.017859 0.749025 -0.0220004 -2.1084 0.164636 2.62522
389 0.67219 0.0177653 0.739846 -0.0217657 -2.18925 0.161937 2.49309
39 0.143779 0.026849 0.988361 -0.041817 -3.03096 -0.0166088 -1.1826
390 0.681187 0.0177286 0.731582 -0.0213802 -2.25682 0.15663 2.36521
391 0.688519 0.0181113 0.72471 -0.0202347 -2.31007 0.147827 2.24514
392 0.694922 0.0176276 0.718624 -0.0187936 -2.35445 0.135298 2.12531
393 0.701269 0.0172405 0.712465 -0.0178537 -2.3963 0.12789 2.00904
394 0.706999 0.0173696 0.706757 -0.0185649 -2.43431 0.130516 1.87886
395 0.710301 0.0180928 0.703413 -0.0188712 -2.45809 0.129978 1.78025
396 0.713647 0.0188359 0.700001 -0.01878 -2.48087 0.12617 1.67939
397 0.716802 0.0194662 0.696756 -0.0186193 -2.50102 0.122755 1.57992
398 0.719031 0.0202466 0.694432 -0.0186791 -2.51448 0.120442 1.48768
399 0.719993 0.0206406 0.693445 -0.017848 -2.51814 0.112966 1.40531
4 0.299837 0.0237479 0.953006 -0.0362401 -2.82958 0.032906 0.354359
40 0.135046 0.0264404 0.989601 -0.0418714 -3.04882 -0.0202748 -1.20092
400 0.719406 0.0202184 0.694096 -0.0166369 -2.51349 0.102847 1.33175
401 0.718436 0.0193929 0.695145 -0.0157146 -2.51073 0.09253 1.26146
402 0.717311 0.0197147 0.696298 -0.0156763 -2.50641 0.0901114 1.17341
403 0.714886 0.0207562 0.698744 -0.0162413 -2.49952 0.0919877 1.11313
404 0.712431 0.0209245 0.701255 -0.0156762 -2.49229 0.0844691 1.05124
405 0.709947 0.0211531 0.703785 -0.0146109 -2.48372 0.0771142 0.989115
406 0.707227 0.02165 0.706495 -0.0150475 -2.47708 0.0779345 0.929174
407 0.704662 0.0225642 0.70899 -0.0166297 -2.47432 0.0831123 0.867516
408 0.701631 0.0233924 0.71192 -0.0183275 -2.46984 0.0885427 0.788345
409 0.699323 0.0225133 0.714196 -0.0190944 -2.46574 0.0862393 0.724078
41 0.125792 0.0263935 0.99082 -0.0418978 -3.06706 -0.0208387 -1.21451
410 0.697151 0.0207472 0.71638 -0.0187097 -2.4592 0.0755221 0.660842
411 0.694271 0.0199911 0.719215 -0.0178027 -2.45163 0.0641637 0.601269
412 0.691253 0.020072 0.722125 -0.0173706 -2.446 0.0597925 0.541145
413 0.687584 0.0198492 0.725607 -0.0181345 -2.43833 0.0605311 0.486454
414 0.682193 0.0194575 0.730644 -0.0198451 -2.43171 0.0604894 0.420688
415 0.677735 0.0190431 0.734776 -0.0203963 -2.42462 0.0570202 0.368454
416 0.672554 0.0184647 0.739517 -0.0211003 -2.41736 0.0545445 0.317613
417 0.667261 0.0178529 0.744273 -0.0224158 -2.41097 0.0528067 0.266497
418 0.661419 0.0191418 0.74939 -0.0239323 -2.40695 0.0557011 0.21395
419 0.655065 0.0212938 0.754865 -0.0247907 -2.40423 0.0623953 0.162713
42 0.11681 0.027493 0.991866 -0.0424513 -3.08642 -0.0157289 -1.23079
420 0.646893 0.0224335 0.761845 -0.0248682 -2.39768 0.0623769 0.0971188
421 0.639378 0.0223034 0.768173 -0.0246697 -2.39195 0.05517 0.0481164
422 0.631731 0.0217237 0.77451 -0.024044 -2.38544 0.0453247 -0.00129945
423 0.623715 0.0221057 0.780986 -0.0234992 -2.38239 0.0391594 -0.0521664
424 0.615477 0.023648 0.787457 -0.0232621 -2.3804 0.0404125 -0.104051
425 0.606416 0.024867 0.794431 -0.0228304 -2.37798 0.0406505 -0.152501
426 0.59596 0.0249724 0.802311 -0.0224764 -2.37531 0.0363078 -0.192198
427 0.585045 0.0240512 0.81033 -0.0225461 -2.37425 0.0286481 -0.226885
428 0.574523 0.0241004 0.817803 -0.0232663 -2.37517 0.0271159 -0.26427
429 0.564038 0.0247441 0.825034 -0.0238445 -2.37793 0.0264322 -0.302059
43 0.108439 0.0292308 0.992749 -0.0428484 -3.10561 -0.00577948 -1.25019
430 0.553673 0.0265002 0.831929 -0.0252742 -2.38365 0.0333889 -0.341572
431 0.543195 0.0271356 0.838764 -0.0260184 -2.38909 0.033853 -0.380099
432 0.532846 0.0268828 0.845381 -0.0261403 -2.39215 0.0278982 -0.42102
433 0.521914 0.0250513 0.85224 -0.0258064 -2.39479 0.0148747 -0.457018
434 0.510738 0.023478 0.859024 -0.0259364 -2.39902 0.00406735 -0.49071
435 0.498995 0.0236052 0.865884 -0.0263163 -2.40742 0.00137947 -0.520452
436 0.487577 0.0242607 0.872333 -0.0267308 -2.41694 0.0023934 -0.55277
437 0.476201 0.024908 0.878539 -0.0279636 -2.42626 0.00452861 -0.586102
438 0.464399 0.0249236 0.884801 -0.0289593 -2.43706 0.00287211 -0.615202
439 0.452449 0.0245005 0.890942 -0.0301901 -2.44678 -0.000974534 -0.643068
44 0.0993459 0.0310533 0.993688 -0.0418387 -3.12663 0.00715785 -1.26696
440 0.439549 0.0244165 0.897348 -0.0310891 -2.45831 -0.00338958 -0.664961
441 0.425993 0.0243066 0.903845 -0.0316646 -2.47178 -0.00650729 -0.682819
442 0.408086 0.0240671 0.912051 -0.0323966 -2.49135 -0.00857134 -0.699455
443 0.393726 0.0236639 0.918295 -0.0339795 -2.50687 -0.0122885 -0.710081
444 0.382585 0.0239146 0.922935 -0.0353141 -2.51952 -0.0111773 -0.714211
445 0.367297 0.0237133 0.929079 -0.0366384 -2.53609 -0.0130663 -0.71962
446 0.351989 0.0227513 0.934947 -0.0382161 -2.5531 -0.017589 -0.72206
447 0.336269 0.0210336 0.940732 -0.038784 -2.57015 -0.0284792 -0.719938
448 0.320437 0.0206603 0.946247 -0.038866 -2.58227 -0.0297854 -0.720269
449 0.304128 0.0219192 0.951504 -0.0408218 -2.60283 -0.0245432 -0.717909
45 0.0900404 0.0307639 0.994598 -0.0414791 -3.14714 0.00540382 -1.28202
450 0.283245 0.0237839 0.95783 -0.0420532 -2.62663 -0.0142606 -0.712905
451 0.265794 0.0248328 0.962798 -0.0419057 -2.64487 -0.00970732 -0.707754
452 0.24896 0.0251125 0.967294 -0.0416066 -2.66077 -0.00725038 -0.705457
453 0.231391 0.0238984 0.971693 -0.0412302 -2.67832 -0.0122346 -0.699987
454 0.213967 0.0224206 0.975708 -0.0413344 -2.69356 -0.0203137 -0.694303
455 0.196964 0.0227838 0.979269 -0.0414441 -2.70826 -0.0201316 -0.688709
456 0.179395 0.02416 0.982651 -0.0403909 -2.72634 -0.00866152 -0.685942
457 0.161925 0.0269351 0.985531 -0.0422217 -2.74563 0.0071909 -0.679591
458 0.144065 0.0282944 0.988218 -0.0432348 -2.76311 0.0145605 -0.669812
459 0.125965 0.0286884 0.990693 -0.0428668 -2.77891 0.017286 -0.660553
46 0.0810859 0.029706 0.995391 -0.0417118 -3.16551 -0.00278442 -1.29704
460 0.107436 0.0283269 0.992878 -0.0430045 -2.79386 0.0145159 -0.648499
461 0.0886918 0.027871 0.994728 -0.0432698 -2.80867 0.0125622 -0.636126
462 0.069438 0.0287355 0.996179 -0.0445018 -2.82416 0.0187204 -0.617854
463 0.0498749 0.0292916 0.997276 -0.0457812 -2.83912 0.0203734 -0.596333
464 0.0308956 0.0294801 0.99806 -0.0453094 -2.8522 0.0227536 -0.580326
465 0.0116158 0.0283375 0.998545 -0.044388 -2.86348 0.0191236 -0.56268
466 -0.00760301 0.0279841 0.998588 -0.044508 -2.87465 0.0185827 -0.545191
