1604566970.19348 -2.02703 0.177398 2.02645 0.302351 0.0241307 0.952207 -0.0361124
1604566970.32924 -2.05094 0.177049 1.99423 0.301734 0.0241099 0.952397 -0.0362704
1604566970.46305 -2.08379 0.176723 1.9503 0.300878 0.0242037 0.952669 -0.0361786
1604566970.59590 -2.11527 0.176219 1.90467 0.299837 0.0237479 0.953006 -0.0362401
1604566970.72968 -2.14797 0.176372 1.85918 0.298338 0.023395 0.953469 -0.036659
1604566970.86311 -2.18058 0.175933 1.81217 0.296904 0.0231666 0.95392 -0.0367058
1604566970.99589 -2.21295 0.176045 1.76367 0.294938 0.022644 0.954548 -0.0365741
1604566971.13183 -2.24609 0.174774 1.71428 0.292685 0.0220285 0.955263 -0.0363594
1604566971.27053 -2.27842 0.174203 1.66291 0.290197 0.0213043 0.956035 -0.0364494
1604566971.40784 -2.3131 0.173987 1.61195 0.287124 0.0213413 0.956945 -0.0368789
1604566971.54534 -2.34907 0.173034 1.55945 0.284238 0.0220176 0.957761 -0.037665
1604566971.68376 -2.38342 0.172984 1.50586 0.281067 0.0219951 0.958662 -0.0385283
1604566971.82176 -2.41852 0.170581 1.45107 0.277411 0.0218512 0.959724 -0.0386687
1604566971.95871 -2.46194 0.168885 1.38041 0.273303 0.0212081 0.960898 -0.0391273
1604566972.10359 -2.49638 0.167024 1.32326 0.27002 0.0205982 0.961829 -0.0393677
1604566972.24085 -2.53201 0.167821 1.26509 0.266539 0.0201465 0.962774 -0.040203
1604566972.37821 -2.5666 0.166189 1.20553 0.263546 0.0194623 0.963581 -0.0409357
1604566972.52336 -2.60169 0.165228 1.1464 0.260083 0.0196627 0.964486 -0.0416744
1604566972.66076 -2.63838 0.164124 1.08522 0.25681 0.0199593 0.965359 -0.0416187
1604566972.80562 -2.68325 0.162973 1.00636 0.252875 0.0205369 0.966396 -0.0413631
1604566972.94239 -2.71951 0.16234 0.942226 0.249168 0.0208948 0.967359 -0.0411799
1604566973.08816 -2.75608 0.160703 0.877367 0.246172 0.0213208 0.968106 -0.0414128
1604566973.22850 -2.7911 0.159307 0.81299 0.243078 0.0213458 0.968879 -0.0415942
1604566973.36554 -2.83271 0.156552 0.730255 0.238617 0.0201908 0.97007 -0.0402286
1604566973.50469 -2.86748 0.155099 0.663906 0.23529 0.0200635 0.970895 -0.0399833
1604566973.63746 -2.90213 0.152347 0.59919 0.232527 0.0210919 0.971532 -0.0401356
1604566973.77450 -2.93574 0.149218 0.534901 0.228191 0.0227441 0.972539 -0.0397362
1604566973.91146 -2.96796 0.147642 0.467663 0.223735 0.0223539 0.973631 -0.0385458
1604566974.04356 -2.99789 0.146016 0.400767 0.21944 0.0220564 0.974613 -0.038588
1604566974.17730 -3.02876 0.145699 0.334975 0.213965 0.0228072 0.975772 -0.039595
1604566974.30980 -3.05907 0.142767 0.269613 0.207382 0.0245383 0.977105 -0.0407092
1604566974.44152 -3.08617 0.141273 0.203107 0.20006 0.0253506 0.978574 -0.0415503
1604566974.57781 -3.11089 0.138758 0.136069 0.192254 0.0244974 0.980171 -0.0412612
1604566974.71282 -3.13385 0.136368 0.0673634 0.184667 0.023554 0.98167 -0.0408316
1604566974.84513 -3.15661 0.135228 -0.00143649 0.17686 0.0227007 0.983112 -0.0411905
1604566974.97678 -3.17681 0.133367 -0.0697228 0.168955 0.021983 0.984489 -0.0418511
1604566975.10918 -3.19714 0.131404 -0.138254 0.161018 0.0226429 0.985817 -0.0415356
1604566975.24150 -3.21948 0.128452 -0.208165 0.152824 0.0249933 0.987055 -0.041735
1604566975.37390 -3.23936 0.125212 -0.276444 0.143779 0.026849 0.988361 -0.041817
1604566975.51361 -3.25617 0.123256 -0.346582 0.135046 0.0264404 0.989601 -0.0418714
1604566975.64594 -3.27029 0.120709 -0.415922 0.125792 0.0263935 0.99082 -0.0418978
1604566975.77782 -3.28489 0.118845 -0.486213 0.11681 0.027493 0.991866 -0.0424513
1604566975.91247 -3.29929 0.116416 -0.555851 0.108439 0.0292308 0.992749 -0.0428484
1604566976.04456 -3.3127 0.114302 -0.627686 0.0993459 0.0310533 0.993688 -0.0418387
1604566976.17675 -3.32334 0.112046 -0.700699 0.0900404 0.0307639 0.994598 -0.0414791
1604566976.30899 -3.33074 0.109929 -0.772569 0.0810859 0.029706 0.995391 -0.0417118
1604566976.44076 -3.33619 0.107201 -0.84516 0.0720116 0.0283115 0.996165 -0.0408524
1604566976.57253 -3.34252 0.104617 -0.918729 0.0628684 0.0283145 0.996805 -0.0403114
1604566976.70458 -3.3486 0.101519 -0.991133 0.0540089 0.0289956 0.997279 -0.0409462
1604566976.83640 -3.35222 0.0981906 -1.06159 0.0445898 0.0296012 0.997723 -0.0410523
1604566976.96931 -3.35263 0.0946747 -1.13291 0.0346523 0.0290301 0.998146 -0.0407563
1604566977.10183 -3.35216 0.0915048 -1.20285 0.023832 0.0292319 0.998431 -0.0413778
1604566977.23354 -3.35059 0.0889634 -1.27173 0.0127299 0.0300086 0.998577 -0.0422077
1604566977.36676 -3.34743 0.0853168 -1.34032 0.00166295 0.0308708 0.998614 -0.0425982
1604566977.49881 -3.34165 0.0824586 -1.40784 -0.0103434 0.0312932 0.998503 -0.0436425
1604566977.63105 -3.33344 0.080258 -1.47439 -0.0226274 0.03148 0.998242 -0.044823
1604566977.76399 -3.32175 0.0773375 -1.54047 -0.0351392 0.0304372 0.997891 -0.0452985
1604566977.89605 -3.30775 0.0736963 -1.60575 -0.0486405 0.0294111 0.997362 -0.0451456
1604566978.02791 -3.2935 0.0702695 -1.67016 -0.0627795 0.0289221 0.996586 -0.0451512
1604566978.15971 -3.27748 0.0662736 -1.73288 -0.0766287 0.0291944 0.995577 -0.0458478
1604566978.30453 -3.25917 0.0633378 -1.79415 -0.0909104 0.0292633 0.994315 -0.0470855
1604566978.45562 -3.23888 0.0602967 -1.85362 -0.105881 0.0289243 0.992807 -0.0478279
1604566978.58883 -3.21762 0.0569224 -1.91364 -0.120694 0.0288806 0.991122 -0.0477122
1604566978.72307 -3.18839 0.0515135 -1.98685 -0.138674 0.0289185 0.988782 -0.0473608
1604566978.85654 -3.16414 0.0474596 -2.04327 -0.153724 0.0297455 0.986503 -0.0479188
1604566978.99063 -3.13769 0.0440343 -2.09904 -0.168441 0.0300585 0.984063 -0.0484244
1604566979.12436 -3.10906 0.0404465 -2.15407 -0.182992 0.0298728 0.981463 -0.0485079
1604566979.25820 -3.0791 0.0360609 -2.20822 -0.197503 0.0299352 0.978633 -0.0487184
1604566979.39202 -3.04783 0.0320878 -2.26026 -0.212092 0.0299794 0.975545 -0.0493029
1604566979.52587 -3.0146 0.0284065 -2.31193 -0.226636 0.0294481 0.972263 -0.0497404
1604566979.66013 -2.97896 0.0242269 -2.36165 -0.24073 0.0283307 0.968881 -0.0501653
1604566979.79384 -2.94163 0.0207001 -2.40974 -0.255157 0.0269987 0.965195 -0.0506498
1604566979.92801 -2.90275 0.017418 -2.457 -0.269872 0.0254472 0.961223 -0.0507241
1604566980.06158 -2.86316 0.0137195 -2.50404 -0.284166 0.0248304 0.957088 -0.0511448
1604566980.19521 -2.82298 0.0100913 -2.55029 -0.298879 0.0251097 0.952577 -0.0513524
1604566980.32949 -2.78233 0.00622 -2.59709 -0.313718 0.0262407 0.947782 -0.0510113
1604566980.46381 -2.73968 0.00248614 -2.64338 -0.327845 0.027278 0.943006 -0.050136
1604566980.60139 -2.69566 -0.00210179 -2.68737 -0.342199 0.0278283 0.937943 -0.0488641
1604566980.74493 -2.64897 -0.0068547 -2.73119 -0.356113 0.0275635 0.932806 -0.0479154
1604566980.87886 -2.60055 -0.0112798 -2.76981 -0.369398 0.0263035 0.92764 -0.0483437
1604566981.01356 -2.55031 -0.0147634 -2.80794 -0.382768 0.024662 0.92224 -0.0485168
1604566981.14798 -2.49918 -0.0186353 -2.84565 -0.395635 0.0231146 0.91682 -0.0487793
1604566981.28186 -2.44686 -0.0218594 -2.8832 -0.407814 0.0222065 0.911492 -0.0487524
1604566981.41773 -2.39348 -0.0254558 -2.92063 -0.420198 0.0218467 0.905886 -0.048233
1604566981.55378 -2.3253 -0.0304852 -2.96675 -0.435035 0.0212631 0.898856 -0.0484881
1604566981.68816 -2.26944 -0.0337316 -3.00115 -0.445679 0.0206484 0.8936 -0.0492275
1604566981.82488 -2.21362 -0.0380295 -3.03608 -0.456417 0.0210921 0.888165 -0.0490131
1604566981.95911 -2.15715 -0.041934 -3.07283 -0.466746 0.022403 0.882772 -0.0485856
1604566982.09355 -2.10003 -0.045859 -3.10713 -0.47647 0.0234836 0.877572 -0.0478788
1604566982.22755 -2.04086 -0.0500832 -3.1392 -0.485866 0.0226094 0.87244 -0.0476644
1604566982.36174 -1.98133 -0.0545435 -3.1686 -0.494726 0.0215104 0.867457 -0.0479799
1604566982.50724 -1.92081 -0.0573563 -3.19837 -0.5029 0.0206936 0.862717 -0.0488054
1604566982.64604 -1.86079 -0.0615295 -3.22914 -0.510351 0.0210699 0.858296 -0.0492573
1604566982.78003 -1.80015 -0.0653151 -3.26051 -0.517162 0.0222805 0.854159 -0.0495852
1604566982.91480 -1.73899 -0.0694393 -3.28977 0.523573 -0.0230341 -0.850214 0.0497684
1604566983.04905 -1.67484 -0.0725749 -3.31864 0.52969 -0.0227507 -0.846387 0.0504053
1604566983.18786 -1.59537 -0.0767515 -3.3503 0.536631 -0.0212168 -0.841986 0.0513391
1604566983.32319 -1.53058 -0.0808946 -3.37693 0.542523 -0.0202682 -0.83824 0.0511129
1604566983.45765 -1.46668 -0.0850646 -3.40581 0.547738 -0.0210699 -0.834873 0.0502501
1604566983.59228 -1.40264 -0.0895183 -3.43312 0.552602 -0.0213577 -0.831694 0.0496106
1604566983.72891 -1.33778 -0.0929926 -3.45823 0.557191 -0.0206214 -0.828649 0.0495492
1604566983.86412 -1.27214 -0.0967816 -3.48215 0.561393 -0.0195677 -0.825841 0.0494077
1604566983.99972 -1.2076 -0.102112 -3.50825 0.565224 -0.0199132 -0.823248 0.0488697
1604566984.14634 -1.14323 -0.106101 -3.53475 0.568763 -0.0212878 -0.820777 0.0487869
1604566984.28133 -1.07906 -0.10972 -3.55939 0.571969 -0.0217407 -0.818528 0.0489038
1604566984.41657 -1.01284 -0.113271 -3.58273 0.574746 -0.0211165 -0.81661 0.0486718
1604566984.55123 -0.929777 -0.119504 -3.61299 0.578111 -0.0209315 -0.814266 0.0481802
1604566984.68631 -0.863077 -0.123631 -3.63782 0.580492 -0.0211615 -0.81258 0.0478982
1604566984.82179 -0.796363 -0.126907 -3.66117 0.58228 -0.0210906 -0.81126 0.0486122
1604566984.95658 -0.729946 -0.130692 -3.68312 0.584188 -0.0210356 -0.809882 0.0487155
1604566985.09197 -0.663096 -0.135212 -3.7075 0.586382 -0.0214279 -0.808307 0.0483376
1604566985.22705 -0.595953 -0.13915 -3.73033 0.588214 -0.0217307 -0.806971 0.0482746
1604566985.36222 -0.529737 -0.1438 -3.74998 0.590718 -0.0218449 -0.805105 0.0487925
1604566985.49695 -0.463424 -0.146843 -3.77157 0.593825 -0.0222539 -0.802794 0.0489639
1604566985.63210 -0.396374 -0.150707 -3.79287 0.596735 -0.022801 -0.800672 0.0480874
1604566985.76986 -0.329544 -0.156036 -3.81276 0.600128 -0.022537 -0.798182 0.047366
1604566985.90447 -0.2617 -0.159818 -3.831 0.603314 -0.022066 -0.795772 0.0476662
1604566986.03880 -0.19438 -0.163389 -3.8472 0.606684 -0.0214729 -0.793191 0.0481777
1604566986.17483 -0.126871 -0.166562 -3.86535 0.610533 -0.0214188 -0.790249 0.0479308
1604566986.31524 -0.0598245 -0.171292 -3.88394 0.614004 -0.0221936 -0.787575 0.0472547
1604566986.44960 0.00659904 -0.175753 -3.90083 0.617463 -0.0230605 -0.784865 0.0468472
1604566986.58362 0.0908235 -0.179609 -3.92083 0.622308 -0.0237223 -0.781015 0.0467493
1604566986.72056 0.159445 -0.182724 -3.93515 0.625877 -0.0231488 -0.778173 0.0467872
1604566986.85857 0.226823 -0.18816 -3.94729 0.629728 -0.0227145 -0.775078 0.0466965
1604566986.99480 0.294335 -0.191408 -3.96079 0.634244 -0.0235052 -0.77139 0.0462627
1604566987.13099 0.362822 -0.194881 -3.97359 0.638746 -0.0241213 -0.767704 0.045303
1604566987.27145 0.431651 -0.198394 -3.98408 0.643789 -0.0244327 -0.763491 0.0449436
1604566987.40979 0.50151 -0.201843 -3.99374 0.649053 -0.0239451 -0.759037 0.0449361
1604566987.54570 0.571558 -0.205665 -3.99979 0.654177 -0.0232351 -0.754638 0.0450978
1604566987.68087 0.641741 -0.208972 -4.00561 0.660049 -0.0228642 -0.749527 0.0449654
1604566987.81979 0.729811 -0.212531 -4.01161 0.668494 -0.0227952 -0.742063 0.0440223
1604566987.95515 0.798219 -0.216779 -4.01389 0.676006 -0.0230944 -0.735281 0.0429535
1604566988.09033 0.865249 -0.22119 -4.0123 0.684644 -0.0231279 -0.727272 0.0424623
1604566988.22545 0.932727 -0.222935 -4.00963 0.694102 -0.0229835 -0.718293 0.0418125
1604566988.36713 0.998881 -0.226573 -4.00476 0.703257 -0.0225452 -0.709407 0.0407803
1604566988.50818 1.06577 -0.229048 -3.99845 0.712796 -0.0225338 -0.699861 0.0401172
1604566988.65330 1.13172 -0.23101 -3.99114 0.722183 -0.0229236 -0.690153 0.0401919
1604566988.79113 1.21222 -0.233414 -3.97553 0.733155 -0.0220067 -0.678455 0.0412057
1604566988.93213 1.27719 -0.234504 -3.96157 0.742231 -0.0205356 -0.668534 0.0416335
1604566989.07296 1.34096 -0.237828 -3.9468 0.750842 -0.0191138 -0.658898 0.0415244
1604566989.21073 1.40474 -0.23986 -3.93061 0.759127 -0.0186817 -0.649355 0.0414203
1604566989.35254 1.46639 -0.242012 -3.91398 0.767309 -0.0191166 -0.639672 0.0411163
1604566989.49451 1.54573 -0.242573 -3.88912 0.777185 -0.0183177 -0.627658 0.0411538
1604566989.62745 1.60846 -0.245624 -3.86576 0.785193 -0.0166989 -0.617691 0.0406319
1604566989.75945 1.67348 -0.246031 -3.84354 0.79362 -0.0162001 -0.606891 0.0398495
1604566989.89874 1.73725 -0.247593 -3.82079 0.801667 -0.0163979 -0.596308 0.0384452
1604566990.03270 1.79964 -0.250167 -3.79504 0.809762 -0.0166929 -0.58533 0.0373582
1604566990.16643 1.86124 -0.250691 -3.76524 0.817774 -0.0153566 -0.574098 0.0377041
1604566990.30510 1.92213 -0.253654 -3.73446 0.825373 -0.0138336 -0.563169 0.0375401
1604566990.44244 1.98366 -0.254313 -3.70332 0.832945 -0.0137727 -0.551954 0.0368761
1604566990.57593 2.04238 -0.254813 -3.67182 0.840391 -0.0143878 -0.54061 0.0357257
1604566990.71108 2.10264 -0.25508 -3.63895 0.847577 -0.0147685 -0.529345 0.0344961
1604566990.84721 2.15904 -0.257581 -3.60227 0.85439 -0.0145694 -0.518282 0.0344865
1604566990.98150 2.22688 -0.258834 -3.55616 0.863273 -0.0158731 -0.503351 0.0338431
1604566991.11729 2.28365 -0.258186 -3.51892 0.870013 -0.0166882 -0.491656 0.0327512
1604566991.25506 2.33599 -0.259804 -3.48029 0.876689 -0.0171901 -0.479725 0.0313925
1604566991.39407 2.38705 -0.26003 -3.43866 0.88342 -0.0168217 -0.467239 0.0312
1604566991.52850 2.43333 -0.262545 -3.39449 0.890006 -0.0157451 -0.454519 0.0324654
1604566991.66535 2.47257 -0.265403 -3.34944 0.896566 -0.0160386 -0.441288 0.0343198
1604566991.80128 2.51002 -0.265427 -3.30339 0.903898 -0.0173928 -0.425855 0.0362386
1604566991.93489 2.54777 -0.262518 -3.25964 0.911007 -0.0184701 -0.410253 0.0376493
1604566992.07103 2.58579 -0.261356 -3.21409 0.917408 -0.0192 -0.395777 0.0367995
1604566992.20457 2.62442 -0.261314 -3.16747 0.924031 -0.0194411 -0.3802 0.0351599
1604566992.33793 2.66154 -0.26112 -3.11806 0.930191 -0.0191417 -0.364908 0.0349349
1604566992.47216 2.69445 -0.259804 -3.06467 0.936195 -0.0180967 -0.349251 0.0351457
1604566992.60720 2.72704 -0.259115 -3.01372 0.94237 -0.0160921 -0.332418 0.0343247
1604566992.74020 2.75651 -0.261715 -2.96151 0.947742 -0.0135664 -0.316982 0.033506
1604566992.87406 2.77832 -0.263752 -2.90694 0.952913 -0.0121339 -0.301059 0.0342464
1604566993.01363 2.79843 -0.264868 -2.85758 0.958506 -0.0119947 -0.282761 0.0341823
1604566993.14725 2.82316 -0.262988 -2.80324 0.96355 -0.0121306 -0.265192 0.0331335
1604566993.28060 2.8485 -0.261622 -2.73561 0.96921 -0.0110356 -0.244082 0.0305561
1604566993.41849 2.86946 -0.26433 -2.68208 0.973637 -0.00956815 -0.226089 0.0286778
1604566993.54957 2.88513 -0.262324 -2.6236 0.9776 -0.00876667 -0.208401 0.0281046
1604566993.68114 2.89843 -0.262252 -2.56151 0.981283 -0.00824695 -0.190335 0.0280739
1604566993.81616 2.90862 -0.258739 -2.507 0.984844 -0.00847645 -0.171147 0.0268302
1604566993.95185 2.91849 -0.254437 -2.44648 0.987933 -0.00824167 -0.152519 0.0256434
1604566994.09137 2.92262 -0.256115 -2.39364 0.99071 -0.00695608 -0.133748 0.0236135
1604566994.23089 2.92889 -0.251617 -2.32984 0.993175 -0.00591863 -0.114428 0.0217738
1604566994.36331 2.9326 -0.249616 -2.26974 0.995214 -0.00506619 -0.0954828 0.0201574
1604566994.49554 2.93315 -0.246419 -2.20847 0.996872 -0.0040935 -0.0765935 0.0190372
1604566994.62728 2.92631 -0.246551 -2.15252 0.998178 -0.00297841 -0.0572886 0.0186774
1604566994.75956 2.92286 -0.241507 -2.08886 0.999127 -0.00258486 -0.0378495 0.0175006
1604566994.89099 2.91896 -0.238016 -2.02743 0.999689 -0.00220037 -0.0184255 0.0166888
1604566995.02316 2.90924 -0.235203 -1.97106 0.999881 -0.000952936 0.000578081 0.015397
1604566995.16038 2.89857 -0.232533 -1.90729 0.999704 0.000305919 0.0195807 0.0144222
1604566995.29300 2.88319 -0.230558 -1.85268 0.999178 0.00105611 0.0382663 0.0133268
1604566995.43329 2.86685 -0.227592 -1.79511 0.998254 0.00189893 0.0576498 0.0127253
1604566995.56552 2.84883 -0.223528 -1.73835 0.996969 0.00156805 0.0768955 0.011686
1604566995.70060 2.82917 -0.217402 -1.68028 0.995289 0.00166527 0.0963549 0.0106083
1604566995.83459 2.80568 -0.211167 -1.62254 0.993277 0.0027458 0.115295 0.0099859
1604566995.97165 2.782 -0.214238 -1.57147 0.990948 0.00366946 0.133892 0.00902837
1604566996.10517 2.75567 -0.208811 -1.51817 0.988144 0.00365803 0.153306 0.00746747
1604566996.23802 2.7297 -0.20496 -1.46714 0.984994 0.00400841 0.172434 0.00604763
1604566996.37234 2.69976 -0.201887 -1.4158 0.981577 0.00500391 0.190938 0.00484049
1604566996.50502 2.66927 -0.199763 -1.36827 0.977745 0.00549339 0.209689 0.00382891
1604566996.63687 2.63337 -0.19362 -1.31714 0.973623 0.00542039 0.228082 0.00284431
1604566996.77268 2.59985 -0.19349 -1.27363 0.969179 0.00590809 0.246273 0.00256123
1604566996.90824 2.56407 -0.189834 -1.22532 0.964604 0.00622595 0.263624 0.00149336
1604566997.04403 2.52705 -0.18513 -1.17879 0.960166 0.00652003 0.279355 0.000474791
1604566997.17881 2.47605 -0.181303 -1.11954 0.954325 0.00800969 0.298663 -0.000752537
1604566997.31953 2.43278 -0.175823 -1.07229 0.949504 0.00814978 0.313644 -0.00161873
1604566997.45346 2.38857 -0.17183 -1.02661 0.944827 0.00786004 0.327474 -0.0012381
1604566997.59347 2.34108 -0.167216 -0.981291 0.940207 0.00779676 0.340512 -0.00102827
1604566997.73144 2.29382 -0.163633 -0.93503 0.935674 0.00813879 0.35277 -0.00116714
1604566997.86978 2.24709 -0.159607 -0.889072 0.931289 0.00847035 0.364178 -0.00200467
1604566998.00981 2.19804 -0.155423 -0.843693 0.92707 0.00887618 0.374772 -0.00273244
1604566998.15281 2.14687 -0.151041 -0.799682 0.922954 0.00914762 0.384792 -0.00262979
1604566998.28963 2.08435 -0.146246 -0.745474 0.91801 0.0093323 0.396439 -0.00236183
1604566998.42517 2.03293 -0.142485 -0.702216 0.914364 0.00954332 0.404769 -0.0030574
1604566998.56168 1.98012 -0.137846 -0.658615 0.910728 0.00973511 0.412874 -0.00379537
1604566998.69769 1.92786 -0.133572 -0.61446 0.907332 0.0101208 0.420269 -0.00443593
1604566998.83933 1.87362 -0.129374 -0.571308 0.904398 0.0103203 0.426541 -0.00453562
1604566998.98630 1.8165 -0.124362 -0.528916 0.901499 0.0104718 0.432635 -0.0040915
1604566999.12809 1.74667 -0.119354 -0.475688 0.89817 0.0105491 0.439508 -0.00360773
1604566999.26512 1.69033 -0.115208 -0.434165 0.895915 0.0106785 0.444081 -0.00372846
1604566999.40120 1.63228 -0.110248 -0.392423 0.89364 0.0106573 0.448646 -0.00313909
1604566999.53656 1.57591 -0.105689 -0.350668 0.891669 0.0105767 0.452553 -0.00322961
1604566999.67328 1.51791 -0.101022 -0.309982 0.889942 0.0106454 0.455941 -0.00269358
1604566999.81061 1.46014 -0.0973444 -0.268855 0.888038 0.0110559 0.459629 -0.00282939
1604566999.94531 1.40317 -0.093658 -0.227256 0.886454 0.010916 0.462678 -0.00301239
1604567000.08137 1.33155 -0.0871244 -0.175403 0.88485 0.0100807 0.465754 -0.00353822
1604567000.21911 1.27297 -0.0814028 -0.133903 0.883853 0.010083 0.467643 -0.00354556
1604567000.35482 1.21388 -0.0762206 -0.0908072 0.883207 0.0105864 0.468854 -0.00292942
1604567000.49315 1.15353 -0.0729752 -0.0485785 0.882842 0.0108064 0.469541 -0.00222498
1604567000.63048 1.09398 -0.0683364 -0.00645132 0.88255 0.0101934 0.470104 -0.00191922
1604567000.76495 1.0351 -0.063564 0.0366575 0.882519 0.0100708 0.470165 -0.00204142
1604567000.90155 0.976996 -0.0589671 0.0798461 0.882664 0.00991229 0.469894 -0.00241972
1604567001.03842 0.919007 -0.0539658 0.123045 0.882766 0.00991906 0.469698 -0.00305388
1604567001.17963 0.86042 -0.0489798 0.168279 0.883079 0.0105853 0.469095 -0.00296796
1604567001.32089 0.787229 -0.0443248 0.222946 0.883885 0.0105921 0.467576 -0.00289592
1604567001.45782 0.728767 -0.0387122 0.266558 0.884525 0.0100772 0.466378 -0.00223047
1604567001.59465 0.670025 -0.033179 0.310496 0.885508 0.00998132 0.464514 -0.00135287
1604567001.73157 0.612094 -0.0292947 0.355768 0.886577 0.0103091 0.462464 -0.00126369
1604567001.86924 0.555353 -0.025507 0.402449 0.887811 0.0102917 0.460089 -0.00180605
1604567002.00635 0.499699 -0.0205362 0.448943 0.889125 0.0100645 0.457547 -0.00238334
1604567002.14134 0.44237 -0.0152377 0.494428 0.890466 0.00947775 0.454948 -0.00164113
1604567002.27944 0.384963 -0.00995272 0.539633 0.891848 0.0094825 0.452235 -0.000549717
1604567002.41787 0.314759 -0.0050778 0.597395 0.893551 0.0099002 0.448853 5.50608e-05
1604567002.56059 0.260081 0.00010945 0.647151 0.895008 0.0105087 0.445926 -0.000179033
1604567002.70557 0.204999 0.00437703 0.696627 0.896761 0.0108816 0.442381 -0.000910402
1604567002.83995 0.152381 0.00989532 0.746998 0.898616 0.0112056 0.438591 -0.00132742
1604567002.97577 0.0991573 0.0144984 0.798172 0.9009 0.011386 0.433877 -0.000584786
1604567003.11824 0.0455553 0.018161 0.847882 0.903665 0.0107387 0.428104 0.000902227
1604567003.25761 -0.019144 0.0248757 0.913589 0.907325 0.00992211 0.42031 0.00148957
1604567003.39414 -0.0672537 0.0296951 0.969089 0.910587 0.010318 0.413187 0.00117281
1604567003.53002 -0.11695 0.0338786 1.02422 0.914156 0.0107796 0.405217 0.00133363
1604567003.66612 -0.16539 0.0378893 1.07979 0.917563 0.0104456 0.397445 0.00230813
1604567003.80452 -0.215009 0.0429107 1.13465 0.921165 0.00953073 0.38903 0.00436572
1604567003.94447 -0.262752 0.0484851 1.19188 0.924703 0.00876946 0.380543 0.00586535
1604567004.08518 -0.307315 0.0537117 1.25215 0.928369 0.0088989 0.371504 0.00603329
1604567004.22997 -0.360862 0.0593969 1.33085 0.933016 0.00979893 0.359666 0.00509101
1604567004.36924 -0.403775 0.0641655 1.39437 0.936441 0.00999307 0.350654 0.00446041
1604567004.50446 -0.444843 0.0691204 1.45821 0.939925 0.0093667 0.341219 0.004837
1604567004.63881 -0.487336 0.0745544 1.52197 0.943245 0.00857739 0.331949 0.00510517
1604567004.77568 -0.525677 0.0790873 1.58698 0.946303 0.0078982 0.323141 0.00534275
1604567004.91063 -0.574999 0.0862008 1.66902 0.950284 0.00705787 0.311232 0.00668428
1604567005.04545 -0.615833 0.0916069 1.73554 0.953232 0.00624963 0.302052 0.00858034
1604567005.17754 -0.652103 0.0972142 1.80234 0.956099 0.00572811 0.292799 0.0105012
1604567005.31601 -0.688402 0.101739 1.87047 0.958929 0.00567286 0.283348 0.0117375
1604567005.45256 -0.719927 0.106554 1.94051 0.96159 0.00553271 0.274175 0.0119112
1604567005.58885 -0.751036 0.112213 2.01069 0.964431 0.00544266 0.263981 0.0125577
1604567005.72920 -0.781807 0.117813 2.08298 0.967236 0.00556685 0.253464 0.0133894
1604567005.86867 -0.808708 0.121734 2.15555 0.970081 0.00539778 0.242282 0.0146195
1604567006.01133 -0.834654 0.125636 2.22795 0.973022 0.00531493 0.230183 0.014704
1604567006.14857 -0.856183 0.129268 2.30307 0.975614 0.00494319 0.219023 0.0134918
1604567006.29193 -0.880775 0.135482 2.39641 0.97892 0.00480807 0.203786 0.0128168
1604567006.43435 -0.902888 0.1399 2.47048 0.981334 0.0050953 0.191704 0.0144217
1604567006.57666 -0.924054 0.144542 2.54485 0.983441 0.00439422 0.180357 0.017195
1604567006.71000 -0.940861 0.149366 2.61908 0.985569 0.00407874 0.168145 0.0191005
1604567006.84354 -0.957325 0.153148 2.71415 0.988066 0.00397733 0.152779 0.0191891
1604567006.97774 -0.967783 0.156858 2.78862 0.989862 0.00333106 0.140663 0.0193854
1604567007.11562 -0.978621 0.162228 2.86507 0.991553 0.00311598 0.127978 0.0208439
1604567007.25952 -0.989085 0.166102 2.94072 0.993025 0.00290572 0.115652 0.0227519
1604567007.39495 -0.99319 0.169418 3.01654 0.994382 0.00247163 0.103198 0.0234319
1604567007.52804 -0.994365 0.171719 3.09408 0.995703 0.00231989 0.0895462 0.0234663
1604567007.66174 -0.994071 0.175176 3.17682 0.996856 0.000835956 0.0758294 0.0229437
1604567007.79648 -0.990713 0.180159 3.26199 0.997849 6.87938e-06 0.0612689 0.0232986
1604567007.93295 -0.987465 0.183576 3.35148 0.998664 -0.000121505 0.0455861 0.0243397
1604567008.06514 -0.979768 0.187492 3.44208 0.999235 -8.29109e-05 0.0300573 0.0250289
1604567008.19701 -0.96724 0.190898 3.53119 0.999591 0.00020919 0.0139026 0.0249856
1604567008.33093 -0.953679 0.193738 3.62291 0.999679 0.000381526 -0.00279945 0.0251578
1604567008.46285 -0.937355 0.198569 3.71383 0.99948 7.73652e-05 -0.0194272 0.0257356
1604567008.59723 -0.918999 0.201789 3.80477 0.998985 0.000618315 -0.0361979 0.0268059
1604567008.73184 -0.900075 0.204152 3.89438 0.998191 0.00115612 -0.0527264 0.0288657
1604567008.86446 -0.875903 0.207609 3.98147 0.997185 0.000934038 -0.0688476 0.0296891
1604567008.99491 -0.848908 0.209416 4.06624 0.995938 0.00034195 -0.0849373 0.0298745
1604567009.13122 -0.816955 0.21267 4.14833 0.994475 -0.000441819 -0.100829 0.02922
1604567009.26272 -0.784804 0.215028 4.23001 0.992737 -0.000333945 -0.116688 0.0292603
1604567009.40515 -0.75121 0.217586 4.31101 0.990773 -0.000458631 -0.131994 0.0307726
1604567009.54140 -0.713929 0.219402 4.38987 0.988601 -0.00166113 -0.147371 0.0307827
1604567009.67511 -0.672832 0.221851 4.46873 0.986098 -0.00270009 -0.163257 0.0308199
1604567009.80970 -0.618424 0.223219 4.56651 0.982665 -0.00336492 -0.18277 0.0308696
1604567009.94588 -0.573083 0.225389 4.64508 0.979508 -0.00375593 -0.198688 0.0327453
1604567010.08280 -0.524729 0.227446 4.72272 0.97607 -0.00437147 -0.214775 0.0337625
1604567010.21884 -0.471059 0.228635 4.79959 0.972384 -0.00474988 -0.230784 0.034427
1604567010.35199 -0.414592 0.229166 4.87569 0.968347 -0.00506764 -0.247142 0.0346451
1604567010.48681 -0.356605 0.229309 4.95081 0.964 -0.00493843 -0.263415 0.0359546
1604567010.62677 -0.295346 0.229241 5.02464 0.95933 -0.00567825 -0.279741 0.0373912
1604567010.76037 -0.229544 0.228832 5.09576 0.954295 -0.00766204 -0.296277 0.0384911
1604567010.89618 -0.161553 0.228641 5.16364 0.948867 -0.00994691 -0.313122 0.0388091
1604567011.03195 -0.0890158 0.229161 5.23224 0.943181 -0.0111441 -0.329777 0.0391426
1604567011.16661 -0.0140186 0.228084 5.29792 0.937043 -0.0118223 -0.346727 0.0398934
1604567011.29890 0.0644197 0.22782 5.36251 0.930498 -0.0127155 -0.36379 0.0408443
1604567011.43323 0.145954 0.227634 5.42534 0.923469 -0.013204 -0.381142 0.0419691
1604567011.56644 0.231838 0.227081 5.48686 0.916074 -0.0128081 -0.39856 0.0423615
1604567011.70013 0.322916 0.22343 5.54514 0.908482 -0.0124529 -0.415686 0.0413559
1604567011.83245 0.418551 0.220354 5.60089 0.900395 -0.0125001 -0.433025 0.0402873
1604567011.96422 0.514509 0.218722 5.65369 0.891742 -0.0119624 -0.45055 0.0407121
1604567012.09907 0.612603 0.216617 5.70564 0.882692 -0.0107773 -0.467947 0.0420083
1604567012.23358 0.713656 0.212607 5.75258 0.873372 -0.0105426 -0.484994 0.0434951
1604567012.37254 0.817525 0.210778 5.79602 0.863276 -0.0110624 -0.50263 0.0446705
1604567012.50632 0.911748 0.202658 5.83826 0.852753 -0.0108405 -0.520253 0.0450795
1604567012.64055 1.04981 0.20268 5.87797 0.839875 -0.0113197 -0.540725 0.0458145
1604567012.77312 1.1521 0.196154 5.90635 0.828615 -0.0118106 -0.557756 0.0465347
1604567012.90733 1.25717 0.188235 5.92728 0.817289 -0.013024 -0.574169 0.0469022
1604567013.04008 1.33926 0.189177 5.94357 0.808649 -0.0134867 -0.586175 0.0479975
1604567013.17798 1.47516 0.185321 5.96044 0.794327 -0.0143707 -0.605461 0.0474954
1604567013.32027 1.57754 0.17989 5.97334 0.782624 -0.0147123 -0.620474 0.0479184
1604567013.45835 1.68041 0.176069 5.98083 0.770982 -0.0151048 -0.634807 0.0487752
1604567013.59286 1.78422 0.172996 5.98674 0.759405 -0.0145129 -0.648594 0.0491947
1604567013.73032 1.8895 0.165571 5.98101 0.747595 -0.0143466 -0.662315 0.0472644
1604567013.86730 1.99773 0.166102 5.97407 0.735206 -0.0152796 -0.67609 0.0462602
1604567014.00510 2.0983 0.158732 5.96436 0.722596 -0.0159214 -0.689592 0.0454331
1604567014.13848 2.1966 0.152605 5.95179 0.709984 -0.0157745 -0.702615 0.0448002
1604567014.27406 2.29684 0.147169 5.93758 0.697456 -0.0147682 -0.715026 0.0455414
1604567014.40952 2.42265 0.144941 5.91905 0.681656 -0.0130684 -0.730009 0.047552
1604567014.54800 2.51853 0.140871 5.89925 0.669233 -0.0113303 -0.741379 0.0485437
1604567014.68070 2.61184 0.131897 5.87496 0.656969 -0.0110275 -0.752345 0.0473923
1604567014.82172 2.70719 0.125751 5.8438 0.644865 -0.0126012 -0.762741 0.0470814
1604567014.96136 2.79763 0.120358 5.8107 0.632374 -0.0146603 -0.773092 0.0470853
1604567015.09550 2.89088 0.11729 5.77589 0.61971 -0.0155554 -0.783271 0.046942
1604567015.22995 2.97765 0.108228 5.74022 0.607242 -0.0155745 -0.793022 0.0461633
1604567015.36510 3.06881 0.104244 5.70104 0.594217 -0.0157633 -0.802722 0.0479019
1604567015.50385 3.15553 0.0985507 5.66061 0.580632 -0.0153832 -0.812486 0.049964
1604567015.63841 3.24513 0.0913305 5.61599 0.566606 -0.0143106 -0.82227 0.0512373
1604567015.77749 3.33189 0.0866232 5.56615 0.55165 -0.0144887 -0.832319 0.0521387
1604567015.91080 3.43884 0.077987 5.49411 0.531229 -0.0162992 -0.845516 0.0513064
1604567016.04271 3.52138 0.0705501 5.43019 0.513442 -0.0179594 -0.856453 0.0504311
1604567016.17758 3.60321 0.0653946 5.36531 -0.494554 0.0180911 0.867495 -0.0504116
1604567016.31071 3.68436 0.0607451 5.29951 -0.474255 0.01706 0.878764 -0.0506435
1604567016.44504 3.75766 0.0542536 5.22726 -0.452697 0.0147859 0.890101 -0.0506647
1604567016.57894 3.83058 0.0487283 5.15092 -0.429912 0.0127198 0.901359 -0.0506509
1604567016.71406 3.89505 0.0423104 5.07001 -0.40595 0.0123827 0.912447 -0.0499269
1604567016.84813 3.95414 0.0349578 4.98257 -0.38039 0.0142972 0.923459 -0.0481839
1604567016.98227 4.00678 0.0289585 4.89191 -0.354073 0.0157651 0.933884 -0.0473675
1604567017.11690 4.05485 0.0233971 4.80054 -0.326716 0.0167875 0.9438 -0.0470845
1604567017.24838 4.09906 0.0189816 4.70629 -0.298235 0.0165532 0.953202 -0.0467755
1604567017.38221 4.13832 0.011243 4.61163 -0.270129 0.0159346 0.961524 -0.0474113
1604567017.51679 4.1683 0.0082668 4.51404 -0.242271 0.0161852 0.968902 -0.0476657
1604567017.64718 4.19079 0.00215176 4.41403 -0.213887 0.0170323 0.975599 -0.0465748
1604567017.77951 4.20573 -0.00617067 4.3145 -0.185484 0.0177064 0.981434 -0.0454815
1604567017.91359 4.22279 -0.0112808 4.20714 -0.156606 0.0178874 0.986471 -0.0450591
1604567018.04837 4.22978 -0.0137183 4.10451 -0.127856 0.0176287 0.990624 -0.0447939
1604567018.19018 4.22891 -0.0195179 4.00747 -0.0990197 0.0178134 0.993913 -0.0448869
1604567018.32934 4.22592 -0.0225779 3.90427 -0.0701912 0.0182195 0.996347 -0.045101
1604567018.46218 4.21165 -0.0242821 3.80875 -0.0416419 0.0203996 0.997945 -0.0442303
1604567018.59832 4.1974 -0.0291608 3.71185 -0.0136244 0.0214373 0.998748 -0.0430908
1604567018.73347 4.17774 -0.0343691 3.61729 0.0151359 0.0211997 0.998773 -0.0421285
1604567018.86507 4.15522 -0.0376912 3.5278 0.0433579 0.0201271 0.997981 -0.0418113
1604567018.99702 4.12369 -0.041639 3.43812 0.0708319 0.0207614 0.996427 -0.0410574
1604567019.12871 4.09343 -0.030969 3.34202 0.0985833 0.021486 0.994061 -0.0407609
1604567019.26064 4.05103 -0.0515188 3.27157 0.125992 0.0218543 0.991029 -0.0388526
1604567019.39279 4.00544 -0.053924 3.19302 0.152351 0.0226421 0.987341 -0.0378832
1604567019.52540 3.95638 -0.0593168 3.11888 0.178799 0.0229155 0.982952 -0.0362058
1604567019.65742 3.90476 -0.0578406 3.04002 0.205036 0.0226553 0.977855 -0.035297
1604567019.79000 3.84805 -0.0586385 2.96986 0.230423 0.021771 0.97223 -0.0346397
1604567019.92481 3.79289 -0.0576626 2.90593 0.256237 0.0203304 0.965806 -0.0338957
1604567020.05735 3.73999 -0.0620442 2.85611 0.281637 0.0189743 0.958782 -0.0325126
1604567020.18906 3.67605 -0.0523763 2.7922 0.306988 0.0184633 0.950996 -0.0319864
1604567020.32114 3.61379 -0.0649489 2.75847 0.331752 0.0197326 0.94265 -0.0310145
1604567020.45266 3.5413 -0.0559179 2.6992 0.356567 0.019374 0.93355 -0.0311295
1604567020.58650 3.47526 -0.0582917 2.66497 0.380474 0.0195749 0.924074 -0.030716
1604567020.71809 3.40684 -0.0588435 2.62884 0.40389 0.0194784 0.914084 -0.0307358
1604567020.84964 3.35251 -0.0690795 2.60041 0.427038 0.0193058 0.903532 -0.0299175
1604567020.98168 3.27662 -0.0605931 2.56832 0.449464 0.0192152 0.892591 -0.0299073
1604567021.11352 3.20912 -0.0593467 2.54157 0.470752 0.0186499 0.881571 -0.0296203
1604567021.24588 3.14194 -0.0571328 2.51702 0.491255 0.0178266 0.870346 -0.029115
1604567021.38097 3.07576 -0.0559341 2.49658 0.511123 0.0162342 0.858903 -0.027845
1604567021.51499 3.00527 -0.0515965 2.47719 0.530615 0.0147799 0.847066 -0.0265987
1604567021.64777 2.93305 -0.0474405 2.46133 0.549332 0.01438 0.835081 -0.0258325
1604567021.78008 2.85745 -0.0435005 2.44932 0.566611 0.0151593 0.823435 -0.0260365
1604567021.91501 2.78617 -0.040005 2.4415 0.582966 0.0158699 0.811913 -0.0263888
1604567022.04874 2.71369 -0.037078 2.43338 0.598424 0.0166516 0.800583 -0.0260486
1604567022.18211 2.63994 -0.0341522 2.42739 0.612404 0.0169607 0.789955 -0.025394
1604567022.31581 2.56739 -0.0313891 2.42316 0.626001 0.017029 0.779255 -0.0243704
1604567022.44920 2.49323 -0.0272436 2.42087 0.639025 0.017061 0.768632 -0.0236591
1604567022.58310 2.42105 -0.0253368 2.41998 0.650951 0.0178777 0.75856 -0.023024
1604567022.71733 2.34623 -0.0221024 2.42053 0.661935 0.017859 0.749025 -0.0220004
1604567022.85462 2.27262 -0.0193212 2.42267 0.67219 0.0177653 0.739846 -0.0217657
1604567022.99213 2.19867 -0.0152471 2.42438 0.681187 0.0177286 0.731582 -0.0213802
1604567023.13072 2.12409 -0.0127468 2.42632 0.688519 0.0181113 0.72471 -0.0202347
1604567023.26803 2.04523 -0.00863158 2.42809 0.694922 0.0176276 0.718624 -0.0187936
1604567023.40550 1.97087 -0.00632819 2.43115 0.701269 0.0172405 0.712465 -0.0178537
1604567023.53886 1.87981 -0.00351856 2.43707 0.706999 0.0173696 0.706757 -0.0185649
1604567023.67696 1.8042 0.000169843 2.44402 0.710301 0.0180928 0.703413 -0.0188712
1604567023.81612 1.72699 0.00493371 2.45121 0.713647 0.0188359 0.700001 -0.01878
1604567023.95392 1.65018 0.00892818 2.45828 0.716802 0.0194662 0.696756 -0.0186193
1604567024.08981 1.5742 0.01327 2.46414 0.719031 0.0202466 0.694432 -0.0186791
1604567024.22870 1.49874 0.0170226 2.46621 0.719993 0.0206406 0.693445 -0.017848
1604567024.36602 1.42071 0.0200224 2.46636 0.719406 0.0202184 0.694096 -0.0166369
1604567024.50665 1.34334 0.0243804 2.4695 0.718436 0.0193929 0.695145 -0.0157146
1604567024.64645 1.24723 0.0276122 2.47199 0.717311 0.0197147 0.696298 -0.0156763
1604567024.78639 1.16974 0.0309156 2.47505 0.714886 0.0207562 0.698744 -0.0162413
1604567024.92532 1.09034 0.0362264 2.47661 0.712431 0.0209245 0.701255 -0.0156762
1604567025.06480 1.01056 0.0391001 2.47597 0.709947 0.0211531 0.703785 -0.0146109
1604567025.20507 0.93157 0.041975 2.47705 0.707227 0.02165 0.706495 -0.0150475
1604567025.34487 0.852191 0.0470446 2.48058 0.704662 0.0225642 0.70899 -0.0166297
1604567025.48364 0.752172 0.0520911 2.48213 0.701631 0.0233924 0.71192 -0.0183275
1604567025.62090 0.671952 0.0560035 2.48132 0.699323 0.0225133 0.714196 -0.0190944
1604567025.76016 0.593674 0.0604485 2.47669 0.697151 0.0207472 0.71638 -0.0187097
1604567025.89672 0.514399 0.0657377 2.47128 0.694271 0.0199911 0.719215 -0.0178027
1604567026.03243 0.433847 0.0684988 2.46707 0.691253 0.020072 0.722125 -0.0173706
1604567026.17292 0.354653 0.0701244 2.4607 0.687584 0.0198492 0.725607 -0.0181345
1604567026.31821 0.253122 0.0756182 2.4544 0.682193 0.0194575 0.730644 -0.0198451
1604567026.46002 0.171754 0.0794869 2.44581 0.677735 0.0190431 0.734776 -0.0203963
1604567026.59946 0.0874151 0.0821926 2.43579 0.672554 0.0184647 0.739517 -0.0211003
1604567026.73382 0.00255798 0.0860167 2.4247 0.667261 0.0178529 0.744273 -0.0224158
1604567026.86969 -0.0867685 0.0919147 2.41378 0.661419 0.0191418 0.74939 -0.0239323
1604567027.00960 -0.177577 0.0946667 2.40213 0.655065 0.0212938 0.754865 -0.0247907
1604567027.14282 -0.29284 0.0977242 2.38052 0.646893 0.0224335 0.761845 -0.0248682
1604567027.27422 -0.386724 0.102823 2.35938 0.639378 0.0223034 0.768173 -0.0246697
1604567027.40689 -0.480627 0.107495 2.33449 0.631731 0.0217237 0.77451 -0.024044
1604567027.54094 -0.577547 0.112543 2.3095 0.623715 0.0221057 0.780986 -0.0234992
1604567027.67570 -0.675614 0.115709 2.2823 0.615477 0.023648 0.787457 -0.0232621
1604567027.81414 -0.773672 0.118309 2.25103 0.606416 0.024867 0.794431 -0.0228304
1604567027.95579 -0.869573 0.121379 2.21573 0.59596 0.0249724 0.802311 -0.0224764
1604567028.08899 -0.961926 0.12469 2.17911 0.585045 0.0240512 0.81033 -0.0225461
1604567028.22795 -1.05341 0.127331 2.14152 0.574523 0.0241004 0.817803 -0.0232663
1604567028.36080 -1.14385 0.131229 2.10259 0.564038 0.0247441 0.825034 -0.0238445
1604567028.49398 -1.23453 0.134173 2.06337 0.553673 0.0265002 0.831929 -0.0252742
1604567028.62773 -1.32319 0.137142 2.02083 0.543195 0.0271356 0.838764 -0.0260184
1604567028.76130 -1.4107 0.141002 1.97243 0.532846 0.0268828 0.845381 -0.0261403
1604567028.89435 -1.49452 0.143777 1.9209 0.521914 0.0250513 0.85224 -0.0258064
1604567029.02768 -1.57603 0.146171 1.86839 0.510738 0.023478 0.859024 -0.0259364
1604567029.16040 -1.65627 0.148805 1.8169 0.498995 0.0236052 0.865884 -0.0263163
1604567029.29434 -1.73591 0.150214 1.76387 0.487577 0.0242607 0.872333 -0.0267308
1604567029.42788 -1.81415 0.151394 1.70768 0.476201 0.024908 0.878539 -0.0279636
1604567029.56265 -1.88936 0.152888 1.65067 0.464399 0.0249236 0.884801 -0.0289593
1604567029.69540 -1.96147 0.154298 1.59032 0.452449 0.0245005 0.890942 -0.0301901
1604567029.82893 -2.03099 0.155461 1.52853 0.439549 0.0244165 0.897348 -0.0310891
1604567029.96873 -2.09851 0.156833 1.46549 0.425993 0.0243066 0.903845 -0.0316646
1604567030.10077 -2.18028 0.156195 1.38496 0.408086 0.0240671 0.912051 -0.0323966
1604567030.23227 -2.24124 0.157192 1.31943 0.393726 0.0236639 0.918295 -0.0339795
1604567030.36398 -2.28446 0.156951 1.27076 0.382585 0.0239146 0.922935 -0.0353141
1604567030.49345 -2.34113 0.156566 1.20183 0.367297 0.0237133 0.929079 -0.0366384
1604567030.63126 -2.39404 0.154788 1.1334 0.351989 0.0227513 0.934947 -0.0382161
1604567030.76442 -2.44291 0.154768 1.06445 0.336269 0.0210336 0.940732 -0.038784
1604567030.89790 -2.48729 0.151513 0.989039 0.320437 0.0206603 0.946247 -0.038866
1604567031.03785 -2.5352 0.151438 0.916802 0.304128 0.0219192 0.951504 -0.0408218
1604567031.17754 -2.59014 0.148615 0.822622 0.283245 0.0237839 0.95783 -0.0420532
1604567031.30978 -2.63137 0.147284 0.741995 0.265794 0.0248328 0.962798 -0.0419057
1604567031.44339 -2.66862 0.143643 0.659719 0.24896 0.0251125 0.967294 -0.0416066
1604567031.57902 -2.70427 0.139329 0.575348 0.231391 0.0238984 0.971693 -0.0412302
1604567031.71412 -2.73488 0.136376 0.489484 0.213967 0.0224206 0.975708 -0.0413344
1604567031.84670 -2.76173 0.135386 0.404908 0.196964 0.0227838 0.979269 -0.0414441
1604567031.97936 -2.79056 0.12908 0.315575 0.179395 0.02416 0.982651 -0.0403909
1604567032.11239 -2.8164 0.125527 0.229194 0.161925 0.0269351 0.985531 -0.0422217
1604567032.24907 -2.83698 0.122682 0.141854 0.144065 0.0282944 0.988218 -0.0432348
1604567032.38207 -2.85343 0.119447 0.0511696 0.125965 0.0286884 0.990693 -0.0428668
1604567032.51925 -2.86549 0.1171 -0.0405631 0.107436 0.0283269 0.992878 -0.0430045
1604567032.65970 -2.8745 0.113183 -0.133781 0.0886918 0.027871 0.994728 -0.0432698
1604567032.79600 -2.88027 0.10821 -0.224228 0.069438 0.0287355 0.996179 -0.0445018
1604567032.92865 -2.88214 0.105873 -0.314131 0.0498749 0.0292916 0.997276 -0.0457812
1604567033.06200 -2.88041 0.101775 -0.406456 0.0308956 0.0294801 0.99806 -0.0453094
1604567033.19611 -2.87364 0.0964775 -0.49938 0.0116158 0.0283375 0.998545 -0.044388
1604567033.33187 -2.86395 0.0915421 -0.592135 -0.00760301 0.0279841 0.998588 -0.044508
1604567033.46678 -2.85205 0.0884595 -0.682022 -0.0268798 0.0281867 0.998218 -0.0452007
1604567033.59997 -2.8362 0.0847153 -0.772206 -0.0457223 0.0285115 0.997502 -0.0456767
1604567033.73617 -2.81289 0.0801102 -0.884614 -0.0691888 0.0291077 0.996159 -0.045096
1604567033.86828 -2.79181 0.0745966 -0.974878 -0.0872779 0.0300805 0.994752 -0.044117
1604567034.00122 -2.7673 0.0691564 -1.06273 -0.104319 0.0305171 0.993105 -0.0439267
1604567034.13529 -2.73872 0.0637513 -1.14896 -0.120595 0.0295288 0.991283 -0.0440784
1604567034.26856 -2.70713 0.0589206 -1.23376 -0.135964 0.0281164 0.9893 -0.0448093
1604567034.40373 -2.67249 0.0554219 -1.31736 -0.15051 0.0253748 0.987209 -0.0460627
1604567034.53726 -2.64069 0.0507653 -1.40146 -0.163183 0.025646 0.98515 -0.0468343
1604567034.67084 -2.60839 0.0455283 -1.4861 -0.174259 0.0266714 0.98322 -0.0469242
1604567034.80544 -2.57307 0.0406905 -1.56958 -0.185283 0.0273191 0.981191 -0.0467865
1604567034.93943 -2.53367 0.0348147 -1.65145 -0.196895 0.0269107 0.97891 -0.047369
1604567035.07266 -2.49337 0.0295721 -1.7289 -0.209797 0.0273589 0.976162 -0.0484144
1604567035.20582 -2.45099 0.0254024 -1.80724 -0.223559 0.0278481 0.973089 -0.0484144
1604567035.33991 -2.4063 0.0201795 -1.88306 -0.237252 0.0278866 0.96986 -0.048004
1604567035.47572 -2.35943 0.0145173 -1.95797 -0.250888 0.0278005 0.96647 -0.0470982
1604567035.61196 -2.30947 0.00923357 -2.03272 -0.263897 0.02701 0.963035 -0.0468172
1604567035.74846 -2.25691 0.00379459 -2.10244 -0.277212 0.0257631 0.959281 -0.0476439
1604567035.88390 -2.20209 -0.000832575 -2.17041 -0.291256 0.0242999 0.9551 -0.0486077
1604567036.01876 -2.14558 -0.00635374 -2.23631 -0.304837 0.0224593 0.950908 -0.0484092
1604567036.15513 -2.0891 -0.0129897 -2.30261 -0.318346 0.0223427 0.9465 -0.0478936
1604567036.28977 -2.03404 -0.0186064 -2.3694 -0.3324 0.0255273 0.941537 -0.0486564
1604567036.42473 -1.97567 -0.0225198 -2.43569 -0.346115 0.0284462 0.936473 -0.0491252
1604567036.55850 -1.91134 -0.0270651 -2.50112 -0.359368 0.0288492 0.931492 -0.048425
1604567036.69529 -1.84174 -0.0331582 -2.56384 -0.37241 0.0272439 0.926414 -0.048232
1604567036.82987 -1.76977 -0.0395229 -2.6245 -0.385856 0.0255596 0.920889 -0.0492481
1604567036.96340 -1.69747 -0.0452875 -2.68377 -0.398989 0.0251813 0.91525 -0.0499165
1604567037.09739 -1.62162 -0.0510531 -2.74376 -0.411854 0.0246584 0.909562 -0.049653
1604567037.23072 -1.54485 -0.0570312 -2.80226 -0.424853 0.0252158 0.90355 -0.0496209
1604567037.36430 -1.46476 -0.0622808 -2.85868 -0.437712 0.0247484 0.897396 -0.0497506
1604567037.49818 -1.3826 -0.0689641 -2.91462 -0.450245 0.0249355 0.891185 -0.0494728
1604567037.63293 -1.2984 -0.0742132 -2.96836 -0.46277 0.0249354 0.884756 -0.049277
1604567037.76625 -1.20994 -0.0802301 -3.02139 -0.474641 0.0239119 0.878507 -0.0486857
1604567037.90599 -1.09813 -0.0890808 -3.08391 -0.48903 0.0235781 0.870613 -0.0482362
1604567038.04709 -1.00708 -0.0960873 -3.13393 -0.50089 0.0240956 0.86387 -0.047504
1604567038.19282 -0.914181 -0.103472 -3.1819 -0.512174 0.0252285 0.857216 -0.0471376
1604567038.32921 -0.818646 -0.10974 -3.22542 0.523595 -0.0254179 -0.850261 0.0475277
1604567038.46332 -0.719706 -0.115315 -3.26485 0.535294 -0.0241693 -0.842948 0.0481253
1604567038.60559 -0.619824 -0.122139 -3.30285 0.547008 -0.0236835 -0.835371 0.0487513
1604567038.73725 -0.493497 -0.129116 -3.34793 0.561315 -0.0242188 -0.82576 0.0495881
1604567038.88045 -0.391564 -0.13512 -3.37965 0.573222 -0.0246997 -0.817546 0.0492486
1604567039.02305 -0.28662 -0.141285 -3.41055 0.585678 -0.0244153 -0.808716 0.0486174
1604567039.15912 -0.181846 -0.148548 -3.43452 0.597831 -0.023812 -0.799818 0.0481778
1604567039.29310 -0.0777828 -0.154798 -3.45575 0.610779 -0.0234821 -0.790017 0.0476413
1604567039.42695 0.028667 -0.161841 -3.47452 0.624408 -0.0235091 -0.77939 0.0459656
1604567039.56291 0.134162 -0.168291 -3.48887 0.638376 -0.0244401 -0.768046 0.0445381
1604567039.70302 0.239965 -0.173195 -3.49696 0.652947 -0.0235843 -0.755732 0.0444092
1604567039.83969 0.370655 -0.178808 -3.49833 0.670803 -0.0214225 -0.739954 0.0450773
1604567039.97407 0.474984 -0.182656 -3.4948 0.685506 -0.0211636 -0.726366 0.0450085
1604567040.11386 0.577541 -0.186625 -3.49166 0.700355 -0.0214178 -0.712106 0.0441631
1604567040.25175 0.679196 -0.191264 -3.48124 0.714968 -0.0216484 -0.697511 0.0427941
1604567040.38543 0.778936 -0.194781 -3.46667 0.729978 -0.0213162 -0.681866 0.0416823
1604567040.52522 0.879396 -0.198577 -3.44481 0.744747 -0.0198241 -0.665822 0.0405055
1604567040.66669 0.97638 -0.202805 -3.41915 0.759254 -0.0187244 -0.649282 0.040199
1604567040.81315 1.09508 -0.205709 -3.38069 0.777507 -0.0184193 -0.627374 0.0393165
1604567040.95150 1.18734 -0.207926 -3.34858 0.79205 -0.0181209 -0.608986 0.0382804
1604567041.09245 1.27549 -0.210045 -3.30912 0.806424 -0.0171537 -0.589925 0.0370799
1604567041.22655 1.36325 -0.211175 -3.26561 0.821367 -0.0164227 -0.569072 0.0352562
1604567041.36195 1.44849 -0.212592 -3.21819 0.836024 -0.0158813 -0.547416 0.0338668
1604567041.50098 1.52696 -0.212842 -3.16712 0.850191 -0.0156611 -0.525201 0.0330894
1604567041.63319 1.61013 -0.218346 -3.10202 0.867182 -0.0152874 -0.4968 0.0308444
1604567041.76511 1.67745 -0.221062 -3.04456 0.880137 -0.0143099 -0.473547 0.0301156
1604567041.90711 1.74159 -0.222852 -2.98375 0.892269 -0.0143086 -0.450318 0.0294071
1604567042.03879 1.79989 -0.221298 -2.92041 0.903857 -0.0139231 -0.426612 0.0291681
1604567042.17420 1.85615 -0.220405 -2.85388 0.914553 -0.0135539 -0.403195 0.0290271
1604567042.30803 1.9073 -0.222012 -2.78806 0.924289 -0.0138148 -0.380351 0.0288368
1604567042.44662 1.95221 -0.223739 -2.72513 0.933188 -0.0139698 -0.357992 0.0284164
1604567042.58647 1.99534 -0.227182 -2.66117 0.941344 -0.0142703 -0.336014 0.0276308
1604567042.72191 2.0455 -0.221356 -2.58525 0.948274 -0.0137039 -0.315895 0.028253
