1636513330.32653 0.000711774218441769 8.68595011515225e-05 -0.00185877089737126 0.999999912482529 -1.17126802227605e-05 0.000418027328692018 1.22841707885853e-05
1636513330.82679 0.000972224575079863 0.00034448272276875 -0.00326429560831613 0.999999731957314 -5.23060662822036e-05 0.000730306015106621 -1.58090728687229e-06
1636513331.32706 0.00169758535915974 0.00481971059385121 -0.00583265762964345 0.999998477533586 -4.56391975090578e-05 0.00174436454515026 -6.31730537100412e-06
1636513331.82731 0.00715348883842626 0.136889988457965 -0.00144958940076149 0.999998242882681 0.000191319659010921 0.00185651632975633 0.000175998456281648
1636513332.32756 0.0196080894448581 0.424796208247076 0.00707322393187839 0.99999850239277 0.00107486701542544 0.00123819357823985 0.000553849960677312
1636513332.82782 0.0359727100382326 0.858935049946711 0.019113407273171 0.999998487434421 0.00081034910208134 0.00121399345233499 0.000945876894720107
1636513333.32807 0.0639384372101813 1.42064437353491 0.0414678658743582 0.999995354384212 0.00266716845060449 -0.000788523454978751 0.00124725827760877
1636513333.82834 0.0948730358590057 2.10109812644744 0.058710977535857 0.999995919934797 0.0024115497724375 -0.000786290063458166 0.00131388332468404
1636513334.32859 0.125922352912324 2.88398225226827 0.0756113587448899 0.999998419365284 0.00146402593072661 0.00069405155032126 0.000732248217892225
1636513334.82886 0.16409654230087 3.75441025578595 0.0967024082126198 0.999995259367373 -0.000177124733079501 0.00162533994492784 -0.00260924120652523
1636513335.32911 0.233613684579992 4.68291008937063 0.121138326335517 0.999788714256246 0.00140563061738017 0.00166256508965404 -0.0204398367344872
1636513335.82937 0.355451446168456 5.62455422795455 0.154863462723934 0.998383757662902 -6.9737720239374e-05 0.000481343041804073 -0.056829885451497
1636513336.32962 0.568715982708863 6.53347639538308 0.182758609156305 0.994915014282997 0.00345457077824642 0.0032857376389146 -0.100605090443629
1636513336.82988 0.856650163918493 7.41811446139585 0.205311599342149 0.988576052538416 0.00338649115042042 0.00409443443349456 -0.150629199134566
1636513337.33014 1.24753015618564 8.25401592015841 0.232606960042495 0.978717484104971 0.00749853370280528 0.00464672825902175 -0.205022599281228
1636513337.83039 1.72020976743792 9.02929053581935 0.273051465495157 0.967149703160428 0.00998799214257521 0.00537635683343184 -0.253954299977093
1636513338.33065 2.2542590443795 9.78090533237786 0.3139223115921 0.956176053470363 0.00784500794646936 0.00730445436550244 -0.292596062117355
1636513338.8309 2.8552317719491 10.499648845268 0.356427688722938 0.946186063547794 0.00809413636581601 0.00653696664962631 -0.323455848874994
1636513339.33115 3.49645490870097 11.1678440237675 0.390590468440269 0.935661272315248 0.0116172000665937 0.00836994366577214 -0.352608803343106
1636513339.83142 4.16728471970405 11.8112418355819 0.418010886694406 0.923413293601556 0.0113303531167206 0.0101715932383063 -0.38350495562531
1636513340.33168 4.89369880417132 12.4066141937323 0.448203754146533 0.909855592673111 0.0121071690312792 0.00796681098806383 -0.414671854436964
1636513340.83194 5.64377753647622 12.9545203895612 0.479618835666027 0.894928446040137 0.0114723624710323 0.00892221888367702 -0.445972931216359
1636513341.3322 6.43494004734953 13.4393752546855 0.508154077471855 0.878712036025412 0.0129478968203467 0.00825573575154609 -0.477105179744682
1636513341.83245 7.26396678962487 13.8579319958304 0.538323259617391 0.861480888542086 0.0173272695522721 0.00807657208951954 -0.507430008365571
1636513342.3327 8.11913182607208 14.2449487137435 0.577545510393006 0.844328090198945 0.0152370274240468 0.00859757465816853 -0.535540839531662
1636513342.83314 9.00996642579083 14.5486754513728 0.611664094306673 0.82808606162865 0.0189471313258952 0.00783964067131627 -0.560225865865738
1636513343.33341 9.92624761613224 14.8232928819047 0.650843578117242 0.812724450523187 0.017472657436035 0.00784756454815854 -0.582333314773051
1636513343.83367 10.8677428754187 15.0618079959318 0.68222412948642 0.797825982757772 0.0162600436327691 0.007453535110752 -0.602622400041692
1636513344.33391 11.8200103777102 15.2538817385756 0.698057855262144 0.782315337445733 0.0162878867077256 0.00908355142010597 -0.622603330088559
1636513344.83725 12.7946964938332 15.402260394801 0.723477189657145 0.767080366967012 0.0151317425163331 0.0116386723289396 -0.641266935284047
1636513345.33442 13.759965973701 15.5012557242079 0.748429298966981 0.751678041871541 0.0133452133607942 0.012288572619303 -0.659280681979611
1636513345.83468 14.7371323465569 15.5532632209433 0.762462065385186 0.734821077235352 0.0125025724864984 0.0130655245269742 -0.678019883337304
1636513346.33494 15.6951453133279 15.5399738861807 0.774471518548366 0.716315809771252 0.0152121104334155 0.0110947891127391 -0.697522155936613
1636513346.8352 16.6618724632932 15.4901478715012 0.788845584929835 0.695674376109642 0.0153177331650629 0.0146235525431497 -0.718045041195997
1636513347.33547 17.6012715159344 15.3613282542973 0.806474696821276 0.672212629480066 0.0206137965892162 0.0144168638247068 -0.739930676614461
1636513347.83571 18.5381722490881 15.1876428198218 0.821983342674062 0.646557117525738 0.0210391181032196 0.0165068041880166 -0.762396730516171
1636513348.33596 19.4483970704448 14.9389384420842 0.839602183679683 0.616635819396128 0.023050959045561 0.017015672306144 -0.786727008828803
1636513348.83622 20.344854430308 14.6145865215176 0.859099872242457 0.58598127286908 0.020998723368117 0.0161224310978603 -0.809892010504571
1636513349.33648 21.2077746217886 14.2268309098723 0.875203534277701 0.552161037545884 0.0190148823724057 0.0166245702081447 -0.833354814307814
1636513349.83674 22.0424186435257 13.767530688384 0.887337177219639 0.518100716319479 0.0188611726672219 0.0177810048018046 -0.854926745273008
1636513350.33699 22.8228100374293 13.2421054017844 0.896826261726052 0.47794934959642 0.0200501457783603 0.0177495964899182 -0.877979135685507
1636513350.83759 23.5656341979367 12.6388522305678 0.905502934030615 0.439090136676433 0.0200123147185063 0.0195733168255735 -0.898006817569624
1636513351.33751 24.2452552499364 11.9804133538237 0.915121238421215 0.39935990695523 0.0221914543915636 0.0206832524208911 -0.916292206197341
1636513351.83794 24.8519513833992 11.2719803770491 0.911600813721197 0.357432390059427 0.0238240842597513 0.0203279172913411 -0.933413774980949
1636513352.33819 25.4009436110051 10.5045519437417 0.900018050030094 0.313546535566606 0.0237783202856963 0.0200593632171852 -0.949063108263034
1636513352.83845 25.8768658103545 9.67577096051957 0.901306055782553 0.268277498540452 0.0214378473719157 0.0185107372690377 -0.96292520741888
1636513353.33938 26.2550712979461 8.80965034031227 0.892941007951405 0.22186398543121 0.0223201274966679 0.014422741102166 -0.974715429454265
1636513353.83898 26.5591846224624 7.91729141042306 0.869295448425557 0.174276534161251 0.0246875364643319 0.0136653646089437 -0.984292371703738
1636513354.33923 26.7811771900778 6.99629654630687 0.852785132903826 0.126058680634696 0.0234831500940864 0.0132782012718386 -0.991655908099822
1636513354.83968 26.9133580628566 6.05063396256073 0.837103371067484 0.0814470975950607 0.0225362921858095 0.0123027474752056 -0.996346891515409
1636513355.33974 26.9810799530516 5.09330063930225 0.821983971974367 0.0405706237324203 0.0214727830061573 0.0150897322539672 -0.998831939847959
1636513355.84163 26.9585052551132 4.1420029116245 0.800581363417498 0.00427952676521944 -0.0225852146686172 -0.0158644581847768 0.999609880251062
1636513356.34026 26.8546940969154 3.20255601934492 0.781799970832023 0.0516815064147141 -0.0228138565933447 -0.0183936874412892 0.998233550880933
1636513356.84052 26.6508430578744 2.28718672284524 0.761923110532282 0.101412865909292 -0.0222184887223646 -0.0177753896451598 0.994437431370079
1636513357.34077 26.3580649121411 1.38410219427954 0.743013978193338 0.151159047415687 -0.0203297862218514 -0.0190358978982406 0.988117035966774
1636513357.84168 25.9720166872886 0.522228548861567 0.715706215808837 0.199846363246058 -0.0204316069744988 -0.0183634210448291 0.979442068374283
1636513358.3413 25.5079844287082 -0.291210915851395 0.68627553560112 0.24890397768194 -0.0208996082545977 -0.0180956812615403 0.96813354584406
1636513358.84154 24.9650662858124 -1.05735339676445 0.654105654231197 0.300888426221441 -0.0210730287843388 -0.0198777511361187 0.95321925989439
1636513359.34188 24.3292189886027 -1.74310851453198 0.622070476199118 0.357035438651354 -0.0198713114833207 -0.0178352662239101 0.933709124837971
1636513359.84206 23.6255611646165 -2.35700496735362 0.585426237344267 0.412606646760073 -0.0191402391063618 -0.0200427249850855 0.910487614123076
1636513360.34231 22.8417505463833 -2.88213465927999 0.551643441563898 0.462675509459364 -0.0173210655186833 -0.0193897666148542 0.886146370858921
1636513360.84257 22.0099829741217 -3.3313886368158 0.509909834503525 0.503672113941312 -0.0173773848941425 -0.020001270272421 0.863488492870415
1636513361.34282 21.1187233824217 -3.70868315854852 0.468037459621586 0.538427546016002 -0.0161262822875393 -0.0184707055114681 0.842314996749243
1636513361.84326 20.2011477375261 -4.03789049427186 0.438307540457661 0.565331291003202 -0.0169667602941066 -0.0208948774632953 0.824424687011233
1636513362.44357 19.0777724875023 -4.34980930494614 0.403323347391292 0.589293207765688 -0.0161875331720051 -0.0191756338366836 0.807529426162287
1636513362.94382 18.1236710102096 -4.56597060006003 0.362170157878919 0.612115083367222 -0.0166146622649706 -0.0186260990531092 0.790374687187174
1636513363.44408 17.1582282575668 -4.72118955382609 0.331745217628004 0.6343228670864 -0.0148582938934301 -0.0178473322699414 0.772719356639079
1636513363.94434 16.1855847057469 -4.83148367479257 0.298422542870248 0.652606317204131 -0.0149520444358447 -0.0182002330368831 0.757330959772445
1636513364.44462 15.2084095767301 -4.89713551232371 0.267050236825448 0.66856389751214 -0.014798817595509 -0.0181815691217418 0.743285100405909
1636513364.94487 14.2315910037029 -4.91642259556316 0.235395285515782 0.685107359503836 -0.0148481251900913 -0.017126482754938 0.728089364515418
1636513365.44511 13.259273887293 -4.89590399969486 0.211601309511929 0.701370365204989 -0.0149428249880356 -0.0173382254693218 0.712429441229918
1636513365.94537 12.2985172762604 -4.83368051383719 0.195718300023271 0.716788072323937 -0.0160776977747297 -0.0167923996180939 0.69690342395734
1636513366.54568 11.15058313642 -4.70236949720673 0.169605613725837 0.732643998453409 -0.0159397986199376 -0.0145132428078561 0.680270578618065
1636513367.04595 10.1732201734543 -4.56236838143834 0.145631052022118 0.743621785767564 -0.0151194104859961 -0.0154342955580429 0.668251319249758
1636513367.54619 9.19325511939859 -4.39286534673141 0.129525486842807 0.754048870183505 -0.013804671489179 -0.0185131886651822 0.656412213677886
1636513368.04644 8.2210945625541 -4.18796913122879 0.10449942935677 0.763333154543922 -0.0126394332741467 -0.0199721072184057 0.645572501609068
1636513368.54874 7.24662963979714 -3.955047249476 0.0784644766425102 0.771679565139594 -0.0129211999915364 -0.0197269384436971 0.635574180750276
1636513369.04696 6.29048211185572 -3.7022695988068 0.0516099441469498 0.780345634062633 -0.0145845354964869 -0.0189243414107634 0.624891872267441
1636513369.64731 5.15981317950486 -3.3516191455468 0.0233064649411565 0.79693349845847 -0.0164246321013398 -0.0167467736878353 0.603611444611621
1636513370.14753 4.25506876809106 -3.00271236436891 0.00829364655295317 0.816091448365919 -0.0169228425867209 -0.0146948810180133 0.577488030849704
1636513370.74784 3.21593358975292 -2.50596578564652 -0.00397569887235855 0.841816644185323 -0.0156427316890766 -0.0153758319732897 0.539317741511434
1636513371.2481 2.39746897491727 -2.00783466482124 -0.0112763792835241 0.866870542225124 -0.0135561784432526 -0.0134378764873196 0.498167759418296
1636513371.74835 1.66083267418364 -1.44362896556933 -0.0117551305830286 0.895948149077618 -0.0123245441064962 -0.0126340872946094 0.443807840867181
1636513372.34866 0.893200238089992 -0.659425797338574 -0.00569720163018155 0.929230218897364 -0.0115274000506505 -0.0116487738119453 0.369137678115778
1636513372.84892 0.384767450176872 0.0731143018839025 -0.00746201831797933 0.955479705648757 -0.0110398656216696 -0.00909477438492737 0.29470992270249
1636513373.44923 -0.0470315809075801 1.03048948529456 0.00172301347489522 0.979399401357725 -0.00743773904064137 -0.00593160367159917 0.201708474626072
1636513373.94949 -0.26633457670687 1.87008677285012 0.0120971536525641 0.991935326041065 -0.00573460074341315 -0.00317680238579836 0.126575397422727
1636513374.54979 -0.365725881576629 2.91959873866367 0.0314921895038098 0.998549200635809 -0.000844308978743821 -0.000111687461400506 0.0538402133896816
1636513375.05006 -0.358409672739606 3.82257734074767 0.0487200382195559 0.999970543527686 0.00065566671370928 0.000756900766673478 0.00760981467153198
1636513375.55031 -0.275676711297257 4.71701073852312 0.0725511236156557 0.999780614947574 0.00382539177802283 0.00133291583074446 -0.0205502235555416
1636513376.05057 -0.178865558125792 5.55760017943706 0.0996271001932799 0.999665030182511 0.00433688019006884 -0.000151883552189037 -0.0255146199619689
1636513376.55085 -0.101998702375099 6.27347039593281 0.120917104453934 0.999692304977457 0.00266228739345825 0.000972481299634633 -0.0246426840018462
1636513377.05108 -0.0282533280593142 6.81803413789031 0.136334519612143 0.999710504460837 0.00416493369126781 0.0017228631527657 -0.0236345581842219
1636513377.55133 0.0169850416626557 7.15257011513471 0.149308331509152 0.999727674389567 0.00399049770629362 0.00140601212578274 -0.022949425212548
1636513378.05159 0.0385597009383478 7.25897052627682 0.157490059739083 0.999727131910772 0.00400925019895729 0.0013520469410603 -0.0229730190304362
1636513378.55185 0.0450352161398241 7.24600489390313 0.160954669460442 0.999728176252594 0.00371471127095 0.00242621765103254 -0.0228885996676519
