1636513330.06627 0.000206159135171245 0.000444455702611946 -0.00128834739115258 0.999999951010362 -2.76249896454963e-05 0.00031168979322101 -8.09980475189445e-06
1636513330.53536 0.000700134033003513 0.000107152525739356 -0.00217159918898884 0.999999906230388 -5.94311038470163e-05 0.00042874947028975 1.34554893756012e-05
1636513330.87037 0.000982771111148782 0.000149761415333883 -0.00346324855047209 0.999999704446205 -5.81170567336325e-05 0.000766629677107824 2.97476660378739e-06
1636513331.27234 0.00149360663990165 0.00143327334517462 -0.00467792034078232 0.99999920543291 -3.65827316673887e-05 0.00125987524748032 -2.25746217956679e-05
1636513331.80785 0.00674249247941461 0.128612554768483 -0.00174483680235742 0.999998222453285 0.000161686285710808 0.0018708423949101 0.000169989848265907
1636513332.21003 0.0164132835429954 0.343408344231609 0.00472397359748507 0.999998421825323 0.000850732541548932 0.0014837773237207 0.000480630689007192
1636513332.61189 0.0294253977690403 0.656796962993594 0.0128355747870457 0.999998299806351 0.00118811774189803 0.00125135501019474 0.000650285534706993
1636513333.0138 0.0450811701275718 1.05540830275155 0.0255041656264555 0.99999858809051 0.00117496715301112 0.000509580908706885 0.00108793220077249
1636513333.34882 0.0656805413805998 1.44792542755486 0.0425310647387937 0.999995023534668 0.00273982738035345 -0.000856284858421698 0.00130882698101492
1636513333.75066 0.0893447848947571 1.98867882074581 0.0560841995435128 0.999996032435134 0.00231895708387506 -0.000965729692029485 0.001274722791801
1636513334.08569 0.114123848443473 2.49314601991776 0.0654820997681955 0.999995615595444 0.00273124265188001 0.000293867001087233 0.00110577830123213
1636513334.42051 0.135448039158327 3.03620627371966 0.0789786617726281 0.999997197189199 0.00203853702629078 0.00110500514169345 0.000478481112341663
1636513334.75538 0.158135123037994 3.62042322427083 0.0941967661835117 0.999997337174574 0.000169031807890441 0.00161225390881747 -0.00164247050007579
1636513335.1574 0.204106009556482 4.36419298598575 0.112368331769104 0.999930932671676 0.000204851553117582 0.00148076617252182 -0.0116574119655592
1636513335.55924 0.284782970006584 5.11763731847247 0.135463036712693 0.999384299793788 0.00155583334455555 0.00149311197161548 -0.0350195848765449
1636513335.89414 0.382030303641044 5.74343058716658 0.159192355494597 0.998043923019736 0.00141834826524239 0.000408691999313119 -0.0624991918541572
1636513336.22926 0.526322703966588 6.35418952553656 0.178059534640846 0.995752544722622 0.00466207127535398 0.00240140071937362 -0.0919204441048404
1636513336.63183 0.733394859930649 7.07279886811402 0.198591368012101 0.991496408145283 0.00358547023997405 0.00360575924665465 -0.130034670524505
1636513336.96671 0.948982707645553 7.65493008827596 0.210756097029971 0.986228418156107 0.00275574557724739 0.00479266762161986 -0.165296531798719
1636513337.30107 1.21711880279099 8.20035567306607 0.230316697118764 0.979403365329203 0.00687658656827562 0.00475758460540517 -0.201740243698981
1636513337.70273 1.59271662914295 8.83374519918461 0.262128112176691 0.970130067243378 0.00995682659616422 0.00594576547732826 -0.242307990184766
1636513338.10491 2.00683694147355 9.44638822344292 0.294175438879761 0.960948783110631 0.0090319996132606 0.00639633385736898 -0.276504875426037
1636513338.43967 2.38063036150884 9.94207556929598 0.323093146600408 0.953900661007799 0.00730155004896761 0.00689407525637137 -0.299954476582907
1636513338.9086 2.95334099180519 10.6079182042754 0.362811685151636 0.944647126064071 0.00856492160723918 0.00637756431500241 -0.327914281497713
1636513339.24352 3.38327801170279 11.0511673915398 0.385477729511983 0.937582234436479 0.0117671212644643 0.0076941596020578 -0.347479335262208
1636513339.57843 3.8261179389204 11.4925145189648 0.402910624559282 0.929732785775115 0.011812708008507 0.00862628846096995 -0.367944281286906
1636513339.91357 4.28021412146621 11.9119960371669 0.41975732865647 0.921454396427204 0.0108243565395488 0.0105597771571847 -0.388192117020519
1636513340.38232 4.96843164915711 12.4641858069323 0.452651122774371 0.908385450240424 0.0121103682921603 0.00756998691194158 -0.417889827669308
1636513340.78429 5.56758118358368 12.9034580371169 0.475714001522566 0.896472195156608 0.0113632315351895 0.00931416511430862 -0.442856327276006
1636513341.1862 6.20391411227331 13.297962846971 0.497988208581111 0.88346907996078 0.0141582632333768 0.00807816034635505 -0.468205800541692
1636513341.52109 6.74244878907914 13.6108873361889 0.521554470726679 0.872260017626872 0.0129734351855485 0.00856086688663584 -0.488795318295097
1636513341.85618 7.30131979453022 13.8764787087805 0.539941478143649 0.860740389150912 0.0171314257351874 0.00817166090476554 -0.508690201099525
1636513342.19104 7.87303257019075 14.1484333790564 0.569060446610023 0.849173608371437 0.0140584407623791 0.00879245606827882 -0.527853422651641
1636513342.52587 8.46101870338515 14.3599529052905 0.589100121070651 0.837468251439579 0.019009031104067 0.00785586369665676 -0.546098773092193
1636513342.86086 9.05671052816379 14.5650886719556 0.613712661900898 0.827243230475636 0.0187202435814088 0.00791461534194282 -0.561476222984086
1636513343.19568 9.67119368711325 14.7522289126137 0.643167124731143 0.816920834288944 0.017620378457657 0.00757513189339274 -0.576430819912036
1636513343.79847 10.7987770753734 15.04695672599 0.680100524145844 0.798916200269435 0.0160900779631645 0.00756004719720967 -0.601179557224431
1636513344.20052 11.5673847562306 15.2022044203933 0.694755274620551 0.786444272938228 0.0171738410220364 0.00746653262968998 -0.617377287918581
1636513344.53536 12.2118340068153 15.322039140865 0.70892404961349 0.776235015862439 0.0150100769842679 0.0103904376849206 -0.630179289204812
1636513344.93729 12.9888052489304 15.4227841825414 0.729811792175786 0.764001948143582 0.0155720818248307 0.0110357200142316 -0.644931582715732
1636513345.27243 13.6382920180433 15.487615279054 0.747049228260402 0.753601462724958 0.0141015185806329 0.0111941081027034 -0.657084982704908
1636513345.60713 14.2919826921105 15.5386216463215 0.755254132822636 0.74259281646653 0.0125220129663804 0.0133366865378404 -0.669493271747945
1636513345.94222 14.936226964842 15.5603857723825 0.764181902721769 0.730967822250199 0.0122913874405463 0.0140064242836497 -0.682157448620459
1636513346.27704 15.5874880897309 15.5459985866048 0.773913943095218 0.718461074658845 0.0143789114606673 0.0115546841088374 -0.695322529751776
1636513346.61204 16.2293251950313 15.5176566413539 0.779640571430908 0.705229062916362 0.0160773359145676 0.0132085556792971 -0.708674129727385
1636513347.01392 16.9983497522982 15.4530485646881 0.795336238157594 0.687444123895409 0.0169308677315683 0.0152269702892705 -0.725880197839381
1636513347.41564 17.7542243379549 15.3354921857083 0.81015935522759 0.668272246001085 0.0210767942570042 0.0142307065981225 -0.743481984286258
1636513347.81776 18.5018263489598 15.196408483312 0.821085196814376 0.647585450018929 0.0209947161429298 0.0166226707312203 -0.761522155708959
1636513348.21968 19.2374839759977 15.0007582421345 0.835072196422436 0.623664562663097 0.023130284597916 0.016455371970201 -0.781176499867981
1636513348.55463 19.8452766650704 14.8053294627615 0.851506052362532 0.603066988413207 0.0214445245465181 0.0162203494265071 -0.7972372545972
1636513348.88969 20.4374091608638 14.5760206670725 0.860244680013305 0.582912790827418 0.0212120634641353 0.0162299419732287 -0.812095632076008
1636513349.29133 21.1295573268803 14.2673521685824 0.873791957142889 0.555652291379886 0.0190444142027941 0.0170478224800929 -0.831021788595607
1636513349.69336 21.7999745073458 13.8998772969587 0.885248582670489 0.527449683553501 0.0202472611281418 0.0154726927780427 -0.84920402466917
1636513350.02844 22.3538727153878 13.5817390364559 0.889373088733892 0.504279152326305 0.0183055030779862 0.0201899484306716 -0.863110543944686
1636513350.36383 22.8653340650836 13.2098865917665 0.898103234966017 0.475521466932413 0.0199895537082318 0.0177009160993979 -0.879298828498159
1636513350.69808 23.362148333218 12.8163173710332 0.901581893428227 0.448181200470141 0.0204916587833439 0.0193004614766243 -0.893499409989867
1636513351.09993 23.931646625437 12.3030446688272 0.913549090380188 0.418632622228092 0.0195550876492806 0.0200483985300149 -0.9077237398404
1636513351.435 24.3706240056362 11.8464597667344 0.917351784845043 0.391367389019635 0.0218662143323339 0.020706521505027 -0.919741635161684
1636513351.76986 24.7746907588577 11.3726507264734 0.912813797227829 0.363261316636475 0.0230457085235705 0.0206512777377205 -0.931173257714149
1636513352.10467 25.1504281538352 10.8715313782277 0.902577150723471 0.334326030596199 0.0248774672343109 0.0202689081493636 -0.941911029902627
1636513352.43976 25.5010173023769 10.3380354653967 0.901719246235684 0.304658354853305 0.023467604611272 0.0190530409513222 -0.951981901079214
1636513352.84149 25.8794640439894 9.67060989988965 0.90121648763106 0.268012455980485 0.0214358580730847 0.0185006653999394 -0.962999248601856
1636513353.17674 26.1407256390657 9.09420947404078 0.897477297806135 0.236770615765354 0.0221373329125771 0.0155559204262164 -0.971188770189043
1636513353.57855 26.4124177934642 8.38666374717756 0.883299600618526 0.199315768764761 0.0230207281130501 0.0143430935911841 -0.979559873649943
1636513353.91346 26.5967633824467 7.78361009592939 0.866226645240285 0.167225008901911 0.0249352483431194 0.0134992130047048 -0.985510934001281
1636513354.31537 26.7726257375325 7.04480262080292 0.853928356263696 0.128595844376803 0.0234716879014687 0.0135383610616398 -0.99132683886589
1636513354.65027 26.8685252212448 6.41138457632217 0.840903892087167 0.097199937753378 0.022936571790049 0.0114865596247673 -0.99493424140656
1636513355.11918 26.9599584145284 5.51550799726559 0.831536071793511 0.0588407270146822 0.0211905980733941 0.0135686532275451 -0.997950208701449
1636513355.52113 26.9806347402898 4.74652416359077 0.815994033768837 0.0246449700309509 0.0213485703552292 0.014838888124126 -0.999358129698859
1636513355.92316 26.9471215293132 3.98353679022081 0.797128501526427 0.0117591037601821 -0.0227353542182645 -0.0164289387179919 0.999537351538164
1636513356.25806 26.8773426241723 3.35683875883835 0.784438370169122 0.0435205337167635 -0.0232026559391671 -0.0179586139385586 0.998621594042399
1636513356.72685 26.7073503097149 2.49241989749404 0.766683566220413 0.0899876217645269 -0.0224475105801287 -0.018687415601359 0.995514498988368
1636513357.12891 26.4915192484077 1.76682503071902 0.752218271052672 0.129890005857195 -0.0212123992213226 -0.0178417412179058 0.991140904598335
1636513357.46378 26.2737948816851 1.16776056491173 0.736754666423704 0.163034903052803 -0.0204503121916063 -0.0197962893643828 0.986209669413777
1636513357.79871 26.009624378146 0.594915578498066 0.718247043411056 0.195790378883375 -0.0204020664270281 -0.0184957085047565 0.980259043309022
1636513358.13353 25.7107881161015 0.0420853160246878 0.701305232019914 0.22797889137242 -0.0201725708190366 -0.0180907756289839 0.973288968555739
1636513358.46845 25.3746921017396 -0.489689382041303 0.676494120438155 0.261593493121275 -0.0208914903517461 -0.0175761751657304 0.964791929927918
1636513358.87031 24.9301162317854 -1.1003561050748 0.652675056496274 0.30421005793224 -0.0210161877559128 -0.0198245300646936 0.952166765074683
1636513359.20549 24.5063416890126 -1.56163239379664 0.630929702225667 0.341743411864197 -0.0199667950098067 -0.0171886911079025 0.939423927969929
1636513359.60727 23.9645625542417 -2.08030148708465 0.60391592956461 0.386572917415586 -0.0194663299436269 -0.0192304030879313 0.921852826169343
1636513360.00905 23.3683924430235 -2.5394492791119 0.575488415970324 0.430524905652043 -0.0176315557348213 -0.0194302140205709 0.902197262597701
1636513360.41128 22.7296461210973 -2.94820726312134 0.546254190756066 0.468366434860433 -0.0170092087299646 -0.0195882551308595 0.883153367074732
1636513360.74602 22.1739477259499 -3.25028077352241 0.519608333342084 0.496105194763488 -0.0171078239167132 -0.0199070302400137 0.867865581894189
1636513361.08092 21.5925322198545 -3.51856980067264 0.490022442281738 0.52092138412992 -0.0169954027479743 -0.0191150730021351 0.853221355701864
1636513361.5498 20.7450628648679 -3.84986340238302 0.456174158048252 0.551062614585522 -0.0162697707084965 -0.0192376369736718 0.834083450675609
1636513361.95165 19.9999360262038 -4.09845064919548 0.433281439305631 0.569988238577718 -0.0165760211845274 -0.0206916344717434 0.82122499941712
1636513362.28675 19.3697343314 -4.27337220996297 0.412781377003196 0.583172295889607 -0.0161401763962994 -0.019212652552322 0.811960862353996
1636513362.62166 18.7406578800888 -4.43065424163738 0.386881142371654 0.597011678186118 -0.0160233839132286 -0.0185958884967916 0.801856907564173
1636513363.09044 17.8438125606824 -4.61986705641435 0.352442494797738 0.618710239289756 -0.0168991093840544 -0.0189454091067549 0.785208973059921
1636513363.42713 17.1907402741081 -4.71700096573573 0.332947863280696 0.633589607136098 -0.0149527129074285 -0.0179148308147286 0.773317324869108
1636513363.82741 16.4120870395235 -4.81107786772112 0.307745677722135 0.64882666820374 -0.0149096623537181 -0.0184332531385104 0.760566809540664
1636513364.22912 15.6291547831859 -4.8771061418246 0.278549944848993 0.66181325263549 -0.0153585856249719 -0.0183706643876743 0.749286227801892
1636513364.63137 14.8460355707911 -4.91017762467462 0.255264941392177 0.674708050759108 -0.0151420427457319 -0.0177291826426172 0.73771636884724
1636513364.96618 14.1912265379261 -4.91638767632144 0.234336819673931 0.685781225021949 -0.0149093355123957 -0.0171244184441577 0.727453488145409
1636513365.301 13.5454528430017 -4.90677347906526 0.216749925387245 0.69647751851833 -0.0151418948068285 -0.0174510529609714 0.717206560183858
1636513365.70298 12.7640929496766 -4.86769739133795 0.201787518314691 0.709481662698387 -0.0153205118587015 -0.0167814764917365 0.704357461987787
1636513366.03768 12.1260557510528 -4.81779801732973 0.192088170996972 0.719365185685279 -0.0163109526174324 -0.0164202075582492 0.694246396629065
1636513366.50681 11.2254449664358 -4.71202307558919 0.171502138252807 0.731819223710684 -0.0158428950020624 -0.0145391726140105 0.68115948128551
1636513366.84184 10.571328091241 -4.62661731921219 0.154322851023466 0.739166915567702 -0.0160958037929387 -0.0156083256441811 0.673148999999981
1636513367.17665 9.91623926095702 -4.51849443682728 0.141308322572227 0.74654583591523 -0.0143495113990092 -0.0156823148190966 0.664994339376024
1636513367.77945 8.74049760203989 -4.29889098571559 0.118943356273881 0.758508075215435 -0.0129313459582557 -0.0188908111819854 0.651261404796546
1636513368.18151 7.9567028932789 -4.12949929137906 0.0962125961228727 0.765561702122814 -0.0130796491911439 -0.0203487809899494 0.642907559554311
1636513368.5163 7.31165291436813 -3.97206473858423 0.0801668709823523 0.771148599667681 -0.0129291005507632 -0.0198613285155002 0.636213960251676
1636513368.85139 6.66483660547522 -3.80795370671433 0.0616210394001595 0.776556082633453 -0.0143642275013817 -0.0200460669178463 0.629565306139402
1636513369.25335 5.89934539312324 -3.58747532104803 0.0394898984128217 0.785167228984784 -0.015213880044863 -0.0177393011881419 0.618842692108175
1636513369.6551 5.14508661870673 -3.34637273844213 0.0232142922776918 0.79719329339804 -0.016404677986566 -0.0167400281312415 0.603269020387678
1636513369.99009 4.53594319068223 -3.11611347651026 0.014239879332784 0.809898899779364 -0.0160298893434384 -0.0153122703851194 0.586150449252976
1636513370.32511 3.94675261759333 -2.86446074790658 0.0045770375706916 0.823463988755746 -0.0161994517707331 -0.0137907105127302 0.566969534709193
1636513370.79373 3.13363105248673 -2.46629437667452 -0.00475710072910855 0.84405327372847 -0.0162066465541529 -0.0162915013164236 0.535766742809385
1636513371.12888 2.58568210042264 -2.13224879226236 -0.00845527696676875 0.860443329772857 -0.0139812313982055 -0.0142719614520542 0.509154311122179
1636513371.53076 1.95984561197179 -1.70891301495392 -0.0105183062381229 0.883029306628422 -0.0157011182793817 -0.0158455653435784 0.468787410858107
1636513371.93265 1.41480923235807 -1.21263732286409 -0.0126179865455496 0.906430527963614 -0.0112710821271277 -0.0113365851677159 0.422052298323351
1636513372.26759 0.983725581539207 -0.770942726622515 -0.00677786538071858 0.924790858959956 -0.0121006640540133 -0.0120862524874233 0.38009125695597
1636513372.66947 0.550915693895153 -0.202776627616521 -0.00987091617057221 0.946639633552681 -0.0122614337473796 -0.0096520043673226 0.321915983202757
1636513373.07158 0.212423692217999 0.423840142256928 -0.0027094872608404 0.965459858770709 -0.00693882426199634 -0.00755267491305626 0.260349900944789
1636513373.4734 -0.0599111594394889 1.07038067519455 0.0024619494484855 0.980172283857323 -0.00706370270818703 -0.00580339650274469 0.197936147913924
1636513373.94213 -0.264072684288346 1.8556971483149 0.0117898324566528 0.99177880708993 -0.00588467532325546 -0.00318859992618931 0.127788893234607
1636513374.34408 -0.344995751568889 2.55515305248362 0.0273513902022381 0.997150699575966 -0.000993443951197084 -0.00110802974409146 0.0754206051047248
1636513374.88002 -0.368355151536262 3.51066821287026 0.0452913170062076 0.999751996218888 0.000341954330481527 0.000503016222343073 0.0222615385421591
1636513375.28201 -0.324154272970682 4.24522111003319 0.0591500405378203 0.999964141979284 0.00261297493883441 0.000646986676704836 -0.0080292294676811
1636513375.6168 -0.261698038881242 4.83386817592452 0.0753575283554813 0.999737593254859 0.00422249663247444 0.00139014612202981 -0.0224718189946856
1636513375.95191 -0.200009225536038 5.4016125558068 0.0944398844908809 0.999650686075711 0.00355184486303631 -0.000122733873794925 -0.0261892184462437
1636513376.28687 -0.136820995456613 5.91414928806859 0.111246686692169 0.999671184306653 0.00461206314916824 -0.000239345691214111 -0.0252229033634459
1636513376.68867 -0.0825353998751335 6.44323587266413 0.124167443830755 0.999704042352693 0.00233960776250613 0.00159417004116842 -0.0241622134971656
1636513377.15771 -0.0168979290130289 6.90905392809642 0.138790917579312 0.999717688724924 0.00390137948057002 0.00176895363398844 -0.0233707700276484
1636513377.55948 0.0176236092135725 7.15646294605471 0.149535100519389 0.999727687360416 0.00402048439918715 0.00140347088063636 -0.0229437812855054
1636513377.89432 0.0333525145904311 7.25055381629288 0.155666866420033 0.99972879745613 0.00393684955578647 0.00133549443805174 -0.0229139522365987
1636513378.29622 0.0438298640745615 7.24752349216903 0.159087342771124 0.999728956341842 0.00382645904230484 0.00251473806559096 -0.0228264792578884
