1636513330.32653 0.00658948855180505 -0.0126596476540878 0.00379227337044113 0.999999961921862 0.000144135883162932 6.94477790553901e-05 0.000224851345089039
1636513330.82679 0.00681956884998338 -0.0243784941824496 0.00389095209569512 0.999999909350599 0.000301431196854513 6.1837031541353e-05 0.000294302919666179
1636513331.32706 0.00660158002715731 -0.0471069644688193 -0.0019985213501777 0.999999711084686 0.000623243321874525 4.49428545165293e-05 0.000432872321448622
1636513331.82731 0.0197758322834867 0.0701536239140768 0.00530736102023083 0.999999053841949 0.00121961998606934 0.000271359071654154 0.000575505474900665
1636513332.32756 0.06340550451732 0.350741755911409 0.0122996438960916 0.999998744941813 0.000843475329564801 0.000999390778493538 0.000894361358444998
1636513332.82782 0.074107013408139 0.766991051904491 0.0197362616011936 0.999998535929771 0.000766327968394561 0.000941580991193922 0.00120594568527953
1636513333.32807 0.114121527762164 1.33340037430972 0.0397232164130987 0.999995026102281 -0.000971370447119794 0.00259920899545288 0.00149944081287833
1636513333.82834 0.146487603285851 2.00078377102383 0.0458983633430239 0.999994725443832 -0.00118199113650286 0.0024610821275385 0.00175927718968862
1636513334.32859 0.175107253779944 2.77666210864061 0.0553770400439827 0.999997747360421 6.10815471858991e-05 0.00163221234373221 0.00135551687320471
1636513334.82886 0.213187173810421 3.64955505436668 0.069890293201284 0.999998306259826 0.00112511902287207 0.000143829995716042 -0.00144944734183673
1636513335.32911 0.256794749984248 4.58598522460526 0.0888682398297978 0.999850450368459 0.00119114805192969 0.000872579759239579 -0.017230689738711
1636513335.82937 0.354291064197509 5.54651108627933 0.117425340322919 0.998638962869381 0.000268923977328264 -0.00066646465589605 -0.0521507942789387
1636513336.32962 0.566348513162436 6.4644166976987 0.118089788544027 0.995398253698207 0.00297720630626968 0.00283982525512585 -0.0957360338101097
1636513336.82988 0.8342473555023 7.35067096470797 0.150672779341486 0.98947687675483 0.00414406883786992 0.0023765920649149 -0.144612201667531
1636513337.33014 1.21949793635641 8.18419223423212 0.174395525925575 0.979918166688444 0.00562975025979947 0.0044227227946753 -0.199271503304042
1636513337.83039 1.69217820461947 8.96176959351257 0.203495422536075 0.968628470652332 0.0079877467597552 0.00704996601613781 -0.248284876145525
1636513338.33065 2.22755376441673 9.7250277705467 0.227665531230184 0.957542613937373 0.00839072382083236 0.0046760646810127 -0.28813169327036
1636513338.8309 2.83265069345364 10.4454487087167 0.2613808435809 0.947510901812818 0.00768802425176778 0.0056695337824068 -0.319580727853941
1636513339.33115 3.46596586885218 11.1248607757196 0.277587896471358 0.937242708181732 0.0105874458830078 0.00725701884964491 -0.348441311596748
1636513339.83142 4.12549814694819 11.7793865922969 0.313264791187753 0.925218363091079 0.0117359464121093 0.00665401961931943 -0.379195163713598
1636513340.33168 4.85633550330383 12.3829488334525 0.355029851571344 0.911794316989249 0.0112483555111297 0.00768753627749061 -0.410421124931926
1636513340.83194 5.60465808348199 12.9457663827319 0.38696164591945 0.897133393776225 0.011217313947195 0.00740786121846123 -0.441555171220461
1636513341.3322 6.40123734292531 13.4342920040147 0.41133138842167 0.880966753411187 0.0122367613796039 0.0100736268623589 -0.472912637912045
1636513341.83245 7.23017088813156 13.8519988746377 0.424812497082166 0.863920366352142 0.0152004726832553 0.0125687619812708 -0.503242061491729
1636513342.3327 8.08172732057188 14.2488424427076 0.46598526253048 0.846709981020773 0.0134127129380107 0.0111611346868059 -0.531768498732247
1636513342.83314 8.98042151761479 14.5575739249161 0.486809403737253 0.830465770104832 0.017247749237282 0.0142554838208266 -0.556620068818463
1636513343.33341 9.89377397234933 14.8565130634723 0.512794249186285 0.815045817494327 0.0158261449907977 0.0141233572857889 -0.579008099510458
1636513343.83367 10.8402773018976 15.1059747311134 0.548374720843732 0.800043829711509 0.0148160117262191 0.014362244421607 -0.599586592805613
1636513344.33391 11.7911551200047 15.2910181116656 0.566107151687515 0.78451074003917 0.0158295049897894 0.0144444232784538 -0.619744854090072
1636513344.83725 12.7592198538065 15.4422896113893 0.588534165447682 0.769327775904922 0.0149825498982402 0.0115586128014906 -0.638573954127349
1636513345.33442 13.7357763912955 15.5475922903122 0.611036002632077 0.753910084386052 0.0137042315259679 0.0123447163123467 -0.656718651081623
1636513345.83468 14.7112173294335 15.6101629690482 0.631451144931936 0.737280910744094 0.0125735939968628 0.0114505227800985 -0.675372229895799
1636513346.33494 15.6843637226277 15.6087420963499 0.64901550861084 0.718966475768884 0.0144857185189476 0.0135041513164198 -0.694762555537274
1636513346.8352 16.6357824400232 15.5699870247918 0.673291621589784 0.698836270849283 0.0153132784279534 0.0115659967775305 -0.715024193833885
1636513347.33547 17.5762751311902 15.4463881900646 0.682382850841642 0.675745001610216 0.0201625563761296 0.0118036714060727 -0.736765116886329
1636513347.83571 18.5116907210594 15.2768437410776 0.712783170498462 0.650431459080133 0.0207005293845185 0.0102761443600406 -0.759213280955478
1636513348.33596 19.4167392596885 15.0419181698075 0.727611383372857 0.621067626466933 0.0227510276130345 0.010522170065267 -0.783356035295829
1636513348.83622 20.3177164669026 14.7300147585978 0.75965594513191 0.590515881682461 0.0210673051464223 0.0126247206342656 -0.806652204214158
1636513349.33648 21.1884598710022 14.3592741360711 0.787223805712447 0.557227121150369 0.0193822905156884 0.0131787834344734 -0.830029265710568
1636513349.83674 22.0295569475372 13.8935450727736 0.799288157297609 0.522890791174808 0.0200602819694387 0.0142580302269475 -0.852044314672622
1636513350.33699 22.8272767596798 13.3851149004216 0.80907102094305 0.483705276514071 0.0203048886820958 0.0138641050457132 -0.874885537404371
1636513350.83759 23.565851444503 12.7831049956621 0.81723953304912 0.443954120309015 0.0203560135955195 0.0135674185132916 -0.895715522320582
1636513351.33751 24.2537790716785 12.1393722621963 0.821701378249229 0.40523706324395 0.0210462036315119 0.0125307712697148 -0.913883449712
1636513351.83794 24.8676998924007 11.4389248611358 0.827815589052483 0.363668467992003 0.0222511681104557 0.0125336539952356 -0.931178306461012
1636513352.33819 25.4238687120358 10.6864990133427 0.83708912534362 0.32030155299294 0.023397622346262 0.0127097840589806 -0.94694135394333
1636513352.83845 25.9168821590909 9.86061109252641 0.840635101989033 0.275241772724153 0.0236897050846864 0.0163207457719316 -0.960944534131973
1636513353.33938 26.3054391710836 8.99563491892405 0.838056692384893 0.229288060870076 0.0279338206081285 0.0177597113587207 -0.972795600042027
1636513353.83898 26.622569392705 8.11810847375729 0.821035438959489 0.182122534552986 0.0299873752289978 0.0161985507743905 -0.982684968180384
1636513354.33923 26.8657919687446 7.20933056101272 0.823394503603829 0.134205290812101 0.0303992142106352 0.0167500307567503 -0.990345527663483
1636513354.83968 26.9838374086759 6.2565307426168 0.810265100899247 0.0886414038981945 0.0321602021804776 0.0171414641915881 -0.995396701378921
1636513355.33974 27.0672052878641 5.29326628627719 0.798716262380837 0.0481069683054248 0.0296820163326684 0.0177745193341819 -0.998242838175825
1636513355.84163 27.0592953251125 4.34538990230502 0.77735914824031 0.0036754744898427 0.0295282085317303 0.0164205292086044 -0.999422304138091
1636513356.34026 26.9720122741993 3.40327978496473 0.764714784536603 0.0431862104067967 -0.0268152166722271 -0.0156183234314089 0.99858498053932
1636513356.84052 26.7806734984874 2.47637869863084 0.747739221271422 0.0929285287778017 -0.0269248702125133 -0.0157133573099914 0.995184621216225
1636513357.34077 26.5080021908423 1.57085354099682 0.726990383459814 0.142900880126057 -0.0266917409479235 -0.0172540575052197 0.989226559956805
1636513357.84168 26.1344773697858 0.706461822089094 0.705848128841766 0.191785766054146 -0.0266353696609073 -0.0166379132760051 0.980934226573765
1636513358.3413 25.6846199077361 -0.119303784883337 0.682069397652774 0.240406085752123 -0.0263174517467106 -0.0153591933044958 0.970194001655307
1636513358.84154 25.1565815984636 -0.898934052983956 0.654443126587396 0.292260870018219 -0.0243728504783721 -0.015473149420105 0.955902782537417
1636513359.34188 24.5382120574201 -1.59174699882288 0.62452033745463 0.348018503297997 -0.0255430663641509 -0.0144113001579058 0.937028808282167
1636513359.84206 23.8481363926327 -2.22655100327446 0.601223712581958 0.403981024168054 -0.0233775502029599 -0.0158523977010066 0.914331189310399
1636513360.34231 23.07985753297 -2.74416159399213 0.576388668458015 0.455066531753184 -0.024464524896494 -0.0156676598659607 0.889983406100384
1636513360.84257 22.2474789647338 -3.2002233837444 0.542965441262135 0.496678680442104 -0.0231228013707278 -0.0159602918069696 0.86747962139551
1636513361.34282 21.3653687279113 -3.58221168481475 0.51440645867216 0.531924551249318 -0.0237360879400231 -0.0148168205324091 0.846329328179536
1636513361.84326 20.4604408063951 -3.9233882273945 0.486598770109613 0.560108275958382 -0.0214124159842362 -0.0163533519371151 0.827981156503617
1636513362.44357 19.3337904487942 -4.2500081718845 0.447973885968908 0.584435266251048 -0.021967823580956 -0.0151962030099616 0.811000560852619
1636513362.94382 18.3930591881806 -4.4773419293718 0.409356890404185 0.606915004602258 -0.0212642651799139 -0.0145640636560481 0.794348724594446
1636513363.44408 17.4204773894118 -4.64709516171861 0.38741805495438 0.629389488180381 -0.0216346870273605 -0.0140276043295787 0.776662113664649
1636513363.94434 16.4421304431518 -4.76271394327836 0.356900968843343 0.648451685722233 -0.021228415182625 -0.0140400825785866 0.760830231887519
1636513364.44462 15.4589988568103 -4.83918708265771 0.333012498338928 0.664557041311176 -0.0208676721323101 -0.0138775961877647 0.746817174030943
1636513364.94487 14.4800066411417 -4.87957839424102 0.298844576399238 0.68121734045544 -0.0202472040968072 -0.0130311276883597 0.73168516145966
1636513365.44511 13.5038692430852 -4.86396855000541 0.277339792152428 0.69764823201914 -0.0193796477674453 -0.013123790334688 0.716058056124103
1636513365.94537 12.5293918340137 -4.81653419848533 0.252422280076235 0.713272171028353 -0.0179784263021609 -0.0124453252118584 0.700546001419299
1636513366.54568 11.3740801493969 -4.68837202952722 0.219821857470416 0.729714174760245 -0.017076065995687 -0.0105608069485718 0.683457460622592
1636513367.04595 10.4039811627102 -4.55355244485994 0.199871031463608 0.740682428432267 -0.0169604155831879 -0.0116141350820528 0.671540763007892
1636513367.54619 9.40952181687834 -4.38843737573026 0.188829452697777 0.75144718035042 -0.0185269307686563 -0.0140312863987848 0.659383811586008
1636513368.04644 8.4314524326712 -4.18996035429757 0.168149863825466 0.76112490487525 -0.0198369079925541 -0.0152809790291888 0.648121800234991
1636513368.54874 7.46635253544926 -3.9529810906567 0.14060736595399 0.769529359306437 -0.0191761591409318 -0.0153232087002973 0.638139514025854
1636513369.04696 6.50620756241076 -3.7132176084174 0.110023338720671 0.7778790169404 -0.0174690643831288 -0.0151603922175008 0.627988239779398
1636513369.64731 5.37473825289623 -3.38702660086783 0.0806125306231804 0.793835687185418 -0.0142354891835498 -0.0133894244515843 0.607818209591828
1636513370.14753 4.47262381918758 -3.04955060005356 0.0569173447919994 0.812448492062952 -0.0127470655180138 -0.0120508978785931 0.582769024507681
1636513370.74784 3.43269826565307 -2.5709319541861 0.0547843237447175 0.838008523024648 -0.0128085934754356 -0.0109992996265462 0.545395884361951
1636513371.2481 2.61107565681528 -2.09400258170919 0.0338955149105455 0.862503313704305 -0.0129212500394828 -0.0108639625996705 0.505769759340298
1636513371.74835 1.86281728219327 -1.54331408878056 0.0297533119952756 0.89146090142432 -0.0119743599052548 -0.0116493481535312 0.452789541204517
1636513372.34866 1.09174443175762 -0.771211794190349 0.0316383533980074 0.925188636754644 -0.0107359547700208 -0.0103352236475552 0.379214858421204
1636513372.84892 0.574770440793532 -0.0657060147315383 0.0280805378991867 0.952015090464281 -0.00799459863660659 -0.00994320658262397 0.305785033256669
1636513373.44923 0.117415591531305 0.885780855410159 0.0311725864111211 0.977035801478203 -0.00651626456248007 -0.00627523831238393 0.212883071920057
1636513373.94949 -0.128939879498364 1.72671277643927 0.0388937497081979 0.990544095579631 -0.00426466652658271 -0.00495954155473879 0.13703871817598
1636513374.54979 -0.226563388919452 2.77541400062427 0.0503258106600101 0.99805917553868 -0.00147110708723893 -0.000233111774296164 0.0622548281331525
1636513375.05006 -0.235135612200261 3.67641223414581 0.0650694780773215 0.999891128093618 -0.000362400503287927 0.000679012003122009 0.0147356563561707
1636513375.55031 -0.160685354831889 4.58620173147941 0.0753568798192037 0.999857575652005 0.000467469057337154 0.00314016625041256 -0.0165755615257824
1636513376.05057 -0.0723613377298435 5.44176560724581 0.096232583710177 0.999696978151209 -0.000643785936809413 0.00371570652445981 -0.0243255203445693
1636513376.55085 -0.0132061301572752 6.185695602536 0.101705221409945 0.999728323810768 -4.3695014195878e-05 0.00277447323827329 -0.0231425789295061
1636513377.05108 0.0522388776482922 6.7609044068654 0.11711129235408 0.999744511316677 0.00111731376960233 0.0036968243783979 -0.0222709944015635
1636513377.55133 0.0820050621187402 7.12104520134774 0.120942777190148 0.999765705532984 0.000650292726505274 0.00326749808158628 -0.021387721145362
1636513378.05159 0.0932691366136352 7.264042032349 0.124667831109112 0.999765894092654 0.000633859773395322 0.00354691845341104 -0.0213348213113725
1636513378.55185 0.0863801553085714 7.26265348116564 0.126129080489416 0.999764853646835 0.00168942047848554 0.00326200150004548 -0.0213715375484013
