1636513329.82628 -5.55111512312578e-17 2.77555756156289e-17 0 1 0 0 0
1636513330.32653 0.0067940617661838 -0.00434134678963555 -0.0122564146209121 0.999999961921862 0.00014656315463717 -0.000218486223277701 8.33023778765255e-05
1636513330.82679 0.00725216639048751 -0.00511417460041408 -0.0239503442630874 0.999999909350599 0.00030525343136646 -0.00028512092602539 8.26147299968526e-05
1636513331.32706 0.00736103289199297 -0.000567426366690549 -0.0469346183237137 0.999999711084686 0.000629886111506322 -0.000417993721356232 7.97200134710232e-05
1636513331.82731 0.0177924367923445 -0.00251750194345973 0.0707620845304262 0.999999053841948 0.00122319737604339 -0.000538156435530035 0.000326329646167172
1636513332.32756 0.0546774604468587 0.00506203012138168 0.352464053366835 0.999998744941813 0.000835662980694031 -0.00082990608168316 0.00105973490906208
1636513332.82782 0.0552630800081662 0.0173650178449376 0.768858068052451 0.999998535929771 0.00076570058191064 -0.00114530678558588 0.00101494497373918
1636513333.32807 0.0820893150533162 0.0267232975446419 1.3367151571509 0.999995026102281 -0.00100552599838344 -0.00139491795186471 0.00264402951440536
1636513333.82834 0.098306985398923 0.0525414110378565 2.00434033137441 0.999994725443832 -0.00120793144531638 -0.00166501250032932 0.00251350741247811
1636513334.32859 0.108676972460097 0.0786259016307314 2.77992302338796 0.999997747360421 4.69812045358393e-05 -0.00127619160662815 0.00169540609694944
1636513334.82886 0.128082518872477 0.104305121341569 3.65203306449876 0.999998306259826 0.00109434409729807 0.0014763678515916 0.000101125879721777
1636513335.32911 0.162404847139798 0.130227773387403 4.58327372971028 0.999850450368459 0.000850971199535757 0.0172726823209795 8.48023917990373e-05
1636513335.82937 0.264468832220135 0.14853725883825 5.53206520563205 0.998638962869381 -0.000679812308943697 0.0520577105815536 -0.00312321363328354
1636513336.32962 0.487918592882723 0.194091195804613 6.4326778688044 0.995398253698207 0.00113697306762351 0.095803989742849 -0.00161844868803322
1636513336.82988 0.769582078750157 0.206747076690558 7.29893475026155 0.98947687675483 0.00141038186401375 0.144618404954212 -0.00436327159410944
1636513337.33014 1.17117255600502 0.22890241095153 8.10737793016909 0.979918166688444 0.00183531621015182 0.199332185367928 -0.00486806787276189
1636513337.83039 1.65489929911504 0.244585388199433 8.86188854402179 0.968628470652332 0.00322265775042598 0.248451603379276 -0.00450567386921692
1636513338.33065 2.19287380402475 0.264361531187808 9.60790731194972 0.957542613937373 0.00294536340661345 0.288143909338677 -0.00874956224109344
1636513338.8309 2.79632634101308 0.276691543260114 10.3179747681132 0.947510901812818 0.00163746988845464 0.319585154746492 -0.00925950883606758
1636513339.33115 3.42597693128172 0.303238128394975 10.987192782164 0.937242708181732 0.00396367595522063 0.348539696141532 -0.00897081081410905
1636513339.83142 4.08176035315213 0.309401534788477 11.630896548702 0.925218363091079 0.00455727874684166 0.379248235608183 -0.0109994362386454
1636513340.33168 4.80901057568962 0.310490205641048 12.224228227003 0.911794316989249 0.00346756081190294 0.410472785985111 -0.0114538855305348
1636513340.83194 5.55242711768966 0.318618445795846 12.7758661423213 0.897133393776225 0.00286737634269823 0.441553036972654 -0.013204827325198
1636513341.3322 6.34422834608737 0.333192440854558 13.2523044070502 0.880966753411187 0.0032424278025604 0.473014850788679 -0.0120007074567186
1636513341.83245 7.16742522403484 0.354947167221345 13.6579841583248 0.863920366352142 0.00558395833788163 0.503480075503086 -0.0108735266896027
1636513342.3327 8.01184541026847 0.348144941136619 14.0469566621644 0.846709981020773 0.00330314365647774 0.531868853276994 -0.013668218450208
1636513342.83314 8.903408246566 0.359190066592828 14.3497538743449 0.830465770104832 0.00660254886994654 0.556908402099565 -0.011663734544199
1636513343.33341 9.80856774738347 0.365035557833003 14.6468139606876 0.815045817494327 0.00477066991857299 0.579233546390289 -0.0128862263546008
1636513343.83367 10.7471439666682 0.359708618548851 14.8971708052926 0.800043829711509 0.00337464512814281 0.599776912428378 -0.0136432264762403
1636513344.33391 11.6899358295377 0.368284008535644 15.0823347025232 0.78451074003917 0.00401284952270468 0.61993292495934 -0.014490146764594
1636513344.83725 12.6497197515157 0.369331205357485 15.2363798027988 0.769327775904922 0.00288722306562401 0.638586124503801 -0.0182811037787867
1636513345.33442 13.6187529414401 0.371360412346362 15.3448071899367 0.753910084386052 0.00125502884481981 0.656719179232269 -0.0183828504892593
1636513345.83468 14.5861235982585 0.371950630680378 15.4099411384958 0.737280910744094 -0.000198667162759838 0.675284723299325 -0.0201832024781069
1636513346.33494 15.551097322114 0.373671868586255 15.4090792669247 0.718966475768884 0.00130468013329337 0.694783662961721 -0.0190043734891214
1636513346.8352 16.4931110529873 0.363580105133369 15.3704704071681 0.698836270849283 0.00180357680706526 0.714944729609942 -0.0218780085733292
1636513347.33547 17.4230378239483 0.365126146784164 15.243460640887 0.675745001610217 0.00624280372577099 0.736763837998138 -0.0225558688305948
1636513347.83571 18.3471683790432 0.342918799852769 15.0715943844673 0.650431459080133 0.00640195589378081 0.75912215327907 -0.0251294329536443
1636513348.33596 19.238299663794 0.333739744001743 14.8306432615675 0.621067626466933 0.00799906175037817 0.783285523731665 -0.0259770413683993
1636513348.83622 20.1259993488091 0.306106839270067 14.5149201059514 0.590515881682461 0.00583479472722415 0.806617073432897 -0.0250169042414426
1636513349.33648 20.9812297910464 0.278149261629388 14.140095379872 0.557227121150368 0.00370487636278283 0.829956922214076 -0.0256069641806322
1636513349.83674 21.8063790286936 0.260792031428938 13.6706710330085 0.522890791174808 0.00394947709215381 0.852007413288426 -0.0255536658201546
1636513350.33699 22.5838584936118 0.241625879457966 13.1577864426632 0.483705276514071 0.00378094092924521 0.874805578639282 -0.0270205392197606
1636513350.83759 23.3027936865258 0.218730942684174 12.5532254896582 0.443954120309015 0.00345388015191033 0.895595854006316 -0.0282997536957965
1636513351.33751 23.9718429311428 0.196073855375899 11.909623542071 0.40523706324395 0.00383257555603455 0.913705400854448 -0.0301773820507827
1636513351.83794 24.5650783504703 0.168729287061413 11.2098187139001 0.363668467992003 0.00471702740906402 0.931001739521197 -0.0309637860940336
1636513352.33819 25.0997646419062 0.135014580660391 10.4600598248512 0.32030155299294 0.00556717376611828 0.946775202174477 -0.0315061624773224
1636513352.83845 25.5714936327106 0.105438963847266 9.63811445381484 0.275241772724152 0.00551351609563176 0.960935053738369 -0.0285550378176347
1636513353.33938 25.9379609545891 0.0770504880540607 8.77855499620107 0.229288060870076 0.00950197405812137 0.972921395461012 -0.0275799906750653
1636513353.83898 26.2324379328618 0.058520573585493 7.90889024903097 0.182122534552986 0.0114091103558537 0.982765227003002 -0.0295588092219972
1636513354.33923 26.4544197228795 0.0194308878488887 7.01105016163828 0.134205290812101 0.0116658426530544 0.990449801097085 -0.0293605098725915
1636513354.83968 26.554708938973 -0.00829033803205437 6.06919538495338 0.0886414038981944 0.0133232072921949 0.995547308921576 -0.0291676080852711
1636513355.33974 26.6266060990394 -0.0398369953741646 5.11839337642204 0.0481069683054248 0.010778333129693 0.998370823132737 -0.0287271065836401
1636513355.84163 26.604059643045 -0.063393430107007 4.184820862069 0.0036754744898427 0.0106352520630068 0.999482392646464 -0.0301384984783462
1636513356.34026 26.5021463053466 -0.0973393083542272 3.25974271850152 0.0431862104067968 -0.00795823095592662 -0.998555422125618 0.0309626667824451
1636513356.84052 26.2949489178195 -0.126292892742682 2.35192741459883 0.0929285287778017 -0.00812844909414283 -0.995166039161718 0.0307045819658074
1636513357.34077 26.0080644068675 -0.150995761720666 1.46702538993005 0.142900880126057 -0.00796867913986433 -0.98928318089464 0.0288899050006804
1636513357.84168 25.6227111166727 -0.176767692245819 0.624254283939875 0.191785766054146 -0.00808048774847351 -0.980971589025305 0.0291147244867505
1636513358.3413 25.1631556772769 -0.200024105910927 -0.178513193563732 0.240406085752123 -0.00799203678121631 -0.970179124772171 0.0298915897492015
1636513358.84154 24.6260153961506 -0.218547004627411 -0.931782991291099 0.292260870018218 -0.00630992920438093 -0.95587352321927 0.0291474914531135
1636513359.34188 23.9983396491519 -0.231067042103703 -1.5934412193307 0.348018503297997 -0.00785417249880104 -0.936997107276546 0.0292891497310352
1636513359.84206 23.3032068869494 -0.249310971311011 -2.1951487191299 0.403981024168054 -0.00607491057303681 -0.914353707807129 0.0268276833330081
1636513360.34231 22.5334728888545 -0.260949734846919 -2.68247915161296 0.455066531753184 -0.00761616080067062 -0.890049946875086 0.0258367536746278
1636513360.84257 21.7048479161469 -0.264142110486562 -3.11740545302552 0.496678680442104 -0.00668427134293209 -0.867562537156721 0.0245123037084909
1636513361.34282 20.8287851565679 -0.269216392367608 -3.48395446715017 0.531924551249318 -0.00771590175841147 -0.846397996484637 0.0246407829636045
1636513361.84326 19.9319104949712 -0.274819514302123 -3.81739284174454 0.560108275958382 -0.00569581920911281 -0.828099807997751 0.0222931568099813
1636513362.44357 18.8143868752165 -0.272497866398278 -4.14485662641606 0.584435266251048 -0.00659280128099748 -0.811097819838327 0.0226336295553523
1636513362.94382 17.8817915557301 -0.262675737280755 -4.37067482394309 0.606915004602258 -0.00621272307624738 -0.794424055852625 0.0224944158244594
1636513363.44408 16.9176166264484 -0.266505581968646 -4.53854090313539 0.629389488180381 -0.0069229773019066 -0.776742381477641 0.0221859723644929
1636513363.94434 15.9468486428823 -0.25991082146381 -4.65660174254404 0.648451685722233 -0.00680942368570778 -0.760923509770811 0.0214349087036622
1636513364.44462 14.9706667174054 -0.258377250425927 -4.73852348856855 0.664557041311176 -0.00671193254992025 -0.746913824223283 0.0209434474079995
1636513364.94487 13.9987921016276 -0.245209094461861 -4.78398279757756 0.68121734045544 -0.00639193561653217 -0.731749525481375 0.0210881525903544
1636513365.44511 13.029487074233 -0.241903586257648 -4.77317903144714 0.69764823201914 -0.00581159850630474 -0.716129875924193 0.0202773393760061
1636513365.94537 12.0617804125828 -0.234397240483905 -4.73152631044753 0.713272171028353 -0.00471420655270674 -0.700578580809571 0.0202543428411151
1636513366.54568 10.9128040546303 -0.218830486394409 -4.61260348970908 0.729714174760245 -0.00417353009926572 -0.683406170381895 0.0213497326549467
1636513367.04595 9.94616591017137 -0.210781407045974 -4.4887833619628 0.740682428432267 -0.00425308613353698 -0.671551845818173 0.0197375238625662
1636513367.54619 8.95465211360611 -0.208944631935599 -4.3350717177918 0.75144718035042 -0.00598577215097302 -0.65955437595274 0.0167131934934847
1636513368.04644 7.97847335015072 -0.196204453598004 -4.14924837786076 0.76112490487525 -0.0074734832711602 -0.648391031305436 0.0149029107596526
1636513368.54874 7.01403313615457 -0.17662267718844 -3.9265481774506 0.769529359306437 -0.00699666004653189 -0.638410624772145 0.0144043775171551
1636513369.04696 6.05486720256368 -0.15473560508937 -3.70127195908797 0.7778790169404 -0.00548201406531251 -0.628231340071526 0.0141267787396719
1636513369.64731 4.92987165405975 -0.134564748405865 -3.38489257889143 0.793835687185418 -0.00266546505448151 -0.607941022246496 0.0150170075841869
1636513370.14753 4.03785386730942 -0.113268403768375 -3.04867969525428 0.812448492062952 -0.0016731423088505 -0.582832281916789 0.015204587962771
1636513370.74784 3.01519489281523 -0.107720348152208 -2.56611614315349 0.838008523024648 -0.00245112641055527 -0.545459271245738 0.0144876060629547
1636513371.2481 2.21367705419649 -0.0790998517937029 -2.08314630436051 0.862503313704305 -0.00329991339398137 -0.505880057652409 0.0127480073062599
1636513371.74835 1.49675510575653 -0.0629772107132318 -1.52092554389442 0.89146090142432 -0.00331455981408955 -0.452986265876646 0.00948250241817321
1636513372.34866 0.772309633695787 -0.0430560082558244 -0.736274013591232 0.925188636754644 -0.0034690974779011 -0.37942056923357 0.0073473413725799
1636513372.84892 0.30507825534528 -0.0176105970391225 -0.0241356378428257 0.952015090464281 -0.00209657993384696 -0.306013231657512 0.00433288949711142
1636513373.44923 -0.089587952972473 0.0153734862467608 0.925711038459898 0.977035801478203 -0.00242523252540345 -0.213030293500888 0.00364073179025936
1636513373.94949 -0.2874764183989 0.0411579288642437 1.75614642334334 0.99054409557963 -0.0016090602838979 -0.137177913142907 0.00142330007083231
1636513374.54979 -0.343967273523725 0.0762507504327354 2.78760960285055 0.99805917553868 -0.000313358152373656 -0.062214395436797 0.00267449624265873
1636513375.05006 -0.333903846887162 0.10300331259493 3.67401639322644 0.999891128093618 -0.0001059635808404 -0.0146920065985893 0.00136589659157084
1636513375.55031 -0.25523700636587 0.137009428409242 4.57354265066105 0.999857575652005 8.53594765567117e-05 0.0167103264148051 0.00236349659725258
1636513376.05057 -0.180821482614052 0.159041888098738 5.42813805409607 0.999696978151208 -0.0011825340786946 0.0244554522777092 0.00254643719494828
1636513376.55085 -0.14054265334991 0.188699150320174 6.17304460187567 0.999728323810768 -0.00053826538412332 0.0232417519336102 0.00167624817534987
1636513377.05108 -0.0891329476141892 0.20094452740663 6.74982846248567 0.999744511316677 0.000616211693749417 0.0224372130020246 0.00266530449089734
1636513377.55133 -0.0687400407625924 0.214761995747705 7.1107648315237 0.999765705532984 0.000176038444054986 0.0215258309690479 0.00226752104582841
1636513378.05159 -0.0608303918487844 0.218076935496037 7.25401799315291 0.999765894092654 0.000153890310900339 0.0214857530462731 0.00254867473845673
