1636513330.06627 0.000180421764614053 0.000370630265429717 -0.000116484298939637 0.999999964372828 0.000258046663952118 -6.81197105719477e-05 -5.095876892379e-06
1636513330.53536 0.000349039078791608 -0.000419353148723711 0.00117320413669227 0.999999933437291 0.000336585312427945 -0.00014023364186448 1.30486128078062e-05
1636513330.87037 0.000111343688340815 0.000142113266628718 -0.000489166605903993 0.999999742140359 0.000709897679953698 -0.000108068892799606 -9.25279270550533e-06
1636513331.27234 -0.00018988801511699 0.00662101738531112 0.000498314506988146 0.999998985471242 0.00142364107892489 -4.79304675016156e-05 -2.28811380004681e-06
1636513331.80785 0.00608073757410765 0.14566100513999 0.000973976275213853 0.99999820665657 0.00187067497400651 0.000175078762990974 0.000237920598640466
1636513332.21003 0.0137911178245882 0.367063790904497 0.0049881353942129 0.999998243732463 0.00153064853134607 0.000943972822354749 0.00052779008552295
1636513332.61189 0.0203274236160324 0.682918566735372 0.0123660382488195 0.999998205925044 0.00135254512787268 0.00114610828203398 0.000667236222303177
1636513333.0138 0.0320180946263919 1.08110725314158 0.018700956605536 0.999998224372878 0.000544453556683454 0.00140287897596904 0.0011343509129333
1636513333.34882 0.0446782784389325 1.47238815093886 0.0323455315437454 0.999994540048111 -0.000736115216846605 0.00292188639930479 0.00135668280144149
1636513333.75066 0.0563869307871015 2.01068022669811 0.0426589088299618 0.999995960314026 -0.000733412914254114 0.00243752301789121 0.00126488839987804
1636513334.08569 0.0703590726042249 2.50968754551459 0.0487775290969905 0.999995606751917 0.000528495011405198 0.00272301330529455 0.0010451643064598
1636513334.42051 0.0841867314338664 3.05040347732607 0.0608170393440943 0.999996252799843 0.00139444448462209 0.00233346802527576 0.000323786698502213
1636513334.75538 0.100967124494722 3.62400370595878 0.0714861383333733 0.99999629706711 0.00186315142481705 4.12879741794421e-05 -0.00198313240591975
1636513335.1574 0.156239115774849 4.34929560179143 0.0942727429599104 0.999918530348586 0.00153811785383307 -0.000373083972656704 -0.0126660043952532
1636513335.55924 0.249325818958739 5.07391294512473 0.119215581018117 0.999329698711241 0.00140564884921836 -0.000325807289349202 -0.0365796565678568
1636513335.89414 0.359117647696508 5.67894471356941 0.138337329717168 0.997930362106534 0.00064466416188289 0.000437246726405233 -0.0642991882479198
1636513336.22926 0.510858933907463 6.27505700613866 0.155425594229519 0.995611855397549 0.00339506434570271 0.00238977290555188 -0.093486875631811
1636513336.63183 0.742250185636157 6.97034218511293 0.172431059127681 0.991299295988506 0.00467401174134321 0.00126097004239285 -0.131538090838689
1636513336.96671 0.973639921553104 7.53304023020593 0.186856670530861 0.985941397097924 0.00572470215499872 -0.000200601435542804 -0.166993260441535
1636513337.30107 1.2560989782083 8.06914013534382 0.207288830507624 0.979063167482767 0.00739498975399784 0.00424191527277781 -0.203378057715106
1636513337.70273 1.6271747565795 8.68440451152892 0.229873968703919 0.969922808887385 0.00994671169372144 0.00595912156366652 -0.243136374482874
1636513338.10491 2.03035369822554 9.29959166638464 0.259532057949521 0.96078199368427 0.0102648729187788 0.00492254738441175 -0.277071040571347
1636513338.43967 2.39879060416583 9.79001730548855 0.276393802759695 0.953729069576227 0.0097490631681361 0.00362099913272852 -0.300487447288383
1636513338.9086 2.9525668647137 10.4506823352819 0.31543440988666 0.944536529175649 0.0101389524192496 0.0052751934652142 -0.328207432930097
1636513339.24352 3.37594343980602 10.8900021814518 0.340431632078184 0.937456457265592 0.0130975052544734 0.0065509122119176 -0.34779438126046
1636513339.57843 3.81259873704047 11.3187442588056 0.363173337014463 0.929575757478711 0.0137668016204006 0.00624491336631847 -0.368321038413598
1636513339.91357 4.2655831374312 11.7280331183879 0.378265178071605 0.921227079556505 0.0145321551300817 0.0043868703922428 -0.388729005513134
1636513340.38232 4.94738372942901 12.256229054881 0.424330911622917 0.908180672600535 0.0132206486734082 0.00751010723812608 -0.418302137996886
1636513340.78429 5.54702063701405 12.6752232514286 0.45302220762403 0.896315652094791 0.0137156253897712 0.00637075202791948 -0.443158602476197
1636513341.1862 6.17791508198137 13.0493502006428 0.484065317869918 0.883470587760152 0.015239642689854 0.00907495176881186 -0.46815074399579
1636513341.52109 6.71025358617718 13.3425470741818 0.517045421165029 0.872364061111063 0.014932590971272 0.00895649578582459 -0.488546562562809
1636513341.85618 7.2584518300525 13.5993349250193 0.530492125539228 0.860945449952112 0.0178742938590635 0.0111237881526171 -0.50826145158071
1636513342.19104 7.81731847476849 13.8571451068558 0.562474638469409 0.849364308291068 0.0158590379591314 0.00984625684592544 -0.527476837351528
1636513342.52587 8.39408396197774 14.0679834579779 0.585585521735702 0.837818609550823 0.0202479244916981 0.0132226217564263 -0.545412835674034
1636513342.86086 8.97798202032802 14.2818377840806 0.599749418388599 0.827607136819572 0.0197904881437687 0.0129395121902714 -0.560809533343201
1636513343.19568 9.57828165255562 14.4686050199209 0.626967962767119 0.81735412386328 0.018955370222171 0.0132783747968564 -0.575670578461488
1636513343.79847 10.6685004288962 14.756199147448 0.673249072368622 0.799402387935548 0.0178830359155179 0.0136010624269814 -0.60037574092417
1636513344.20052 11.4067968939934 14.9046346360182 0.694510771267272 0.787008488514882 0.0191111489163854 0.0140602467246425 -0.616485776360379
1636513344.53536 12.0279643161187 15.0225643859589 0.712247258799459 0.776803544878119 0.0178515065379932 0.0112108919343904 -0.629390095474299
1636513344.93729 12.7774289178685 15.1195489109427 0.734831703146023 0.764675701942719 0.0188338681128987 0.0115127756115831 -0.644037120256304
1636513345.27243 13.4095465891285 15.1891772600439 0.756072589012275 0.754226654568276 0.0172421663734361 0.0109885388320225 -0.656295751358969
1636513345.60713 14.0383637264626 15.2315412781507 0.77309247975857 0.743238067605229 0.0163017899199539 0.00970607514735068 -0.668757967139895
1636513345.94222 14.6720474069015 15.2507073570244 0.798149302305871 0.73151224280896 0.0161607184048041 0.00938878034570808 -0.681572094942908
1636513346.27704 15.3001406793973 15.2312646212942 0.822265420363592 0.7192839089987 0.0183989111274344 0.0128255222811492 -0.694354120246356
1636513346.61204 15.9250851247751 15.203931364596 0.833476195769934 0.706030391850034 0.0198547873547793 0.0111406240851767 -0.707815484217586
1636513347.01392 16.6671030549242 15.1329289868132 0.864957740550987 0.688218112892276 0.0209150987184883 0.00992966219320704 -0.725134325171081
1636513347.41564 17.4020125896876 15.017257377299 0.887419664837809 0.669289667148219 0.0250019489167016 0.0111207918693699 -0.742497523219567
1636513347.81776 18.1336833379016 14.867579846202 0.905561828082555 0.648532553035569 0.0247824410707924 0.00946639697687963 -0.760724487311941
1636513348.21968 18.8532839862438 14.6576190129768 0.933821819002757 0.624820335157094 0.0269757547431239 0.00961738445876891 -0.780243143735584
1636513348.55463 19.4516263165913 14.4636542536098 0.949685124163636 0.604414347852942 0.0255869369950091 0.010892182408165 -0.796184630049528
1636513348.88969 20.0403442519903 14.2362980819614 0.975420665122417 0.584316102402167 0.0254054445455488 0.0113287755478196 -0.811049267742453
1636513349.29133 20.7198584605253 13.9133589192879 0.995017017109001 0.556682759469587 0.0231167373636236 0.0121943642954558 -0.830313928127438
1636513349.69336 21.378558076531 13.5619437224003 1.02002019194996 0.528842094209745 0.0247804542779286 0.0136024901532061 -0.848249338779149
1636513350.02844 21.9062673785049 13.2296132530595 1.04023994469051 0.505438018958674 0.0211551723710986 0.0112476283407461 -0.862530207314381
1636513350.36383 22.9936470737993 13.0396060021113 0.830747433717589 0.471371033507632 0.0268921330753389 0.0101145719066491 -0.8814668782114
1636513350.69808 23.4778009230069 12.6646613535004 0.845765941529578 0.44415557439902 0.0269217499125826 0.00932401940020125 -0.895496570498261
1636513351.09993 24.0111278690281 12.1398685393708 0.876941903805255 0.414511621040727 0.0264103274568162 0.0102060265231328 -0.909603456264553
1636513351.435 24.4273692625623 11.6835489645226 0.884134498800098 0.387633792071466 0.0276427023441589 0.00891055813752766 -0.921355808689067
1636513351.76986 24.8082521612495 11.1960639835309 0.90520864153495 0.359785404458635 0.0291722684973053 0.00881731133360856 -0.932537235991198
1636513352.10467 25.1602979838808 10.6960899725126 0.901604200440363 0.331046312420069 0.0306968367422514 0.00818055788940275 -0.943079594583465
1636513352.43976 25.4842488308573 10.1627876296753 0.909062515352821 0.301692291954896 0.0315318744420323 0.0106961931465832 -0.952823747248852
1636513352.84149 25.833782758284 9.49400381428977 0.921010883716226 0.265360495153004 0.0314906441030423 0.0131480524427385 -0.963545160157577
1636513353.17674 26.0828578052622 8.9196702627118 0.927532771792279 0.234109510923846 0.0351015155699581 0.0142323475578367 -0.971472110141451
1636513353.57855 26.3391122223286 8.22223546010841 0.928705137107621 0.196622465567568 0.0369533537048351 0.0139270578739236 -0.979683669733793
1636513353.91346 26.5082695614736 7.63387296092398 0.919197209981815 0.164608304022585 0.0386402494349673 0.0123775584976166 -0.985524141467904
1636513354.31537 26.6640451928919 6.9050512114756 0.922361912761792 0.125765095623503 0.0386777558938098 0.0136906661851331 -0.991211247707186
1636513354.65027 26.7600244476928 6.26260337514429 0.914847588129093 0.0945744012117602 0.0405241882810317 0.014210243983226 -0.994591143015831
1636513355.11918 26.8408276546808 5.37069988875453 0.916012315856719 0.0563080677396944 0.0386205745519135 0.0153732463836098 -0.9975477512502
1636513355.52113 26.8442098739299 4.61119575394843 0.922120651250642 0.0220940181769248 0.0377775413032787 0.0152338567946806 -0.998925743657173
1636513355.92316 26.8006448238078 3.84114321725127 0.913812000459825 0.0144839519612919 -0.03594502885665 -0.0136354137385421 0.999155766398942
1636513356.25806 26.7132732384023 3.21278980853159 0.899301608890963 0.0465273814571365 -0.034310792000527 -0.0132260582762877 0.998239973007248
1636513356.72685 26.5207767505764 2.33918653880016 0.894741115001768 0.0932879745430751 -0.0337151436962455 -0.0140330727980308 0.994969203422416
1636513357.12891 26.2780232529428 1.61218874321869 0.877402178949469 0.13312052892182 -0.0342225049210145 -0.0148951482117222 0.990396829304424
1636513357.46378 26.0410102374409 1.01689592040169 0.866679319120571 0.166054655721788 -0.0324763697560275 -0.0158812734988317 0.985453662975913
1636513357.79871 25.7568152614216 0.451274798160536 0.853043614405257 0.198568432909745 -0.0335367416195438 -0.0152748973989749 0.979393966656301
1636513358.13353 25.4429582406134 -0.0901285400526639 0.841981198597324 0.230683902588254 -0.0335260807701017 -0.0149992186635624 0.972335313785493
1636513358.46845 25.0969902274425 -0.601023517679931 0.81852089153583 0.26419382985766 -0.0332028256691319 -0.0138942843292781 0.963797770020093
1636513358.87031 24.6375113125976 -1.18253643723356 0.808223038238103 0.307099078195641 -0.0305648049193877 -0.015026337645184 0.951067904015586
1636513359.20549 24.2015207830885 -1.63029329508708 0.793245962738522 0.344456275915635 -0.0321260301428007 -0.0141616215585327 0.938145639356933
1636513359.60727 23.651959518127 -2.12026145623549 0.775884267712293 0.389374593764901 -0.0298152256154027 -0.0158316537724337 0.920460665531532
1636513360.00905 23.0405340647453 -2.56507608576389 0.755788293181838 0.433143569250544 -0.0303800040591909 -0.0167300261981752 0.900657432098171
1636513360.41128 22.3955799793965 -2.96222003721845 0.720941372203715 0.470269350697294 -0.0299938384897307 -0.0166130625093149 0.881856628710959
1636513360.74602 21.8308714148508 -3.24778502890672 0.705877447923042 0.497771775903557 -0.0288173529496846 -0.0166176005633686 0.866669876385645
1636513361.08092 21.2346533394036 -3.5269838835847 0.676518431441354 0.522329195069733 -0.0289835225772314 -0.015548512646297 0.852109389193258
1636513361.5498 20.3784128348044 -3.87348440303721 0.63145679236499 0.552160608075208 -0.0284868122250389 -0.0156477000620303 0.83310402345808
1636513361.95165 19.6360475908514 -4.14128537943184 0.611201678459291 0.571190346949447 -0.0274404750148766 -0.0167082020281834 0.820188663581565
1636513362.28675 19.0080306478298 -4.33406556016562 0.584360909955767 0.584340211522268 -0.0277187150022263 -0.0154713002671959 0.810887679586253
1636513362.62166 18.3724155672272 -4.49189445002324 0.55618383794619 0.598495885608425 -0.0274429775458818 -0.0148750018360208 0.800517515244721
1636513363.09044 17.4645381245156 -4.69246100177956 0.516014919534911 0.620276959059767 -0.0258695687777718 -0.0146711859610237 0.78381886668625
1636513363.42713 16.8154138183525 -4.78863384804433 0.49576148630888 0.634885805183583 -0.0274371698861532 -0.013944962668758 0.771992716352427
1636513363.82741 16.0348323342818 -4.89984561885256 0.465654026609052 0.650064292769828 -0.0267002346151475 -0.0142093296994674 0.759277029605566
1636513364.22912 15.2496873439557 -4.98074472004086 0.433577905208835 0.66317124646947 -0.0258075136442718 -0.0140723144954303 0.747890259369897
1636513364.63137 14.4655788887185 -5.03323690836742 0.408723349966866 0.676319338070359 -0.025384026005749 -0.0133656755184012 0.736049701374675
1636513364.96618 13.8111288218309 -5.05416904247056 0.384289326496819 0.687511629486911 -0.0251065469465441 -0.0128902749595318 0.725624738712883
1636513365.301 13.1542977088675 -5.05549506347505 0.360349588180431 0.698466138620954 -0.0243193293587093 -0.013186921865804 0.715108193570163
1636513365.70298 12.3709481731254 -5.03283658165665 0.339319186376765 0.711433168919082 -0.0235026130064589 -0.0124936954146543 0.702249514715751
1636513366.03768 11.7265581705029 -5.00065026270269 0.322414364547549 0.72137328740187 -0.0219759843867286 -0.0121340279599975 0.692091324681013
1636513366.50681 10.8215104425843 -4.91779034377803 0.291207007583572 0.733798858411205 -0.0217480941790941 -0.0104237543546142 0.678938584217413
1636513366.84184 10.167532512729 -4.84457181583387 0.26649016321176 0.741309913766328 -0.0213368379306372 -0.011584950820957 0.6707235943467
1636513367.17665 9.51694461081281 -4.74206814361661 0.246736058267714 0.748695135868634 -0.0226093363010233 -0.0116389108264694 0.662426559849051
1636513367.77945 8.34204193696205 -4.53972265419396 0.216038902264788 0.760761871245215 -0.0239202933904635 -0.0145630736463144 0.648426643275526
1636513368.18151 7.55907132835213 -4.38349135007087 0.192480633279322 0.767859050450261 -0.023515532484558 -0.0161290640544857 0.639983868286004
1636513368.5163 6.91087302622046 -4.22973785829573 0.174570171000617 0.773439461315836 -0.0234550641476653 -0.0154157812406096 0.633248460980396
1636513368.85139 6.26604487375277 -4.06978985092647 0.149810851397575 0.778820852013644 -0.0217956232802522 -0.0160138654956893 0.626663057301492
1636513369.25335 5.50388452194372 -3.84313881451483 0.126717261469457 0.787465276723047 -0.0198542427644928 -0.014092779696971 0.615877942907648
1636513369.6551 4.7613804627554 -3.5914359502667 0.101699857957979 0.79962451158924 -0.0180358345172833 -0.0138380112247276 0.600069878084443
1636513369.99009 4.16190380781616 -3.35462925153709 0.088263496173932 0.812360656155469 -0.0170895477645585 -0.0126870083236284 0.582766807143007
1636513370.32511 3.58178158809371 -3.08959514434476 0.0683337649784801 0.826008564404087 -0.0158286612752714 -0.011558889017406 0.563316693430983
1636513370.79373 2.78884598897928 -2.67501538389078 0.0472867597595103 0.846575070974007 -0.0153737813106162 -0.0153672168076515 0.531825295281406
1636513371.12888 2.26317351026868 -2.31994013109497 0.0480854662722895 0.862689881795344 -0.0159696205484 -0.0120395699267333 0.505337696816153
1636513371.53076 1.67489005296236 -1.8670689424743 0.0426247471179567 0.885179584547388 -0.01452276579403 -0.0152903292049888 0.464771339700512
1636513371.93265 1.15878354894646 -1.34772218054558 0.0340965404151468 0.908269410966785 -0.0139912929877666 -0.0101630609740366 0.418028268199913
1636513372.26759 0.769117629276762 -0.885577417705638 0.0382588816000444 0.926447030863928 -0.0131009112662627 -0.0117627666278091 0.376013167919244
1636513372.66947 0.374006948312633 -0.292543890232914 0.0306819544554722 0.948193429589485 -0.00989856652322667 -0.011718172433603 0.317323057622561
1636513373.07158 0.0869525420184227 0.350673752848403 0.0371999046840632 0.966533640402284 -0.00995991162477086 -0.00712816738054904 0.256247363617522
1636513373.4734 -0.141279431555867 1.00690455344201 0.0374847921078614 0.980936743668862 -0.00726889372338735 -0.00701688270078295 0.194064503352703
1636513373.94213 -0.306989214232178 1.8065463694029 0.0415589726091439 0.99225477502899 -0.00424922834874246 -0.00567998042220314 0.124016705781969
1636513374.34408 -0.373416793357686 2.51382663997707 0.0533811781633425 0.997364910145279 -0.00207067109168497 -0.00145870925320941 0.072503934372175
1636513374.88002 -0.378408947210079 3.4714819241939 0.0681377074711272 0.999794512677604 -0.000132368803288233 -0.000468940956216083 0.0202656110845866
1636513375.28201 -0.343597781145747 4.19854643609183 0.0788016372950342 0.999954763772408 0.000424956892616764 0.00200049249526475 -0.00928912537776415
1636513375.6168 -0.30957478565063 4.77993940039709 0.0858903720972607 0.999724613173015 0.00164906840071686 0.00381879449125356 -0.0230953501404311
1636513375.95191 -0.272813563092153 5.33392620256252 0.094107856086086 0.999648655263496 0.000375676688214896 0.00388108131070577 -0.026217591513514
1636513376.28687 -0.22591780142133 5.82845279079637 0.107014493035134 0.999674961011109 0.000255960860408317 0.00455807305777088 -0.025082479571924
1636513376.68867 -0.193134344244862 6.33708625908662 0.117936176758732 0.999708044406221 0.00193623561198214 0.00243296320731304 -0.0239615865746686
1636513377.15771 -0.150851645946405 6.78003234029376 0.129478052613839 0.999723865974459 0.00200324559441646 0.0036437872257943 -0.0231279403065787
1636513377.55948 -0.130927879801529 7.01344443643986 0.135882073992189 0.999733401397757 0.00157975456299409 0.00388408296321315 -0.0227056029368729
1636513377.89432 -0.124407827310243 7.09890810830013 0.136660292241943 0.999736365789408 0.00148688061085006 0.00382833114932083 -0.0225905286535674
1636513378.29622 -0.125130981461325 7.09875200787772 0.138116230505089 0.99973606892506 0.00268485857128198 0.00360944335728164 -0.0225290022719943
