1636513330.06627 0.000118492454611756 0.000341982067854962 -0.000516190888380047 0.999999960848541 0.000273186362067403 -6.05521883706197e-05 -2.35807599301802e-06
1636513330.53536 0.000475151457216973 -0.00047465608967151 0.000238203926255857 0.999999923533261 0.000372955558086888 -0.000115388201046369 2.28732726606394e-05
1636513330.87037 0.000232133943801886 -0.000176198087654456 -0.000717861381275859 0.99999973335029 0.000724115499873384 -9.46253610970828e-05 -1.46049950228916e-06
1636513331.27234 -0.000309329077251168 0.00589109836608798 0.00114786087097002 0.999999006075956 0.0014089345971301 -5.24435076319236e-05 2.82581060537637e-07
1636513331.80785 0.00505932596458831 0.14659302359835 0.000674366729438551 0.999998180523887 0.00187859733638927 0.000201337463517595 0.000263218898118278
1636513332.21003 0.0108581584999423 0.370984956421292 0.00458480203056486 0.999998238738827 0.00151293721736303 0.000959477237328872 0.000559413667828253
1636513332.61189 0.0151748967616833 0.691388137674373 0.0109247121465895 0.999998090603534 0.00135632500292206 0.00119691134119135 0.000739307117605051
1636513333.0138 0.0230243183594386 1.0959981466894 0.0175151866203384 0.999998113544353 0.000511166396800114 0.00143166961866631 0.00120910659258646
1636513333.34882 0.0330725336746027 1.49472250683338 0.0305855945558369 0.999994297367429 -0.000788781294150719 0.00294292245471596 0.00145679927138281
1636513333.75066 0.0395542229231738 2.04343967418724 0.0407300892406211 0.999995744804213 -0.00079609247357407 0.00244138772963407 0.00138428183357835
1636513334.08569 0.0492529513209417 2.55212866610156 0.0461086977508407 0.999995397487533 0.000475546061556851 0.00274647670849135 0.00119821758668383
1636513334.42051 0.0578809204412028 3.10415204187575 0.0578949665723996 0.999996133899997 0.00135933422360653 0.00237675509186236 0.000485212078800839
1636513334.75538 0.0688258527130846 3.69058120278481 0.0686458265939951 0.999996623517733 0.00185684232257056 9.78824639420276e-05 -0.00181535361442205
1636513335.1574 0.118677511143929 4.43207666046297 0.0919994087653719 0.999920161765089 0.00156331758902374 -0.000341301721058517 -0.0125343387113125
1636513335.55924 0.20917992631216 5.17328942180928 0.11653049776696 0.99933311165361 0.00157588546963573 -0.000276216009103842 -0.036479751128756
1636513335.89414 0.317267917352882 5.79380667207481 0.136391197445071 0.997930656046741 0.000933982483689913 0.000461033388348584 -0.0642909079657189
1636513336.22926 0.470239268098077 6.40307853854688 0.153551869974211 0.995608814561385 0.00382820199994987 0.00247388189596928 -0.0935003376757809
1636513336.63183 0.703278363762756 7.11465469473789 0.171093319617678 0.991282993283286 0.00531910516274406 0.00133952404052711 -0.131635633560758
1636513336.96671 0.938128246756963 7.69179671551504 0.18523786943247 0.985905709139878 0.00659472153719768 -0.000113456175831836 -0.167171856067156
1636513337.30107 1.22876917778731 8.24391948255893 0.204025709794085 0.978999208785012 0.00846678682165997 0.0043387052938576 -0.20364193663293
1636513337.70273 1.61016288013619 8.87906008096496 0.225045517165527 0.969821253751267 0.0113103986244429 0.00609412117277422 -0.243478278995086
1636513338.10491 2.02031266009503 9.51260336771838 0.255897112723334 0.960634614850769 0.0118354704034894 0.00504289712928984 -0.277516896025064
1636513338.43967 2.39518071142495 10.0177986102647 0.273549782639553 0.953549128957615 0.0114821939898797 0.00373072637280906 -0.30099551419595
1636513338.9086 2.95976008346269 10.6970627097037 0.313672361526989 0.944329796719663 0.0120575128181392 0.00541162683816292 -0.328734795400495
1636513339.24352 3.38988679600766 11.1478158552387 0.339949193583985 0.937215565837446 0.0151296353190569 0.00673154786004747 -0.348357235536334
1636513339.57843 3.83363382357469 11.5868844625181 0.364038045265651 0.929312095851565 0.0159555637199234 0.00645022976818628 -0.368894081039922
1636513339.91357 4.29293544528395 12.0063283143311 0.381737394561388 0.920936799280467 0.0168631797316171 0.0046090208279496 -0.389319665348921
1636513340.38232 4.98807657935038 12.5501602123889 0.429990846608728 0.907830356376855 0.0156842662640242 0.00769250153986796 -0.418973594934681
1636513340.78429 5.60032517990221 12.9827933012545 0.460949289108564 0.895915040228757 0.0163608309463402 0.00655884701056311 -0.443875596793226
1636513341.1862 6.24568402264435 13.3699580042948 0.493106514115676 0.882992806557685 0.0180203550895056 0.00925337843631287 -0.468949192724911
1636513341.52109 6.78784666342846 13.6721663732321 0.528655213934383 0.871831468716793 0.0178248390131629 0.00912055382668664 -0.489396547563599
1636513341.85618 7.34576197846593 13.9363997464495 0.543376044398549 0.860349623272717 0.0208745020962804 0.0113272581263974 -0.509150738112069
1636513342.19104 7.91644792100802 14.2040371921733 0.577985214653297 0.848715530682751 0.0190094718430006 0.0100512390591667 -0.528412301665586
1636513342.52587 8.50883128963928 14.4225674444262 0.601817811353155 0.837105467567478 0.023501232056007 0.0134636947650189 -0.546370622548247
1636513342.86086 9.10741251320495 14.6456658822177 0.618422588760187 0.826842519451928 0.0231670029128261 0.0131692582875934 -0.561801841077956
1636513343.19568 9.72420670052026 14.8410296815807 0.648450274715165 0.816539745833898 0.022453473066785 0.0134915960338323 -0.576694600163043
1636513343.79847 10.8447193389373 15.1428483731214 0.698261523875591 0.798476801783863 0.0215550554336411 0.0137478878040681 -0.601482478696756
1636513344.20052 11.5999706345052 15.2989775549988 0.7215663508534 0.786000982380277 0.0229148752924329 0.0141943625383264 -0.617637340402685
1636513344.53536 12.2318435422316 15.4235715969099 0.743402146871713 0.775721749234871 0.0217438394207574 0.0113246811026117 -0.630598703462955
1636513344.93729 12.9939203241427 15.5269528490817 0.768390823618006 0.763506077532034 0.0228556010467806 0.0116231942770751 -0.645291401172552
1636513345.27243 13.635828985785 15.6016802779976 0.792948325758527 0.752991563632026 0.0213518912937704 0.0110707557987723 -0.657590480620895
1636513345.60713 14.2742976058468 15.6485200466892 0.8130961744614 0.741922971842954 0.020509677591832 0.00977629807061495 -0.670100052956895
1636513345.94222 14.9178265171673 15.6715335882295 0.840460246784094 0.730127932666226 0.0204569605234849 0.00943803297571482 -0.682938971094953
1636513346.27704 15.5562824187982 15.6532624913374 0.866044812020335 0.717838814149747 0.0227725731158091 0.0128868883479681 -0.695717453369166
1636513346.61204 16.190685060937 15.6284519305781 0.879656377224141 0.704487633116922 0.0243306623731105 0.0111859862511752 -0.709210876513743
1636513347.01392 16.94432604868 15.5587213210541 0.913136700002184 0.686576026533604 0.0255516983932204 0.00994914004878268 -0.726540766310355
1636513347.41564 17.6890751223627 15.4437294490285 0.93725489512105 0.667515676975754 0.0297500854456837 0.0111529700017368 -0.743917579216754
1636513347.81776 18.4300163557891 15.2948465263895 0.958282919725363 0.646632652551412 0.0296703384517584 0.00948059795736287 -0.762165337661622
1636513348.21968 19.1589596942433 15.0848381822342 0.988255125471342 0.622752241936352 0.0319780229110716 0.00962358324754969 -0.781706107088479
1636513348.55463 19.7654760519819 14.8892163643104 1.00518700847905 0.602249207122075 0.0307049445410243 0.0108539632424958 -0.797643586060525
1636513348.88969 20.3631822367373 14.6592920383324 1.03221330391197 0.582053020591416 0.0306752810382865 0.0112969502831756 -0.812493499831187
1636513349.29133 21.0541447882574 14.3321136363988 1.05207840935626 0.554311866850062 0.0286559437554637 0.0121517633548998 -0.831726833644346
1636513349.69336 21.7255673167257 13.9759210287922 1.0756717837358 0.52633330500839 0.0305396210592606 0.0135593883819714 -0.849621519602234
1636513350.02844 22.2620238267799 13.6414988370666 1.0973370640769 0.502796086557508 0.027130896296511 0.0111779740353991 -0.863906859971066
1636513350.36383 22.8128979111442 13.2722098146913 1.09734553039337 0.473719432148104 0.0302950104418127 0.0130213388036945 -0.880058268913694
1636513350.69808 23.3090620101546 12.8980428965589 1.10841350958395 0.446467097192452 0.0304532710638978 0.0121656340302184 -0.894198930190983
1636513351.09993 23.8566748362579 12.3740521328139 1.13709386688744 0.41674339567451 0.0299038995026111 0.0129764058654122 -0.90843949267248
1636513351.435 24.2810254465023 11.9191285676022 1.14028739124019 0.389846620253283 0.0312427936288155 0.0116315354551863 -0.92027615850152
1636513351.76986 24.6716161078905 11.4332518918737 1.15797927578775 0.361911387673575 0.0327865483617735 0.0114891482587806 -0.931564914104753
1636513352.10467 25.0321018665959 10.9346794444401 1.14947997708489 0.333101371784669 0.0343826427843457 0.0108045905252896 -0.942201979839735
1636513352.43976 25.3655485893855 10.3993823928166 1.15105732717269 0.303668326649377 0.0351980064068528 0.013254945990092 -0.952035164340976
1636513352.84149 25.7261526007856 9.72661069004768 1.15596942791051 0.267265860096674 0.0351643991254841 0.0155731700636853 -0.962855078106304
1636513353.17674 25.9811102648246 9.15021043213517 1.15756539254872 0.235982813072092 0.0388267316296463 0.0166398141962216 -0.970838664984587
1636513353.57855 26.2465362256547 8.44906633750312 1.15318086656382 0.19840887695021 0.0407245041217955 0.016251539320375 -0.979138049399118
1636513353.91346 26.4237271041363 7.854648675686 1.13846721231223 0.166316582029009 0.0424458502622568 0.0146052865853154 -0.98505016620549
1636513354.31537 26.5876640068845 7.11702421252706 1.13667737633542 0.127387395857502 0.0424953450043619 0.0158041096340413 -0.99081624287669
1636513354.65027 26.6885573663924 6.46816126028119 1.12440580151611 0.0961678077764623 0.0443801715044642 0.0162530197718081 -0.994242421380722
1636513355.11918 26.779468667747 5.56639804502914 1.1208570133903 0.0578072028740702 0.0425031551910911 0.0172490004820247 -0.997273423428625
1636513355.52113 26.7903878380578 4.80008413697184 1.12295213570771 0.0235088973057914 0.0417027287840634 0.0169872944134379 -0.998708989640095
1636513355.92316 26.7525887470282 4.026499656978 1.11043393498928 0.0131257709027143 -0.0399349620706736 -0.0152524372169159 0.998999637688406
1636513356.25806 26.669669946557 3.39457477457556 1.09181964091643 0.0452100667273637 -0.0383354163601851 -0.0147066723216614 0.998133337539741
1636513356.72685 26.4829504873205 2.51644384461813 1.08101942732295 0.0920576526223919 -0.0377756373243816 -0.0153367411684605 0.994918677173528
1636513357.12891 26.2437983965778 1.78318257973125 1.05784156695981 0.131977882257541 -0.0382703429971371 -0.0160683750196513 0.990383272660602
1636513357.46378 26.0104318887334 1.18324446892153 1.04349698537366 0.164992612880481 -0.0365140490095516 -0.0169286461280908 0.985473278612906
1636513357.79871 25.7281215988757 0.614296193477274 1.02492328798497 0.197557998001391 -0.0375882571664597 -0.0162229046936756 0.979435948754267
1636513358.13353 25.4160174933471 0.071269809378617 1.01038062165906 0.229705482550666 -0.0375518978999202 -0.0158867235564262 0.972405706618859
1636513358.46845 25.0719741131891 -0.440956863717489 0.98172257688513 0.263248168984629 -0.0372424819605781 -0.0146506776901265 0.963897689958263
1636513358.87031 24.6150429352265 -1.024360732938 0.965977939317532 0.306210169840115 -0.0345866718414974 -0.0155990586325538 0.951207529084581
1636513359.20549 24.1807769345669 -1.47377528979814 0.944072736519334 0.343639226069431 -0.0361848371844587 -0.0145629877787162 0.938291350941324
1636513359.60727 23.631905778451 -1.96696345306656 0.919959173015194 0.388608829708985 -0.03384249625411 -0.0160017154006638 0.920642062923338
1636513360.00905 23.021384528255 -2.41526281026552 0.892624062232254 0.432451324736154 -0.034383122157945 -0.0167236198725117 0.90084625390961
1636513360.41128 22.3783288546478 -2.81605109079839 0.851372070994736 0.469651267376181 -0.0339532549385683 -0.0164679900513141 0.882045162582219
1636513360.74602 21.8167015092451 -3.10414979613256 0.831280102465697 0.497223932941161 -0.0327279269080476 -0.0163512063471013 0.866850553072339
1636513361.08092 21.2255038033866 -3.38505862497061 0.798101453476332 0.521840341926766 -0.0328718650470648 -0.015233505401562 0.85227345279509
1636513361.5498 20.3754690839283 -3.73083165174139 0.747887158476213 0.551647717989461 -0.0323283882797859 -0.0152767791865824 0.833310440691784
1636513361.95165 19.6370482902641 -3.99875914261553 0.72453259279614 0.570619885104655 -0.0312431112597025 -0.0163025482730263 0.820457824413766
1636513362.28675 19.0125169330429 -4.19242866524473 0.694202035076914 0.583733379999181 -0.0315111998856711 -0.015050153908599 0.811194106378876
1636513362.62166 18.3796455214216 -4.35278332286359 0.662504200451476 0.597884562361317 -0.0312102532311731 -0.014420962501442 0.800844557966023
1636513363.09044 17.4761693191092 -4.55798803722099 0.618665969356244 0.619699479699706 -0.0295850997687881 -0.0142054296680582 0.784152716312027
1636513363.42713 16.8270883776629 -4.65804444939411 0.594084504630416 0.634321170237523 -0.0311195704595312 -0.0134740026131925 0.772325499110636
1636513363.82741 16.0476899917114 -4.77262748637022 0.561216888560184 0.649491558674811 -0.0303532183865403 -0.0137423622363732 0.759638430323208
1636513364.22912 15.263417659194 -4.85565820026932 0.525016724357918 0.662553244972931 -0.0294084423209415 -0.0135830866914742 0.748313998834732
1636513364.63137 14.481633279609 -4.91025155449485 0.496633892511658 0.675673637443003 -0.0289410661734249 -0.0128895621045508 0.736519795757073
1636513364.96618 13.8275871875421 -4.9324614918477 0.469031310264476 0.686824876125364 -0.0286178854966271 -0.0124207817420131 0.72615310392919
1636513365.301 13.1715833414633 -4.9355915302879 0.442856835771315 0.697743948808391 -0.0278232617933185 -0.0127254551186628 0.71569358722604
1636513365.70298 12.3891218194011 -4.91611630461416 0.418047829025646 0.71068488966771 -0.0269543061939609 -0.0120229864463247 0.70289110164556
1636513366.03768 11.7456688308406 -4.88593479271594 0.39803491176067 0.720589068338264 -0.0253948070284088 -0.0116374892061271 0.692799442271975
1636513366.50681 10.8404205068467 -4.80504757877579 0.361782225745778 0.732953090430002 -0.0251221185856946 -0.00992364292890298 0.679742721695419
1636513366.84184 10.1860253719816 -4.7344688513268 0.334896078708682 0.740420604844878 -0.0246863119957432 -0.011103093549528 0.671598567028566
1636513367.17665 9.53371563846586 -4.63462642752804 0.309893305107313 0.747771066095197 -0.0258930798348148 -0.0111515537726841 0.663357840065207
1636513367.77945 8.35511195734849 -4.44124827499365 0.27282399351222 0.759817975166645 -0.027109258177279 -0.0141008471077926 0.649417353360364
1636513368.18151 7.56962008271748 -4.29051318997387 0.24539311636285 0.766882006181249 -0.0266579001388327 -0.0156621761581073 0.641042932410617
1636513368.5163 6.91945950934026 -4.14254524308662 0.2236389951286 0.772462156416267 -0.0265739909870727 -0.0149478108883414 0.634328466062651
1636513368.85139 6.27238913575763 -3.98767019647961 0.195848349206278 0.777815368839958 -0.0248861014680952 -0.0155313808746656 0.627807860860476
1636513369.25335 5.50883845532466 -3.76754231302594 0.169171962955548 0.786464337715246 -0.0229271945758558 -0.0135910567887007 0.617060347475322
1636513369.6551 4.76484704692407 -3.52144693489037 0.140228594204605 0.798616623416706 -0.0210565782439365 -0.0133044114139771 0.601324456472613
1636513369.99009 4.16310039063862 -3.28960372980405 0.123697411778888 0.811376602317171 -0.0200694004122645 -0.0121344337415625 0.584053065994099
1636513370.32511 3.58222926157706 -3.02975325093711 0.101137171817632 0.825065448946595 -0.018766269098298 -0.0109931995027918 0.564618439004055
1636513370.79373 2.78568879310734 -2.62173314939093 0.075851647801358 0.845688510253962 -0.0181403839319798 -0.0147887603607719 0.533163354575525
1636513371.12888 2.25826745378609 -2.27010912858064 0.0729714998640651 0.861846392504632 -0.0186418068588597 -0.0115433458970655 0.506695204170406
1636513371.53076 1.66664374697466 -1.82322078093471 0.0639991783030617 0.884464052005268 -0.0169258286937823 -0.0148294395659811 0.466065386781308
1636513371.93265 1.14743376498874 -1.30557032185234 0.0496313115191198 0.907660546337374 -0.0161811705471682 -0.00969758638194207 0.419280883371313
1636513372.26759 0.753309958243312 -0.845063435054638 0.0510039406212005 0.925950615086054 -0.0150389916123262 -0.0113544379159682 0.377174182431214
1636513372.66947 0.353403754450024 -0.252860411344985 0.0389463997299291 0.947841029999798 -0.011456678568126 -0.0113075252718691 0.318336718330348
1636513373.07158 0.0601075929894263 0.393914657602848 0.0397954628192247 0.966316984528547 -0.0111394203901037 -0.00681008282854971 0.257023387062143
1636513373.4734 -0.173393402442395 1.05078760168937 0.0362775780707028 0.98083101500163 -0.00804541478958781 -0.00673153119473861 0.194577690909082
1636513373.94213 -0.339819504323637 1.85029679453115 0.0381288978772296 0.992203597055099 -0.00468373484694298 -0.00534551685835972 0.124424716468724
1636513374.34408 -0.406914412214801 2.5610432588342 0.0493369992125713 0.997334585214413 -0.00238004940806519 -0.00119887726057503 0.0729151780723655
1636513374.88002 -0.418199016830111 3.53006362584595 0.0627089652383886 0.999788363372949 -0.000203615321788952 -0.000271601356770012 0.0205697165158741
1636513375.28201 -0.390814764986433 4.27065224605443 0.0717765635966709 0.999956165990326 0.000467343317468592 0.00211056468088003 -0.0091100606407615
1636513375.6168 -0.363922467987051 4.86542538989426 0.07877092115278 0.99972601846187 0.00169068850930605 0.0038318412210641 -0.0230292547773024
1636513375.95191 -0.332239380890156 5.43408533658141 0.0862201369534623 0.999649488517895 0.000436319133161648 0.00387897792861174 -0.026185172555362
1636513376.28687 -0.290122049354646 5.94177389855333 0.098920224788745 0.999675068285383 0.000292834591117413 0.00451790942353151 -0.0250850670909767
1636513376.68867 -0.262627556165097 6.46389448004262 0.109591350788266 0.999707805532828 0.00202541081038633 0.00243226241949891 -0.0239642518620667
1636513377.15771 -0.223478767163364 6.91885598428611 0.120769260654628 0.999723528492019 0.00207292088305817 0.00361504723732355 -0.0231408947958325
1636513377.55948 -0.205240492556274 7.15890758281616 0.126908275291368 0.999733199811013 0.00165550310056467 0.00386596187136188 -0.0227121739145793
1636513377.89432 -0.199561550556017 7.24677998541312 0.127654621104472 0.999735937142369 0.00156410012888732 0.00379476680895471 -0.0226099385607737
1636513378.29622 -0.199829188112266 7.24609796312319 0.12899938348195 0.999736251005267 0.00277806754652246 0.00360126943173219 -0.0225109223516326
