1636513329.82628 2.00080858608344e-05 -0.000349786477959848 0.000440272075316796 3.22691435700491 -4.39866811914926e-05 3.5206007008103e-06 -1.35855503379918e-05
1636513330.32653 0.000723311224555218 -0.00073677386559348 -0.000375588244499104 3.22691416261401 0.00109600447624311 -4.1734080087561e-05 -0.000231796946288981
1636513330.82679 -0.000385083771568377 0.000149817917548986 0.000541626324288208 3.22691357135107 0.00223803777986467 7.83833732216524e-05 -0.000240102954003254
1636513331.32706 -0.00018430758322246 -0.000681658149138769 0.0112005111804495 3.22690903014273 0.00586095792556687 -3.8734530719457e-05 -0.000168615908795551
1636513331.82731 0.00227644773485103 0.00472698826867101 0.15434077676748 3.22690865436183 0.0059787740217028 -0.000613838751597101 0.0008267067827432
1636513332.32756 0.00429027342079408 0.014540942748793 0.452379954610023 3.22690917884731 0.00409341636400682 -0.00178491719402334 0.00367138397732265
1636513332.82782 0.00390046141372042 0.0256499856480395 0.887080135886966 3.2269092028758 0.00407726128962151 -0.00288603634929111 0.00288317642013479
1636513333.32807 0.0094250959265654 0.0385957424268103 1.45015676866754 3.22689771089863 -0.0023428081716111 -0.00385173350873707 0.00933318660681282
1636513333.82834 0.00850698380070059 0.0554192517259331 2.12944693335422 3.22690081740196 -0.00190744783623367 -0.0036307990601957 0.0084001885535795
1636513334.32859 0.00770833692495406 0.0782436021448106 2.90596964360454 3.22690734159336 0.00298167483038082 -0.00154680544472705 0.00583055359161114
1636513334.82886 0.0207120412232287 0.103059697472937 3.76225386771674 3.22689381705232 0.00568648841895334 0.00996058152523745 -0.00100683209821443
1636513335.32911 0.100171145704903 0.116423823170853 4.66814337939332 3.22614960834052 0.00421218168445538 0.0701169001158493 -0.000923051543462377
1636513335.82937 0.246140286728684 0.132846584912121 5.5572057937843 3.22136841252457 -0.00214383861065746 0.188700139197699 -0.0122262744904068
1636513336.32962 0.488490725821341 0.151155954924535 6.42856111755607 3.20993409633834 0.00694480807028343 0.330310623511551 -0.0120842201671628
1636513336.82988 0.821691600714195 0.175615218350501 7.26634919088246 3.18915399300203 0.00717318698283761 0.491707481341473 -0.021103949317376
1636513337.33014 1.24326737086979 0.189533125644367 8.05310847363334 3.15739757755971 0.0118001532570176 0.66590113854869 -0.0159134175766575
1636513337.83039 1.72618977226963 0.206123688777363 8.79589960600097 3.12034631171109 0.0153687479630418 0.822100234251947 -0.0181706080299273
1636513338.33065 2.24902695210424 0.220164674187235 9.53247620376391 3.08500848965285 0.0154150149989021 0.945740204493836 -0.0321983114867399
1636513338.8309 2.83248310781752 0.227103782119879 10.2385000127143 3.05290763472691 0.0123651681772675 1.04472497504456 -0.0335867911004136
1636513339.33115 3.46111720062963 0.230381691874679 10.8884742292868 3.01881078877498 0.0217700348062537 1.13937331764182 -0.0333496594047488
1636513339.83142 4.12166320960808 0.234846175430683 11.506447160034 2.97920968005995 0.0234250521469493 1.23891913888329 -0.042621427168757
1636513340.33168 4.84178825816427 0.238696036285315 12.0666853613244 2.93511959447124 0.0183940987824398 1.34021650439236 -0.0391230649554911
1636513340.83194 5.58958455321522 0.236117342280289 12.5784184469509 2.88742336319776 0.0167438579819577 1.4399686870485 -0.0444118765161001
1636513341.3322 6.36667018388778 0.238499880566799 13.0299831854451 2.83555736283835 0.0166278885907121 1.53957389366927 -0.045016118030209
1636513341.83245 7.18082496024611 0.235059723165217 13.4159943838371 2.78075903455268 0.0269548990484539 1.6364819544916 -0.0394424564457207
1636513342.3327 8.01454899421384 0.22391982284849 13.7783049368855 2.72533377494095 0.0222330342622531 1.72714620902883 -0.0447632613551141
1636513342.83314 8.8802586155796 0.231437948726636 14.0875196998731 2.67347109699571 0.0300396621240619 1.80634737132355 -0.0416576033482197
1636513343.33341 9.77210882313226 0.225964607518002 14.3713468075514 2.62402723169403 0.025643760388315 1.87743520030952 -0.0451311765443424
1636513343.83367 10.6717545857746 0.213050693216946 14.592171018829 2.57611558971317 0.021222162709119 1.94268191135265 -0.0462747136799903
1636513344.33391 11.5850922313175 0.214988975913296 14.7797118858937 2.52611740637565 0.0219797406030348 2.00707753099411 -0.0535144313600244
1636513344.83725 12.5159607900523 0.208778925047243 14.927233018011 2.47736445941391 0.0205878118029541 2.06673848675603 -0.0617233681485714
1636513345.33442 13.4472117051744 0.200494035837343 15.0316375204994 2.42759412519686 0.0139035096613685 2.12487263495914 -0.0669776866338956
1636513345.83468 14.3859469173301 0.187903376198097 15.0757058359311 2.37339383455485 0.0109397012429771 2.18517952742138 -0.0696328338388742
1636513346.33494 15.3182713681132 0.173273712605829 15.0576544376728 2.31401588474226 0.0189939697243478 2.24812332325667 -0.062349877948347
1636513346.8352 16.2429586397901 0.16129311064746 15.0045165628211 2.24730922750179 0.0182865652968349 2.31443864541932 -0.074945738242775
1636513347.33547 17.1502969643426 0.141387776555674 14.8692669815947 2.17204678485572 0.03453221234532 2.38501843533753 -0.0753898095554758
1636513347.83571 18.0517451855178 0.120954610536475 14.6832118053873 2.08965592937601 0.0340602944936912 2.45727541735656 -0.0833773709950867
1636513348.33596 18.9339776772563 0.0992720240994131 14.4091590372773 1.99341309852212 0.038244746398738 2.53576838370983 -0.0877298795575202
1636513348.83622 19.8107684988397 0.0647862088195784 14.0887127739076 1.89551365267638 0.032354433470702 2.60994214935444 -0.084613413543941
1636513349.33648 20.6422611326502 0.0343498480809723 13.6831789412071 1.78546983942526 0.0246413166241712 2.68651485434262 -0.0842879884114132
1636513349.83674 21.4456603448786 0.00101421134244049 13.2337905124151 1.67604116599691 0.0204353397967407 2.75600993847199 -0.0886222059697008
1636513350.33699 22.7588307859223 0.206193710296011 12.8688459601387 1.52848570754042 0.0333896908850527 2.83999536332481 -0.100095835363358
1636513350.83759 23.4539569164039 0.170921928505929 12.2851756582519 1.40397408033295 0.0303666248578827 2.90346049341139 -0.104058073321869
1636513351.33751 24.0751126397328 0.122230510086642 11.6161434116225 1.27628374289835 0.0346028948947927 2.96154969244138 -0.110009708911863
1636513351.83794 24.629708169252 0.0721862568534047 10.8920428279738 1.1424051710541 0.0401560044944688 3.01555488498002 -0.112707256648686
1636513352.33819 25.1215334348399 0.0459247046962275 10.1273642522662 1.00203011395168 0.0419195742012437 3.06509455480778 -0.111130732458002
1636513352.83845 25.5406620037915 0.00497660215534764 9.29789810557354 0.857158334609835 0.0430296864419516 3.10901225073541 -0.102211202159804
1636513353.33938 25.8758952011067 -0.032987529967402 8.43858816044892 0.706927304421095 0.0574058070296809 3.14644419361889 -0.0991139021599745
1636513353.83898 26.1392994819062 -0.0639632169735441 7.57607324599667 0.554170836818967 0.064181868589082 3.17653339554776 -0.106710954966213
1636513354.33923 26.3164886847833 -0.0983059825451116 6.67841023465781 0.398273948014679 0.0655099348731292 3.19988280636848 -0.103983680687355
1636513354.83968 26.431510710902 -0.127285936428115 5.7295036491372 0.254834193654986 0.0682003389164494 3.21447946128594 -0.102500292989542
1636513355.33974 26.4658328855492 -0.177954069527378 4.79639025872182 0.122517178813465 0.0596522716582751 3.22246166149872 -0.100738558301858
1636513355.84163 26.4167201596432 -0.218180642197013 3.84985158029206 0.0231906704460919 -0.0568930468004165 -3.22461320380364 0.105220385199122
1636513356.34026 26.2742458449972 -0.252290436632171 2.92594479046324 0.176766640885586 -0.0486252614245033 -3.21997064731309 0.105614575886734
1636513356.84052 26.0271377971216 -0.286347395593887 2.01581314685715 0.337797824375677 -0.0504923575873627 -3.20711411275428 0.103626681027934
1636513357.34077 25.6895438597898 -0.315932791726972 1.13439299490277 0.497551259247862 -0.0469271629447324 -3.18650903766088 0.0968349538161384
1636513357.84168 25.2620490591098 -0.342355123524295 0.30695166557012 0.653564418513113 -0.0493335515024292 -3.15814075697625 0.0976881786681359
1636513358.3413 24.7668325130129 -0.366346363760333 -0.461166956895416 0.811872827454328 -0.0477348692895479 -3.12117953536903 0.0989872308178477
1636513358.84154 24.1963541097782 -0.3903388281503 -1.17213960217716 0.980756505349042 -0.0408277135125442 -3.07253520047906 0.094622864140625
1636513359.34188 23.531719640527 -0.407040049942064 -1.80544676725842 1.16125360882353 -0.0450094027069818 -3.0089525332856 0.0929792002154929
1636513359.84206 22.8092322687985 -0.424619919597592 -2.35443444057328 1.34042691959436 -0.0394266239320822 -2.93389172878492 0.0834074810539368
1636513360.34231 22.0140414523867 -0.424913351766997 -2.83722121696059 1.49937055365378 -0.0424247949144248 -2.85598280163108 0.0801659901463457
1636513360.84257 21.1686992436809 -0.428196628716143 -3.25419876560436 1.63033110168201 -0.0392199896928859 -2.78345655563986 0.0763424111389613
1636513361.34282 20.269100597035 -0.423123313224425 -3.62618049349598 1.74112968213009 -0.0432237712705743 -2.71545379427369 0.076720899001192
1636513361.84326 19.3583214774402 -0.417441787209858 -3.97965374696685 1.82789874290815 -0.0368343655288769 -2.65811906823136 0.0693448186379861
1636513362.44357 18.2384157572334 -0.414808416620134 -4.31674666152382 1.90594878005975 -0.0393649108889393 -2.60262374292958 0.0716629185484004
1636513362.94382 17.2812043836838 -0.397195428627812 -4.54076615071096 1.98006126038995 -0.0363863031563501 -2.54674367780453 0.0714587376353658
1636513363.44408 16.3206545302923 -0.388404859075379 -4.69610552952639 2.05106148074509 -0.0414183399647445 -2.48986213741332 0.0706691557197334
1636513363.94434 15.3506676224813 -0.374130448300225 -4.8347306760199 2.11005073708503 -0.0391547568069718 -2.44017869656373 0.0682421450357654
1636513364.44462 14.3778224314752 -0.363259619263416 -4.92669216027607 2.16212008006723 -0.0383294147366605 -2.39422710606637 0.066486460947083
1636513364.94487 13.4078962216177 -0.349017791424123 -4.971296110116 2.21625073727285 -0.036881906851985 -2.34421101124466 0.0672562177052884
1636513365.44511 12.4316548152797 -0.33555243661877 -4.9776088556755 2.2693656908506 -0.0350193743899869 -2.2929367735183 0.0645772934647002
1636513365.94537 11.4688614210385 -0.324787048145217 -4.94274708264217 2.31926630109932 -0.0297739899506106 -2.24254446583813 0.0639368627824376
1636513366.54568 10.3165240427212 -0.306190801666838 -4.84941645357083 2.37060278544163 -0.0285181840545929 -2.18809133438915 0.0682768539253543
1636513367.04595 9.34419010138969 -0.287932172846963 -4.73208391765458 2.40664391067222 -0.0309001791418337 -2.14849974083457 0.0635247932962823
1636513367.54619 8.36726360053038 -0.274098795640295 -4.58950316360393 2.44053669244707 -0.0348401056559687 -2.11017310335004 0.0520822746402799
1636513368.04644 7.39368823684145 -0.249336290375393 -4.41185207645169 2.47066443902281 -0.0379408328551714 -2.0749065255828 0.0460098100462967
1636513368.54874 6.42064439028684 -0.229920420819241 -4.20370253749042 2.49737451562603 -0.036499892270018 -2.04271812121498 0.0454668384878275
1636513369.04696 5.46383290632039 -0.204415334159913 -3.96418513667697 2.5257082751496 -0.0299051321709147 -2.0077002226701 0.0449385956311683
1636513369.64731 4.35036453539162 -0.174024890496324 -3.60831823081075 2.57950512122856 -0.0212609201378559 -1.93819428542993 0.0456123265523408
1636513370.14753 3.47075545314474 -0.150762712323749 -3.24705429356781 2.64162562071006 -0.0157389086496866 -1.85268348563444 0.04589704125922
1636513370.74784 2.46501245198143 -0.115848601890895 -2.72415892097812 2.724634997109 -0.0171193317746883 -1.72854058325171 0.0345656279635158
1636513371.2481 1.7013480535904 -0.099728213239781 -2.18878092343849 2.80431345893023 -0.0189949564264286 -1.59598985763166 0.0354663165014521
1636513371.74835 1.04250524224101 -0.0835760867130163 -1.57169459838649 2.89735061240351 -0.0205805282465272 -1.42019312664548 0.0310422819273653
1636513372.34866 0.379145376774274 -0.0563635588493339 -0.738103000009617 3.00400360827448 -0.019043726306111 -1.17823883317943 0.0181433052793142
1636513372.84892 -0.0194144363960722 -0.0268431833440784 0.0278314740045157 3.08731009120577 -0.0147033327970752 -0.938705324274652 0.010430555991514
1636513373.44923 -0.326175139822639 0.00838762262673432 1.00304520157541 3.16296393895527 -0.0112808988697366 -0.639118584885123 0.00596374210591338
1636513373.94949 -0.457597762449823 0.0388892641906444 1.84674621473906 3.20233602741601 -0.00603648817704846 -0.397471175172614 0.000680299256865448
1636513374.54979 -0.496156916343901 0.072271419211771 2.89146414514578 3.22266388228468 -0.000194687369738413 -0.165497803030665 0.00492043523761049
1636513375.05006 -0.462992333553761 0.099302633080099 3.78152839901748 3.22685369791111 0.00131432620894714 -0.0196897219650438 0.00143848850840834
1636513375.55031 -0.41028542638593 0.126140614700906 4.6587066008142 3.22615444939666 0.00331431953505677 0.0695193305503294 0.00773409207333648
1636513376.05057 -0.365063165948627 0.155529504464588 5.47902793217757 3.22583631627537 -0.000571307578325578 0.0826963747216043 0.010831130630084
1636513376.55085 -0.331996106653009 0.168599957506217 6.17128451220377 3.22592707225673 0.00281120359784473 0.0796660747088742 0.00402588278088838
1636513377.05108 -0.295717240051469 0.183412749199072 6.69172761286854 3.22600097379891 0.00493304756534302 0.0760813908833163 0.00901518872170073
1636513377.55133 -0.27839870786885 0.190470850337228 7.01019900854762 3.22605412704198 0.00345517838534654 0.0738662846692626 0.00910344457388572
1636513378.05159 -0.272865135837359 0.194414809449713 7.10531463487541 3.22605980342589 0.0032866069982483 0.0735982032757428 0.00932292791856351
