1636513560.14695 1.41368512836042e-05 1.35069587972954e-05 -0.000893369041995977 0.999999998917606 -6.29708261383431e-07 -1.86309778786721e-05 4.26295535133114e-05
1636513560.6478 2.58737312814294e-05 2.47208418448916e-05 -0.00163544228358106 0.99999999628845 -2.88751262172342e-05 -4.78292577661561e-05 6.55872702448473e-05
1636513561.14747 0.00139247166459357 0.0213794912897102 -0.00544805778272699 0.999999339473099 -0.000684877324019767 0.00091989082449175 7.61399171066143e-05
1636513561.64771 -0.0046323544969154 0.202038554153607 -0.00540636175891819 0.999990720356725 -0.00398708187655238 -0.000401362748798048 -0.00158154560231912
1636513562.14797 0.0180371711507656 0.570498633361105 -0.00166655885405011 0.999907093950584 -0.00356686130844319 -0.00170458017975666 -0.0130451283671275
1636513562.64823 0.0666882442651373 1.08820539486547 0.00380593816753889 0.999225746944802 -0.00255592225999254 -0.00218096837059988 -0.0391997102153849
1636513563.14849 0.175219140993013 1.74157154930936 0.00499169693557136 0.996515860012608 -0.0032342208806225 -0.00213593471270521 -0.0833133743256805
1636513563.64874 0.387904349159295 2.49098184217027 0.00907613595026619 0.989764953004538 -0.00350091784390886 -0.000431700281748751 -0.142663572831475
1636513564.149 0.717094021387487 3.25870018527867 0.00701113042756506 0.975473472922129 -0.00709668357050254 0.00648667396908465 -0.21990694342917
1636513564.64926 1.20016311483185 3.95559449665422 0.0143739473699191 0.949870056592462 -0.00567075950186629 0.0126728522177098 -0.312336544279362
1636513565.14971 1.80369704695055 4.52320261378053 0.0243120685151756 0.91380058511654 -0.000617232776374643 0.0175052087376299 -0.405785260120941
1636513565.64977 2.50887585428619 4.9575550308486 0.0524909206330779 0.870965621283095 0.00192543563919428 0.0174537066068476 -0.491030088045767
1636513566.15003 3.25496220217079 5.23725172381798 0.0657893571124416 0.819294479724233 0.00634889937675024 0.0200256684365712 -0.572987975069086
1636513566.65029 4.03510142515798 5.36718665656249 0.0975939110133019 0.762170046737187 0.00887307293382087 0.0176515643676391 -0.647075351646715
1636513567.15072 4.83145417835967 5.36218669062767 0.11541972963435 0.697065581751291 0.0104509542980776 0.0199325981555942 -0.716654061470918
1636513567.65097 5.61366458794661 5.19998566948138 0.131237559462667 0.625635639146237 0.0120859612552903 0.0204584899028888 -0.779753439724064
1636513568.15122 6.35621740595935 4.89211807302898 0.142463695563615 0.548395976933542 0.0139224523841873 0.021016927312867 -0.835838684537299
1636513568.65149 7.03410230069023 4.44057711346084 0.150576961421277 0.473535330144963 0.0169611203954798 0.0195224776264905 -0.880395072888731
1636513569.15174 7.64771963035929 3.87530485416135 0.153034720048333 0.403758632713415 0.0187977499967426 0.0185667814748319 -0.914483945036828
1636513569.652 8.20158887450949 3.20798198148578 0.155415145342494 0.33713489521397 0.0182645135097087 0.0197739240603495 -0.941071443569815
1636513570.15226 8.668729379129 2.44952116650769 0.153011730625737 0.278355762448794 0.0187217134529845 0.0192646616180538 -0.96010230692863
1636513570.65251 9.06324416360942 1.62008700567147 0.143620093365618 0.234698720765306 0.0206522811002465 0.0184606471452159 -0.971673401027045
1636513571.15278 9.41136603433748 0.740434487781138 0.141333681573488 0.213012004928759 0.0204923623194728 0.0176512426558615 -0.976675167328166
1636513571.65303 9.75788170891086 -0.146946730086684 0.135147726637482 0.213824417600385 0.0204750755848224 0.0189537991505568 -0.976473575277597
1636513572.15332 10.1153351938678 -1.04815457836057 0.127428475574778 0.223438163416199 0.0203659848313101 0.0171899178153858 -0.974353693746038
1636513572.65355 10.5043200869248 -1.93730935251718 0.127736599462618 0.241986892259927 0.0204574197158338 0.0158621500423673 -0.969934137016007
1636513573.15381 10.9391440626961 -2.80162756355059 0.128202975442234 0.26973339782975 0.0208754382088219 0.0161453523515225 -0.962573341503001
1636513573.65408 11.4260407467866 -3.62484439695693 0.127477635012439 0.304954630481022 0.0214398991047039 0.016457208230503 -0.951983279460213
1636513574.15432 11.9706812180713 -4.41213452822742 0.13336612966439 0.344205619992585 0.0201628526025221 0.0153728109706425 -0.938551877747474
1636513574.65457 12.581167121159 -5.13237171955666 0.141789080591944 0.390161578290581 0.0183547033721977 0.0142962754658067 -0.920452423647049
1636513575.15482 13.2703439378719 -5.79232914186982 0.148368411324335 0.437059031968404 0.0175591047075737 0.0131009454027906 -0.89916597224665
1636513575.65508 14.0200917208968 -6.36600230376412 0.153466170884441 0.484919683872983 0.0168636912170462 0.0139588498011173 -0.87428465994966
1636513576.15535 14.820328039152 -6.85109663588518 0.159358427935014 0.540535850318615 0.0173724455048601 0.0126773413786986 -0.841046061564455
1636513576.6556 15.6779113697214 -7.20167014593364 0.165445029906889 0.59919041749249 0.0140052109008563 0.0137100079401591 -0.800366624326052
1636513577.15589 16.5570048688156 -7.42314365277948 0.174491184321008 0.659492624583966 0.012286513549904 0.012478812029326 -0.751507018566345
1636513577.65612 17.4413510276104 -7.49394731200686 0.193149446541036 0.719774272379758 0.00948139003959966 0.011245251147394 -0.694052335483239
1636513578.15637 18.3112697000624 -7.41972820175146 0.199387965877954 0.774539657086053 0.0102499755838405 0.0120693730415863 -0.632327120908105
1636513578.65664 19.1535739198404 -7.20854798587342 0.21404277167965 0.826816151484522 0.00962769899816295 0.0115080755306281 -0.562272107839173
1636513579.15691 19.9368972412912 -6.86068908241721 0.224909257389979 0.870516123159555 0.0101599694301462 0.0110517065583393 -0.491910880264491
1636513579.65716 20.666501701122 -6.38403394004188 0.245079743990169 0.907584638890071 0.00908695292468314 0.0104253683012864 -0.419641349527315
1636513580.15741 21.3023770542232 -5.80454620538736 0.268058111937238 0.938502718652568 0.00884866075632028 0.0109207156486989 -0.34498563195339
1636513580.65766 21.8208095982324 -5.13618811230514 0.290862936344132 0.962623050584163 0.00624628326202251 0.0117588946339335 -0.270517235728963
1636513581.15792 22.2453701240214 -4.37628923420649 0.312203940473232 0.980862496268415 0.00450120161838229 0.00835484015658186 -0.194470304273022
1636513581.65818 22.5601691826146 -3.55357811091077 0.340126266171254 0.992392680385895 0.00290318586452012 0.00628755006440672 -0.122917883737569
1636513582.15843 22.7504247377874 -2.68625554891985 0.363402893914934 0.998392646301932 -0.00125047166240637 0.0050369204176483 -0.0564374836748816
1636513582.65869 22.8481563120393 -1.78584733521107 0.378766922467807 0.999989909684737 -0.000645575488680843 0.00393789547112148 0.00206318691796956
1636513583.15895 22.8189854287402 -0.862092141020764 0.394643582523161 0.99785232123641 -0.00310779506912781 0.00161276868866774 0.0654101336955813
1636513583.6592 22.6866830797471 0.0501450574261359 0.402347541574769 0.990892444387886 -0.00275248195792495 0.000473336510938776 0.134626756072556
1636513584.15946 22.4240980532255 0.933879292595242 0.415620441510373 0.977712480410212 0.000571259962346185 -0.0019242758641057 0.209938744576998
1636513584.65972 22.0109314950983 1.7226542915888 0.410586896610731 0.955302142890848 -0.00221384787688164 -0.0037912877697333 0.295598614345159
1636513585.15997 21.4800558917328 2.42682071492559 0.408176142849786 0.92788905166998 -0.00421575623511873 -0.00521445303059736 0.372796116758133
1636513585.66023 20.8497303780203 3.03598447688373 0.404864868420873 0.892478114671529 -0.00305790131772444 -0.0054149021753045 0.451047827737055
1636513586.16086 20.1250280449409 3.50077217161179 0.391272947594605 0.847565551274203 -0.00701145048842789 -0.00562722986264665 0.530614558921424
1636513586.66074 19.3401427143549 3.82439631543756 0.385958173655157 0.791539253409079 -0.00705066167107657 -0.00671439648098663 0.611040764075927
1636513587.1631 18.5004899667534 3.98312833406185 0.380799957058858 0.731896866085949 -0.0096365488984956 -0.00876775685469402 0.681290863566091
1636513587.66127 17.6398963790395 4.00942035960844 0.365030172085311 0.669946486337096 -0.00867349520480577 -0.00771563256819962 0.742318627638822
1636513588.16249 16.8011339327574 3.8698511456697 0.344384773843198 0.601620831554718 -0.0134560851226261 -0.00944026838483515 0.798612665905948
1636513588.66177 15.9912706813244 3.59888666547189 0.320300649926909 0.530326377745478 -0.0158205773590035 -0.00845857909453471 0.847603736919022
1636513589.16204 15.231816169533 3.19144406437701 0.303919325125218 0.460752339292502 -0.0170934332853337 -0.00905819792311723 0.88731789423261
1636513589.66229 14.5312408767924 2.66316432059496 0.280757521112364 0.393954702827457 -0.0187331303419927 -0.00987931269776228 0.91888582594811
1636513590.16275 13.8944062667089 2.0317291087058 0.258990009538246 0.333598961715636 -0.0189635860357209 -0.0105631502581601 0.942465137288133
1636513590.66298 13.3293088637944 1.30998601850585 0.236132305343815 0.279768875643956 -0.0186260589705608 -0.0114690317276977 0.959818163747369
1636513591.26414 12.750132075018 0.362221792031352 0.20425373661041 0.225465276250868 -0.0200780384614149 -0.0119079452006121 0.973971499797484
1636513591.76354 12.3244593615191 -0.482060870268476 0.181785747670782 0.191401951990403 -0.0216589588626413 -0.0134223260818001 0.981180933079014
1636513592.2638 11.9365752425848 -1.36266868340292 0.163527621830338 0.164885536535913 -0.021755595979001 -0.0122796182927899 0.985996280347673
1636513592.86412 11.5216099369887 -2.44635309135137 0.151171332219023 0.149333120434738 -0.0214302389985059 -0.0139941087339031 0.988455628199078
1636513593.46442 11.100656959701 -3.55162506766392 0.140184285833154 0.158457901100967 -0.0202816331741586 -0.0138570807556159 0.98706014520261
1636513593.96468 10.7109970631273 -4.46812529221764 0.131313919162911 0.176364243544658 -0.0188004994007071 -0.0136430295728426 0.984050843485884
1636513594.56498 10.1993388882256 -5.52167949416865 0.116173729634017 0.219935107026432 -0.0176898972984637 -0.0145290784419896 0.975245877771585
1636513595.06525 9.68894244602505 -6.32944214278661 0.0952275353248638 0.270768243991181 -0.0176028670698161 -0.0137018149599707 0.962386075015457
1636513595.66555 8.95903410486273 -7.21532210934029 0.0697973682354053 0.334976496694186 -0.0159830508161316 -0.0112130840912517 0.94202417988832
1636513596.16582 8.27928387316332 -7.87517286570791 0.0495333415097407 0.390072742143263 -0.0152545466977601 -0.0112788763263629 0.920588584325646
1636513596.76613 7.37826921693086 -8.53262940117007 0.0198499202901598 0.465408839831639 -0.0156950505235143 -0.0130474015081748 0.884860464994067
1636513597.36643 6.40656811588645 -9.0020715627671 -0.00172740489929726 0.545334704350832 -0.0155621067629004 -0.0140766746510526 0.837955683968108
1636513597.86669 5.56365215437632 -9.22400419723777 -0.0296355254245603 0.615740901342358 -0.016157050099853 -0.0124011973661626 0.787685408300837
1636513598.36694 4.71542747495118 -9.28353127890728 -0.0533765913122512 0.691005655039859 -0.0156188736721578 -0.0118715497209765 0.722583076051032
1636513598.96725 3.7324248415426 -9.12944023772791 -0.0608384518236548 0.772472502557801 -0.0133008963900785 -0.0115975369062234 0.634802974225088
1636513599.46751 2.96365326756261 -8.82921348371209 -0.0714929420148898 0.831110058483395 -0.0126671752770922 -0.0105455961403171 0.555863655728878
1636513599.96777 2.26395546976521 -8.37639085634362 -0.0757266410339529 0.879715059760901 -0.0102627433986197 -0.00831227886324741 0.475317783959224
1636513600.46802 1.64067997682305 -7.79968360257801 -0.0777282758530504 0.918704368951026 -0.010100113043662 -0.00702408927712182 0.39475426831971
1636513600.96828 1.11858869978062 -7.10054373436728 -0.075890971704179 0.948396861987499 -0.00765360796856255 -0.00486736015648058 0.316956027332556
1636513601.46853 0.682856769173009 -6.30710797541923 -0.0700891589174012 0.968456637086454 -0.00784191333584038 -0.00471660414731338 0.249014056076653
1636513601.96879 0.364250637290193 -5.44374051143719 -0.0639792148716489 0.982416853831711 -0.00551762804703955 -0.00205335365726567 0.186607783403842
1636513602.46905 0.124933198728438 -4.52645919401029 -0.0578635499887252 0.990584249768372 -0.00534880574214398 -0.000309279700359613 0.136799629875346
1636513602.96931 -0.0436316731814461 -3.5801791213808 -0.0542878693555004 0.994807013651505 -0.00484174750277517 0.00115082426047099 0.101657457544515
1636513603.46956 -0.156789087932643 -2.61775521982786 -0.045196403279326 0.99694788932224 -0.00404061083239214 0.00196399656061579 0.0779405039600235
1636513603.96983 -0.223708309619778 -1.63954816342614 -0.0275784248477388 0.998056975409303 -0.00160926015338458 0.00172982417983399 0.0622630855876889
1636513604.47008 -0.275475973806225 -0.644964461836197 -0.00792720834950121 0.99876554640203 0.000143990953387608 0.000789188386704759 0.0496662840219617
1636513604.97243 -0.325509895979949 0.363354239382312 0.00467487985922171 0.999351888899503 -0.00424018445241012 -0.00218466340449946 0.0356798295205171
1636513605.47062 -0.3174935969184 1.38263047109694 0.02227923023651 0.999947239265624 -0.00597878827827151 -0.00539052277944666 0.00638083379700394
1636513605.97086 -0.204639972244543 2.38726297412868 0.0276590560689037 0.999126384302206 0.00123300652561049 -0.00551593949042661 -0.0414067904774963
1636513606.4711 -0.0122155128991764 3.34334509533008 0.0296667170871081 0.994802245048218 0.00128914766929576 0.00229516483547068 -0.101791765696889
1636513606.97226 0.287851539735673 4.24367220468271 0.040089118620268 0.986332178216892 -0.00175441220579511 0.00422570271843799 -0.164705493801116
1636513607.47162 0.652259899186783 4.98584176947978 0.04857333619077 0.976109006213552 9.62181311194651e-05 0.00690250578980929 -0.217171715802692
1636513607.97188 1.0098940713807 5.51151936260311 0.0575910022634652 0.966603479980698 0.00564401541715737 0.00820393748892723 -0.256083097819541
1636513608.47214 1.27218127433525 5.88704842333942 0.0744831896623208 0.958975419308247 0.00391125394595407 0.00804392538003014 -0.283348094257969
1636513608.97241 1.44771044976746 6.08806956997651 0.076680650777227 0.95446813349643 0.00582669545145668 0.00805879559325588 -0.298147090499879
1636513609.5727 1.47728058311195 6.11555042799432 0.0725813027234687 0.953474874574933 0.00630172471422694 0.00955483677321702 -0.301255135913365
1636513610.07333 1.47703658098853 6.11114498632975 0.0708222663467112 0.953473650000501 0.00639058840601459 0.00959246920082023 -0.301255943790621
