1636513559.82791 4.24486133272494e-06 4.05572400608365e-06 -0.000268251226963138 0.999999999589913 -7.79399828459523e-06 1.92149386304754e-05 1.97538132467409e-05
1636513560.16289 1.52334773215439e-05 1.45547227168092e-05 -0.000962669604991803 0.999999998951141 -1.1633404668181e-05 -5.20276256904221e-06 4.39921901860133e-05
1636513560.49772 2.373343074954e-05 2.2675945641749e-05 -0.00149981858524501 0.999999996492834 -3.98297902197064e-06 -5.63021629777071e-05 6.18751480744509e-05
1636513560.83261 9.97050425702189e-05 0.00113834098339555 -0.00200612652074441 0.999999997689304 -4.92397175320501e-05 -3.11157066755022e-05 3.50521631832673e-05
1636513561.30177 0.00337380401068123 0.0537596738694565 -0.00513241679070931 0.999999126686313 -0.00103935377057188 0.00081585248280878 2.74786667390563e-05
1636513561.6365 -0.00501900583933363 0.195741437427924 -0.00537853620440894 0.999991575244717 -0.00382494236897988 -0.000352758279597322 -0.0014473482856752
1636513562.03842 0.00376821839158817 0.479237670439084 -0.0021207690498622 0.999945277557453 -0.00437946604119587 -0.00197661094933063 -0.00929274861904475
1636513562.37352 0.0310600550831691 0.785660695991653 0.00157297371241478 0.99972902450741 -0.00325074565398572 -0.00206648455407926 -0.0229573485346739
1636513562.77522 0.0848534544465352 1.24477252814035 0.0031505197520807 0.998834090027644 -0.00359363293438726 -0.00224960586114029 -0.0480883112039768
1636513563.24412 0.209521889157252 1.88170659569624 0.00598353355581339 0.995585852876437 -0.00269866277619833 -0.00252335821426421 -0.0937825113485494
1636513563.64644 0.386765433730789 2.48764866919506 0.00907040867875719 0.989807528283 -0.00351051495362087 -0.000446458164824446 -0.142367601350043
1636513564.04815 0.647793798092254 3.10348660971442 0.0123033710079824 0.97918368895003 -0.00444331947352584 0.00376732527096815 -0.202892502243354
1636513564.44993 0.988102398674524 3.69270837787358 0.00782893956502895 0.961479535135128 -0.00768539845070497 0.0109865475267876 -0.274549328792538
1636513564.85205 1.43527456619983 4.19888132834304 0.0192136258402867 0.936374674864219 -0.00305389326561356 0.0141144873202316 -0.350704894828313
1636513565.32076 2.03173421046959 4.68874838553863 0.0306036760802135 0.900007842732876 -9.374203576288e-05 0.0183616306553735 -0.43548676759624
1636513565.65569 2.51861645841716 4.96071928869661 0.0528015447339867 0.870475691333291 0.00202299759217883 0.0174980357666806 -0.491896124220226
1636513566.05759 3.11236451530367 5.19324094995251 0.0586633791856486 0.829300498196435 0.00675305484326476 0.0204633995599459 -0.558387257393898
1636513566.39251 3.6306672641939 5.3200051995361 0.0852565316711349 0.792527927638856 0.00705778683015465 0.0181219530953016 -0.609525443581752
1636513566.72748 4.15665735214586 5.37676403061406 0.100511123414187 0.752448304258572 0.00919040879783506 0.0181918392464362 -0.658335889033371
1636513567.06246 4.69473817539004 5.37338041696565 0.112415576246525 0.709099400645454 0.0101822586218688 0.0197979649516894 -0.704756980949737
1636513567.46429 5.32246075608078 5.27830405423332 0.12543840345466 0.653188129440496 0.0115203387484248 0.0201210387599885 -0.756840599566624
1636513567.79942 5.84507196080656 5.12273858697173 0.135330282495825 0.603372939931728 0.0125079880318031 0.0205081514670442 -0.797097272180093
1636513568.20128 6.43116639571728 4.85243892341141 0.143267027853551 0.540460288040027 0.0140413347930072 0.0211159474623752 -0.840987297604243
1636513568.5362 6.88497924730261 4.55504927467116 0.149024728550713 0.490057294940777 0.0166218656465999 0.0198930348925284 -0.871304670262084
1636513568.87098 7.30863685458839 4.20404780857361 0.152500595169124 0.442453737159917 0.0174911018083891 0.018190288838315 -0.896436202539104
1636513569.20599 7.71537069752028 3.80652946424091 0.153071163699262 0.396040741625978 0.018823224039485 0.0191888898653329 -0.917839421530172
1636513569.60792 8.16009451453171 3.26939664855846 0.155944722136898 0.342662463685974 0.0179917255279788 0.0201400377878727 -0.939070344900257
1636513569.9427 8.48360055539738 2.77754364704498 0.152305092447431 0.301478977424201 0.0190079258675735 0.0194103575343093 -0.953085705981294
1636513570.34469 8.82246476645453 2.13894919053779 0.149854356950284 0.259608937049483 0.0199044330909969 0.0183161548959522 -0.965334932454633
1636513570.67975 9.08345146343682 1.57389681767512 0.143919723892968 0.232967950342218 0.0205417140156777 0.0184716234776073 -0.972091956156796
1636513571.01447 9.31841033367338 0.986926610358573 0.144166275421477 0.21646834458036 0.0197576097160369 0.0185874130051247 -0.975912701388154
1636513571.3496 9.53994573321804 0.392813311844726 0.138052777110219 0.212026240396568 0.0210745298512377 0.0173454154512652 -0.976882733053292
1636513571.68433 9.78286217417429 -0.20643903692216 0.134880149772464 0.214089143159284 0.0205141371531612 0.0189525593011492 -0.976414773267038
1636513572.01933 10.0146618536527 -0.807165491021883 0.129612758930957 0.219497015231394 0.0206080533348309 0.0171058272936832 -0.975245486590354
1636513572.35427 10.2729419432268 -1.40309367848054 0.124865695032105 0.229488517023343 0.0204448678786296 0.0178779062256623 -0.972932376067751
1636513572.68934 10.5312075885174 -2.0016917412923 0.127944122054632 0.243706120927587 0.020468761521976 0.0158460026893521 -0.969503615580135
1636513573.09284 10.8859913679314 -2.69529676559646 0.128170684097838 0.265755336688135 0.0207676369811011 0.0165845997967863 -0.96367409289945
1636513573.49287 11.2521462538493 -3.35875975723642 0.125398149099169 0.29286277856879 0.0217126534318146 0.0156071092391119 -0.955780503960568
1636513573.89516 11.6873436263829 -4.01171450868951 0.129442989882832 0.3239107873787 0.0204245247333527 0.0164140789738215 -0.945724705514543
1636513574.22978 12.0573361130037 -4.52335584610625 0.135270798070563 0.350524198875161 0.0202166305601109 0.0149489431048166 -0.936216109107172
1636513574.63184 12.5560818393437 -5.1036134842677 0.141340639037126 0.388121719558715 0.0185004973129589 0.0142316086762567 -0.921312500577543
1636513575.23458 13.3817396102542 -5.88757721725297 0.147995949519842 0.444274273546678 0.0179840591067417 0.0131111905178182 -0.895614336735306
1636513575.63669 13.9987859417328 -6.34732254963752 0.15364284928003 0.483139690088253 0.0167985782585915 0.0140913387433987 -0.875268691204213
1636513576.03848 14.63584752406 -6.75336581942806 0.156661478104985 0.527216054725795 0.017977575329502 0.0118831046334232 -0.849457962614343
1636513576.50718 15.4240491146737 -7.10555598018051 0.164831803186756 0.581713660623884 0.0136116901581873 0.0143278143356448 -0.813153523432667
1636513576.84238 16.0022777858497 -7.30427417820323 0.169490129339813 0.621479129779915 0.0137819880905956 0.0126807697933971 -0.783206834833377
1636513577.17732 16.5919767243878 -7.42996481779305 0.174858210548654 0.662082961240231 0.0122847582413987 0.012330635839947 -0.749228398133774
1636513577.51232 17.1877238243982 -7.49297203763499 0.186473004363095 0.702941137737105 0.0111953303564834 0.0110943342342152 -0.711073369774859
1636513577.84727 17.7764943852563 -7.48458363187082 0.192949698331354 0.740704290277644 0.0104699467641986 0.0113543529091004 -0.671653640836602
1636513578.31581 18.578103310964 -7.37022432499371 0.206766415419286 0.791215641527758 0.00997338393317517 0.0116945773937241 -0.61134407421216
1636513578.71803 19.2507867059143 -7.17299376452311 0.215494835795944 0.832749364832212 0.00955830372781247 0.0113250750311268 -0.553451783696588
1636513579.05287 19.7803249403836 -6.9449813951111 0.222597117801914 0.861860401239831 0.0103391391871281 0.0108870724237227 -0.506923290675845
1636513579.38779 20.2817286128816 -6.65833631151873 0.230032452467456 0.8884061987205 0.00995707213541926 0.0113087685206958 -0.458810848328618
1636513579.85687 20.929234030911 -6.16127920147579 0.253572742245686 0.920672573450894 0.00852888469700749 0.0110859771047487 -0.390085082684235
1636513580.19158 21.3388564368633 -5.7630258495512 0.269046587502751 0.940312447163248 0.00905292185228171 0.0111521817998828 -0.340009080991822
1636513580.59354 21.7613080000068 -5.22622994477691 0.288742644532597 0.959928892240001 0.00658364020876528 0.0118486126203027 -0.279915679988564
1636513580.99559 22.1163614552268 -4.62930646667854 0.30380360800486 0.975681253692176 0.00372217461162983 0.00963191974733582 -0.218950822633317
1636513581.33019 22.3699311796122 -4.10279092911574 0.316153014125589 0.985459023157623 0.00465595226705511 0.00834248604592264 -0.16964444792649
1636513581.66529 22.5636568353526 -3.54223974994873 0.340617772665751 0.992505064718548 0.00283763185343844 0.00625249935793442 -0.122010452852507
1636513582.13423 22.7389317009656 -2.73202424877349 0.362050625719831 0.998205293606783 -0.00118269853007947 0.00511482758843167 -0.0596542670588187
1636513582.46925 22.818232755592 -2.13208513160984 0.37525093890013 0.999791453229316 -0.000772581738540758 0.00446727486060657 -0.0199122229394272
1636513582.80413 22.847368380771 -1.51854573509853 0.38394459537991 0.999803904270664 -0.00173100701817541 0.00322419869312877 0.0194617872413589
1636513583.20609 22.8119832861925 -0.776104288907072 0.396210578955408 0.997427689290463 -0.00320805641885732 0.00160485442914873 0.0715900653230754
1636513583.60855 22.7027875176206 -0.0431640241060139 0.400910158942823 0.991882797665956 -0.00325632518240198 0.000805530555174473 0.127111223584652
1636513583.9429 22.552602784001 0.559537057243742 0.412061209154107 0.984381296986549 -0.000279403561717771 -0.000987750881974958 0.176046608672033
1636513584.27772 22.3346073130926 1.13436547104508 0.416451494558096 0.973298907063883 0.00150295167082993 -0.00281843417723372 0.229519138795254
1636513584.6127 22.0556440226979 1.65428721639917 0.412639342037538 0.957776756951148 -0.00162232285188936 -0.00384997977898561 0.287482572634251
1636513584.94962 21.7107745664548 2.13608136553236 0.412341319844159 0.939864286621519 -0.00555367635663658 -0.00566427113588708 0.341455993423528
1636513585.28269 21.3330785644653 2.58527245468089 0.404413462713775 0.920200130751849 -0.00383510450898151 -0.00487987538281932 0.391399026766718
1636513585.61742 20.9046388127344 2.98841517728372 0.405321546462092 0.89596285224139 -0.00280998124279917 -0.00538236479287125 0.444087493134095
1636513585.95251 20.4364113584926 3.31924283695461 0.394866391204318 0.867355703616941 -0.00656687533024213 -0.00538411833366642 0.497616288741965
1636513586.35438 19.8273601231383 3.64107978162189 0.390832314031763 0.826995306351859 -0.00779294235619748 -0.00686261508519483 0.562112922672678
1636513586.6892 19.2943859273284 3.8377934471373 0.385863886312809 0.788270304024331 -0.00707626965645682 -0.00678952979677716 0.615250970325344
1636513587.09129 18.6210351223745 3.96799977464642 0.38209819429953 0.740184160479389 -0.00953593639509165 -0.00866595419356253 0.672280726877103
1636513587.426 18.0516746692897 4.01899147593461 0.373444718967369 0.70004312837946 -0.00814781379033951 -0.00754316933137647 0.714014238048216
1636513587.76104 17.4763002733806 3.99149716433308 0.361562536747715 0.656821575740659 -0.0101473113242458 -0.00826909561563251 0.753932405307098
1636513588.09607 16.914582756783 3.89362268002901 0.346024369191791 0.610828195336244 -0.013687297547625 -0.009591487621727 0.79158674637295
1636513588.49778 16.2533577612679 3.70447065207861 0.330533771085884 0.553951890913268 -0.0144289541712479 -0.00885662878767072 0.83237651814648
1636513588.89981 15.6242431788639 3.42387503819239 0.31187264331554 0.496763666800353 -0.0158487369242457 -0.00744139366286547 0.867709226956432
1636513589.23479 15.1243626743524 3.12020482334463 0.301184933624438 0.450728430475757 -0.0173375506770885 -0.00949093998022485 0.892442274522936
1636513589.63671 14.5667869606851 2.6944246815156 0.281922882505174 0.397259009289853 -0.0185946660299434 -0.00959619900794684 0.917467945433452
1636513589.97161 14.1303376750896 2.28462157521697 0.266556832748955 0.356166920754201 -0.018977985171779 -0.010449091702317 0.934171171211083
1636513590.37338 13.6484777295255 1.73988642803132 0.249316083854803 0.31004051347442 -0.0193760548175492 -0.0107781292545463 0.9504647707485
1636513590.777 13.2126600120306 1.13465122838408 0.232170531772926 0.268235416138866 -0.0179981374548808 -0.0118474538059263 0.963112385142711
1636513591.11034 12.8880267233041 0.613450073993485 0.210683394102961 0.237742909451023 -0.0199544315072846 -0.0114694123563784 0.971055396076446
1636513591.51222 12.5283924976524 -0.0531723509357602 0.192786517198989 0.207271958402147 -0.0207975331558855 -0.0126012726471763 0.977981086628182
1636513591.84727 12.2587290348977 -0.63092335628895 0.17852831701674 0.186150387061305 -0.021697244645263 -0.0134423858670741 0.982189678847182
1636513592.18214 11.9977107785404 -1.21697827375781 0.165260110519229 0.168593190949502 -0.021980825271098 -0.0125079012430339 0.985361218889987
1636513592.51703 11.7583668320875 -1.81815785163226 0.157211614771627 0.155498898651359 -0.021711681076035 -0.0113650933282896 0.987532040025389
1636513592.92106 11.4795318126829 -2.56026400115542 0.150373170126045 0.149368648943771 -0.0211925385442658 -0.0140508475082244 0.98845457999195
1636513593.25379 11.2488618257895 -3.16855836020869 0.143338701676877 0.152953561766846 -0.0209934560452741 -0.0143938636705851 0.987905511390003
1636513593.72283 10.8998867533681 -4.02785492067867 0.136253361064895 0.166381413102037 -0.0192118718787649 -0.0127904370951712 0.985791323796268
1636513594.12481 10.582465735382 -4.75606532269447 0.127653047822518 0.184825520056659 -0.0183621232374969 -0.0141311617022982 0.982498178031359
1636513594.52647 10.2371732986206 -5.45516815814742 0.117387769532783 0.216286469213369 -0.0177210448630476 -0.0144627930065675 0.976061962901242
1636513595.06245 9.69153904733838 -6.32494663781879 0.0953407790431927 0.270458588476938 -0.0176091873039094 -0.0136952483012475 0.962473120983399
1636513595.39748 9.29751054354191 -6.83473026375029 0.0806977612206774 0.306680807890021 -0.016635803271728 -0.0127601199983704 0.95158147914882
1636513595.73213 8.87373646018659 -7.30867056669637 0.0671253043324492 0.342109371426942 -0.0158696824781086 -0.0110795306262461 0.939460789581454
1636513596.13514 8.32379118902731 -7.83801387856423 0.0506036353957329 0.386537903411727 -0.0154579211504366 -0.0113128130457618 0.922074575162316
1636513596.46932 7.83354244993523 -8.22967165630667 0.0354011806886165 0.426778396783059 -0.0142134750094012 -0.0121982406480484 0.904162253189399
1636513596.87111 7.21484981141829 -8.6267073976519 0.0178561675956116 0.478980962049394 -0.0153815532584038 -0.0132484548330892 0.877590521973734
1636513597.2061 6.66738648117562 -8.90025804867632 0.00383855936302071 0.523851092383525 -0.0161229324233693 -0.0147451612417892 0.851529602702462
1636513597.54082 6.11297810378061 -9.0938518978289 -0.0127985562742219 0.569067157671218 -0.0155179710145497 -0.0129626491773517 0.822042415184215
1636513597.9435 5.43006501459919 -9.2466205050918 -0.0334073607866464 0.627024822574954 -0.0166648417329573 -0.0128443846617386 0.778715080570246
1636513598.2779 4.86400961984001 -9.29024755517671 -0.0514937687620397 0.678055123537119 -0.0168220600639583 -0.0125403569894067 0.734711512899345
1636513598.61266 4.31130718102893 -9.24691098823168 -0.0568215973523627 0.726099416616819 -0.0141535856456503 -0.0111179290805214 0.687354133511283
1636513598.94816 3.76093582432628 -9.13825634060083 -0.0605706486475791 0.770063536518868 -0.0134145191876419 -0.0117188829139092 0.637718486624207
1636513599.28251 3.24259967362999 -8.95670275713348 -0.0709628653801128 0.810669027427709 -0.0129602237825145 -0.0104807231619269 0.585267387619473
1636513599.6846 2.65358579470667 -8.65098553066832 -0.0747415419955915 0.853346129428477 -0.0120632806374124 -0.00945559504081104 0.521119422370846
1636513600.08686 2.11147922703573 -8.2489277167273 -0.0761211292223317 0.88973359550717 -0.00941158405477206 -0.00738557160751085 0.456323355137007
1636513600.42137 1.69845681965267 -7.86071454849555 -0.0778500842615499 0.915352298260959 -0.00985049678921041 -0.00691374531989136 0.402474021406397
1636513600.95716 1.13157801453983 -7.1173250462499 -0.0759381316194201 0.947824073021253 -0.00761681524723165 -0.00488931609800063 0.318665350038229
1636513601.2922 0.836100886075898 -6.60175455254438 -0.071394833000232 0.962206483651804 -0.00703911760166907 -0.00436862688701461 0.272194872730813
1636513601.62696 0.564980719687694 -6.04427178570295 -0.0682238474877619 0.973432954213798 -0.00929036637769866 -0.00466392087519723 0.228736137471185
1636513601.96201 0.366264306975135 -5.45627249500979 -0.0640596590801862 0.982269677045052 -0.00557157814984933 -0.00209103341568728 0.187378938661697
1636513602.29679 0.194745349142838 -4.85336601311578 -0.0586581381595974 0.988232008762427 -0.00627000853286566 -0.00103064326730114 0.152830368791124
1636513602.63187 0.0701876670741325 -4.22187423281295 -0.0563444651196126 0.992296157778549 -0.00396818475207965 0.00030511332660775 0.123824455070722
1636513602.96684 -0.0428103931436552 -3.58522863613812 -0.0543033400752092 0.994791460909927 -0.00480732303359871 0.00113847476127377 0.101811309888249
1636513603.3017 -0.120064545976901 -2.95018475418852 -0.0513583619347112 0.996394427220446 -0.0048216576053676 0.00216366793440961 0.0846771253825123
1636513603.70362 -0.192072001200643 -2.16043827573027 -0.036776908748444 0.997554773459586 -0.00251349652666335 0.00137604688248176 0.069830242575704
1636513604.03859 -0.237212299463344 -1.50147886505449 -0.0245902769601982 0.99818112726135 -0.00194943981392311 0.00164487719874127 0.0602323106204076
1636513604.50757 -0.27716224036685 -0.574311841336192 -0.00635882748558138 0.998810753771269 7.33420521225482e-05 0.000617084015992683 0.0487513279729877
1636513604.90944 -0.318742368336628 0.23697578724975 0.00435664713410512 0.999278995498105 -0.00395287800908873 -0.0018604266200065 0.0377147547325259
1636513605.24431 -0.336662278549879 0.926058985036141 0.0121570885814484 0.999699617613896 -0.00696692683537969 -0.00552937209242288 0.0228377432633876
1636513605.57926 -0.304261496368817 1.59898378671004 0.0248254382084618 0.999971795866462 -0.00399527472484848 -0.00586591701724814 -0.00245688197185682
1636513605.91409 -0.213287547014906 2.2748081715901 0.0267477149487057 0.999345692614608 0.0024513980029122 -0.00627084817049264 -0.0355366538053873
1636513606.31627 -0.0890030283945063 3.05194754979126 0.0283684104627075 0.99662549045202 -0.000575497494699968 -0.000330356327499086 -0.0820803962502716
1636513606.65098 0.084709317251394 3.67343452383066 0.0345821349869809 0.992278281005847 0.000206935307381018 0.00395240052888459 -0.123968337699262
1636513606.9859 0.298054436112653 4.26649958553626 0.0406085031404835 0.986067829956667 -0.00161732120592558 0.00412378625830712 -0.166284735870621
1636513607.32101 0.549991108808199 4.78518749451917 0.048389639009669 0.979158377544778 0.000177332292739037 0.0054671234102257 -0.203024507877134
1636513607.72272 0.838040065258242 5.27633108011761 0.0548688532422223 0.971178059716327 0.0025211841439427 0.00646154411844133 -0.238254209624403
1636513608.05773 1.05980521069676 5.58663563971275 0.0598622191095091 0.965002421116418 0.00593832589018136 0.00853310451820862 -0.262034825266327
1636513608.45964 1.26591430030526 5.87911395974754 0.074397870970041 0.959131364149482 0.00398063796927966 0.00802152902455147 -0.282819440453127
1636513608.86168 1.41394478841249 6.05948119979831 0.0764086218607126 0.955164372854924 0.00501532104689448 0.00815614716431254 -0.295921179787611
1636513609.19665 1.4774982153853 6.11980200481784 0.0754764910033038 0.953577799225121 0.00656108249220548 0.00830521044967138 -0.300960722521879
1636513609.53119 1.47730246953928 6.11594300443318 0.0727323946973225 0.95348692928154 0.00629942800302417 0.00932439862559946 -0.301224249499216
1636513609.93332 1.47705009670641 6.11139475402998 0.0709451738452126 0.95347523699079 0.0064984473588316 0.00970343003646078 -0.301245059831377
1636513610.33543 1.46962374553821 6.10845039616859 0.0694696523439339 0.953469761228205 0.0064253824462881 0.00964122032721575 -0.301265955186527
