1636513560.14695 0.019064731788494 0.00431416196251239 0.00724521089521606 0.999999964118997 -0.000107613214076431 0.000223146003905862 -0.000101917917831511
1636513560.6478 0.0222738771118855 0.00768669746254214 0.00941554345876355 0.999999962574921 -7.45475451215158e-05 0.000257700782035668 -5.36947571278988e-05
1636513561.14747 0.0160203786277278 0.0123619854003064 0.0134964928577812 0.999999844155065 0.000556065900296445 -4.39538222421556e-05 -2.34226695864913e-05
1636513561.64771 0.00341703249231374 0.196406433972912 0.0154095474474748 0.999996656322348 -0.00023861730658834 -0.0021687795502274 -0.00138809263616207
1636513562.14797 0.0489492454647259 0.581180949267189 0.0403051147385 0.999922682751227 -0.00161665995839473 -0.00303037490328139 -0.0119512241261364
1636513562.64823 0.144646070064129 1.09384079328891 0.0477701480942687 0.999327303039446 -0.00172309706876151 -0.00149391224980595 -0.0366024666189271
1636513563.14849 0.285859189697293 1.77265029878086 0.0677388919997073 0.996930970800855 -0.00148519596972666 -0.00173462373114975 -0.078252314544099
1636513563.64874 0.515016029576031 2.51373507285461 0.0825841855975482 0.990735547569771 -0.000145577928738925 -0.000802734690771381 -0.135802832097527
1636513564.149 0.866270191284893 3.29890817757038 0.0883685924241006 0.977605677047165 0.00358533363209454 -0.00208661362716568 -0.210404210108716
1636513564.64926 1.32173365414587 4.00659408484348 0.115795997906249 0.953497776375217 0.00808553108320493 -0.0051616951516169 -0.301247359387233
1636513565.14971 1.92385195284268 4.59013922141643 0.141012090301844 0.918687918537835 0.0130162675639665 -0.00263991032026322 -0.394760833904306
1636513565.64977 2.60352674501557 5.02762093195191 0.19116473832719 0.876539367020196 0.0131266029821322 0.00017624586783084 -0.481151118979659
1636513566.15003 3.34251437957406 5.31924537812303 0.19977482832887 0.826755580840277 0.0176066649217801 0.00222086259424613 -0.562281319865
1636513566.65029 4.11975530571935 5.45681307230357 0.245851854154622 0.77089775687627 0.0182344033338619 0.00750451739983538 -0.636653624191985
1636513567.15072 4.90966331739704 5.47935623248543 0.27478719584627 0.707503882005403 0.0191254410855493 0.00788012543541088 -0.706406666215495
1636513567.65097 5.6927731335331 5.34263520082976 0.296369805002651 0.637558425944139 0.0200403407760859 0.0097068968972097 -0.770080135052085
1636513568.15122 6.43406925097098 5.05008405488886 0.318298613506632 0.561716318811166 0.0212174444722979 0.0115279110851934 -0.826977451021072
1636513568.65149 7.11076062498313 4.6294172154561 0.329272446607514 0.487367204128782 0.0241950393615282 0.013404171801502 -0.872758922376794
1636513569.15174 7.7431562882174 4.07970431484972 0.336611133002023 0.41807351393723 0.0266486960653037 0.0150967487420263 -0.907896729876045
1636513569.652 8.3251851213169 3.44756155508846 0.342448334937593 0.351710383730952 0.0244064784676784 0.0155969543722198 -0.93566065686174
1636513570.15226 8.83454966858877 2.72289362654039 0.335213993728114 0.292677194634122 0.0253752288802685 0.0165000426276777 -0.955732130930868
1636513570.65251 9.27628170981999 1.93259513874968 0.330647788789888 0.248097295102042 0.0270090279838244 0.0159367035592879 -0.968227383443622
1636513571.15278 9.69734758111881 1.08339735685272 0.336641876103523 0.224845025324023 0.0269072252855187 0.0167608002740566 -0.973878735463839
1636513571.65303 10.088891497392 0.201263608712838 0.33108378705605 0.224866653556033 0.0263744254647228 0.0163060157174024 -0.973896037393797
1636513572.15332 10.4769088236105 -0.689939780814628 0.320380983439669 0.233645900826044 0.0276119044322493 0.0166476926580118 -0.971787029183851
1636513572.65355 10.8925176358099 -1.59166440974927 0.319754967104505 0.251778400503158 0.0283599977638784 0.0169006244939718 -0.967221648051065
1636513573.15381 11.3575339182334 -2.44022152309106 0.319465465769988 0.278910274231094 0.0280424303160746 0.0164051084617995 -0.959767447586477
1636513573.65408 11.8602718084515 -3.26818233457326 0.316392347452171 0.31409221906517 0.0286230480802208 0.0154878939502359 -0.948834508321815
1636513574.15432 12.4196132763143 -4.06226970809572 0.31839523040286 0.352902383830244 0.0282786903617518 0.0165469630968645 -0.935086317497281
1636513574.65457 13.04833651577 -4.77277610131131 0.320996399662104 0.398432227414216 0.0281281304169647 0.0177274829911782 -0.916594951319169
1636513575.15482 13.7498707681598 -5.42026910527622 0.332327756032446 0.445133749493123 0.0273168408308661 0.0184626280584664 -0.894856897293857
1636513575.65508 14.5213524251152 -5.98197364105414 0.338654592692847 0.492625564108924 0.0259691116161057 0.0172429737326227 -0.869682895476904
1636513576.15535 15.3290749781661 -6.44777353230704 0.349641648644531 0.547484566309301 0.0276089680165891 0.0174536338079301 -0.836178070272758
1636513576.6556 16.1997722049814 -6.77527210426847 0.367093090209375 0.605728668894016 0.0226861044787766 0.0159686791158411 -0.795187475775843
1636513577.15589 17.0779816036878 -6.99085853208694 0.382727602741462 0.665232307328935 0.0208905765924101 0.015581351418027 -0.746181467595816
1636513577.65612 17.9655811518397 -7.04946061639074 0.406006287621338 0.725242280642216 0.0182948427019171 0.0149920050997771 -0.688087329401202
1636513578.15637 18.8442889279523 -6.96619321508472 0.420305719717704 0.779648715725501 0.017677804761645 0.0118636232949612 -0.625855118800431
1636513578.65664 19.6742604002703 -6.74181862445107 0.449990490018897 0.831312766258134 0.0166361352351871 0.0101940625362282 -0.555462334231308
1636513579.15691 20.4697906867708 -6.38668508145747 0.472678889813759 0.874856963486038 0.0165456558068883 0.00920386972174746 -0.484011181168426
1636513579.65716 21.1762782842158 -5.89441969433842 0.501626478161676 0.911505651115077 0.0152836724145866 0.00790409786807218 -0.410927466324283
1636513580.15741 21.8031178885137 -5.28877890904215 0.537998822450394 0.941824249244543 0.0146259367459657 0.00637006492174312 -0.335726954208549
1636513580.65766 22.3068172713838 -4.61097336769385 0.560930840209379 0.965383778465684 0.0140316251690117 0.0037307345029678 -0.260429175382684
1636513581.15792 22.7197549869338 -3.83780958257115 0.602422058838414 0.982799272299463 0.00999758264192242 0.0028416409539059 -0.184384282913847
1636513581.65818 23.0363680005139 -3.00293467612988 0.644699255295822 0.993693216690763 0.0072874348707382 0.00220436490643927 -0.111874148806272
1636513582.15843 23.1964363516696 -2.13731148271947 0.668646164727854 0.998982073257965 0.00449987346715447 -0.00165656426446838 -0.0448533637850654
1636513582.65869 23.2806869178359 -1.24487135942256 0.69370073335776 0.999892629317176 0.00300321666159972 -0.00115479145844289 0.0142960478299076
1636513583.15895 23.2182232141917 -0.331161220818667 0.712577444338366 0.99703889689382 0.000255568392604766 -0.00369296433741228 0.0768097310238316
1636513583.6592 23.0614529500541 0.570876628058917 0.720761041479696 0.989387404812158 -0.00170441679733306 -0.00382726495101816 0.14524121386658
1636513584.15946 22.7624420129945 1.43973267154741 0.736916329952088 0.975516706379719 -0.00664030444188216 -0.00148818678583919 0.219820033734585
1636513584.65972 22.3181969246674 2.21380736922284 0.743796706720093 0.952360353059445 -0.0102163860092117 -0.00416374068665367 0.304775403602216
1636513585.15997 21.7849216095417 2.91494741367414 0.742155315083099 0.92374105761537 -0.0120062906283311 -0.00763845884424902 0.38275313376571
1636513585.66023 21.1316489363929 3.50490888299678 0.731277075848556 0.887645506271441 -0.0156976620667124 -0.00677888063868036 0.460209827555913
1636513586.16086 20.3918777664288 3.93550472545114 0.707212787634039 0.84196523840895 -0.0156201343152204 -0.00953347448256717 0.539221347480999
1636513586.66074 19.6051026413939 4.23803977407814 0.692655266981962 0.785125062030234 -0.0193349034801507 -0.0112516399660991 0.618933113573275
1636513587.1631 18.7697962486603 4.37880420124604 0.671431583370314 0.723949432681131 -0.0207275810965654 -0.0141636002901679 0.689396097123688
1636513587.66127 17.9051962717001 4.39239071107292 0.647234693848964 0.660742354696333 -0.0247671126473786 -0.013890453051078 0.750075453641494
1636513588.16249 17.0809762270515 4.22017198775052 0.606858867606278 0.591417847537404 -0.0227940114707149 -0.0156983374847356 0.805890144408971
1636513588.66177 16.2818027377139 3.94265814245865 0.574535219538644 0.518739642351196 -0.0241690179551678 -0.0149405086003624 0.854459959990636
1636513589.16204 15.5306628702525 3.51832004231382 0.540792319953471 0.447585746556982 -0.0254834667033316 -0.0149639519069934 0.893752579043627
1636513589.66229 14.8518276998109 2.97120279056564 0.514500610180298 0.379541516179008 -0.0260837290971023 -0.0153739577584755 0.924679143268501
1636513590.16275 14.2364744762027 2.3221541637663 0.483225395980427 0.317888452271092 -0.0268432719422012 -0.016269439086415 0.94760839802945
1636513590.66298 13.6868524709093 1.59098939445697 0.450050496641316 0.263083424075128 -0.0277043575513863 -0.0172365589874953 0.964221178767529
1636513591.26414 13.1314731690811 0.624071082803288 0.41969982101517 0.207617576455022 -0.027732121628855 -0.0170139697109509 0.977668858157802
1636513591.76354 12.7497277845745 -0.228635650374723 0.393496978363284 0.173039612339109 -0.0264988280984742 -0.0165834860338053 0.984418657209373
1636513592.2638 12.3911914087706 -1.11061536126077 0.365957442001872 0.14581498385797 -0.0278631276858779 -0.0161462115349087 0.988787609373788
1636513592.86412 12.0219664899903 -2.20961492774804 0.333133954700196 0.12903162843198 -0.0271346934863988 -0.0166823118765757 0.991128774551543
1636513593.46442 11.6470462021043 -3.31250758102582 0.308019158406178 0.137204045040012 -0.0270117898476823 -0.0176904276356893 0.990016394815737
1636513593.96468 11.297474936013 -4.23526865289352 0.282192192279375 0.154542396905006 -0.0278207830489508 -0.0186373672297899 0.987418503033107
1636513594.56498 10.8173746930079 -5.29607731050149 0.248520998306079 0.1967357303561 -0.0267675689120446 -0.0197513351505441 0.979892052430043
1636513595.06525 10.3519261538573 -6.11527068240287 0.217540649094672 0.247467413286035 -0.0266843090362885 -0.0190115420098972 0.968342082263897
1636513595.66555 9.66509033275148 -7.01768000999933 0.17839271752165 0.311974676372953 -0.0277968893862714 -0.0182694944206894 0.949507956689174
1636513596.16582 9.0183487481738 -7.70285901968544 0.142222358763831 0.366720070798227 -0.0272586058447665 -0.0179362734140746 0.929758919385643
1636513596.76613 8.14084903521356 -8.39292188402752 0.095621091317168 0.441530459760913 -0.0238898668368379 -0.018339015972519 0.896740658082923
1636513597.36643 7.19475183057806 -8.9076004070613 0.059124314532617 0.521870457735215 -0.0209143328027265 -0.0190306495437786 0.852555951480368
1636513597.86669 6.36431150283908 -9.17115483758891 0.0293793533207499 0.592397265576425 -0.018858087471735 -0.0167789668211858 0.805250469448417
1636513598.36694 5.52675469656913 -9.26775786746967 -0.00999471390627591 0.668544870221399 -0.0161212822905337 -0.0168834393703726 0.743305327730798
1636513598.96725 4.52684252631979 -9.18090992829803 -0.021116287687116 0.75213372202311 -0.0155006318802894 -0.0166036395937956 0.658618944275986
1636513599.46751 3.7378089018374 -8.92910011010448 -0.0385864561105505 0.813022962061378 -0.0134966204302516 -0.0154725514775412 0.581869490993194
1636513599.96777 3.00778709994687 -8.52578611422225 -0.0548847189608981 0.864071363194109 -0.0122277131911863 -0.0130456101409651 0.503051661754574
1636513600.46802 2.34428890784319 -8.00408620854688 -0.0570055698136231 0.905517800160541 -0.0095964976744397 -0.0112714454802657 0.424049967977341
1636513600.96828 1.77506928646371 -7.35498157494599 -0.0611794072161649 0.937817298016351 -0.00817584973613491 -0.00853391843978642 0.346928008754648
1636513601.46853 1.26067847697525 -6.59797566238045 -0.0576564371852147 0.960319954682532 -0.00665096371425635 -0.00821146329614124 0.278700414766012
1636513601.96879 0.863205494943097 -5.76445882178305 -0.0577735932412653 0.976338290850983 -0.00454722582002465 -0.0060032902138593 0.216117618583335
1636513602.46905 0.555747340787459 -4.87905990454967 -0.0523374165708495 0.986191287325013 -0.00232426547554622 -0.00522965901672689 0.165511308558666
1636513602.96931 0.327653319778389 -3.94542719348861 -0.0311099581101823 0.991643375337977 -0.000619211064021478 -0.00364823063725324 0.12895628382975
1636513603.46956 0.165081737505612 -2.98846294190789 -0.0247407297427388 0.994545814870772 0.000811704350631329 -0.00333728292408445 0.104244068424842
1636513603.96983 0.0506155244238519 -2.01326017439397 -0.00357438410049381 0.996144695607599 0.000522871565925942 -0.0011058603706511 0.0877168689079238
1636513604.47008 -0.033119466407986 -1.01557788753412 0.0169729126169952 0.997193156059061 -4.87986427315156e-05 0.000485824897778478 0.0748703619720854
1636513604.97243 -0.122350135605406 -0.0143082351633022 0.0450476285493963 0.998152964963742 -0.00226229611305164 -0.00349310582352912 0.0606080750568201
1636513605.47062 -0.132636134716638 1.00123074044265 0.0641979286379317 0.99942466599964 -0.00573497369371873 -0.00553795163463561 0.0329663185680925
1636513605.97086 -0.0260133973585887 2.02621074327628 0.0863929050309095 0.999883463675576 -0.00583129273842122 0.00321552020488251 -0.0137373768581769
1636513606.4711 0.121961093312112 2.99950483447844 0.091806098488017 0.997317372000343 0.00202416542984498 0.0023140961074535 -0.073134172722787
1636513606.97226 0.364307591014405 3.92498476722354 0.0979140782504916 0.990611049225979 0.00458571836165299 -0.000371038620814347 -0.136633021882903
1636513607.47162 0.689821201334255 4.70078309617268 0.12451107479566 0.981673211503459 0.00692270270641553 0.00125517215425841 -0.190442134378364
1636513607.97188 1.02399498768275 5.26563066791599 0.146601196161229 0.9730762912811 0.0101961359280618 0.00526622881738172 -0.230197387024266
1636513608.47214 1.27194161251573 5.67520281746619 0.157983048433372 0.965809774541884 0.0105013702836577 0.0048752193430154 -0.258993113533696
1636513608.97241 1.44193475426484 5.90931807725777 0.171942073869629 0.961322883078685 0.0110553091150792 0.0062450147192089 -0.275131049503345
1636513609.5727 1.46829772958933 5.96256410691621 0.173828225001114 0.96013175397381 0.0125077856452908 0.00617779056923168 -0.279199579536052
1636513610.07333 1.47216611264448 5.95616415490989 0.170839079446971 0.960131563648124 0.0129991397622538 0.0060009177514153 -0.279181646671464
