1636513560.14695 0.0189589086048889 0.0042600016100427 0.00724866308628069 0.999999964118997 -0.000107560917853243 0.000223168765065048 -0.000101923285504501
1636513560.6478 0.0221513337500624 0.00764806956113068 0.00942015370541804 0.999999962574921 -7.45084317802922e-05 0.000257714245313717 -5.36844283241165e-05
1636513561.14747 0.0160375203462165 0.012617907204573 0.0135061564269597 0.999999844155065 0.000556070028505651 -4.399652809852e-05 -2.32438018780453e-05
1636513561.64771 0.00444424074995083 0.196271953157647 0.0154693333862143 0.999996656322348 -0.000238334739510221 -0.00216857076179979 -0.00138846732985156
1636513562.14797 0.0504260894658003 0.580233788120759 0.0404435113790432 0.999922682751227 -0.00161293674331742 -0.00302861360597213 -0.0119521736214145
1636513562.64823 0.145490836234675 1.09248074965015 0.047985800135962 0.999327303039446 -0.00171105195865634 -0.00148878455178449 -0.036603240589616
1636513563.14849 0.286910621005089 1.77075890581579 0.0680990507529339 0.996930970800855 -0.00145932451599052 -0.00172384272722524 -0.0782530395337753
1636513563.64874 0.515750526506997 2.51163199606287 0.0831092653080581 0.990735547569771 -0.000100497392963437 -0.000784225570790124 -0.135802981087141
1636513564.149 0.867887925865881 3.29724871638416 0.0891452854795255 0.977605677047165 0.00365510876935951 -0.00205825131507655 -0.210403288915747
1636513564.64926 1.32515540706119 4.00504503977686 0.116890459435899 0.953497776375217 0.00818525248390711 -0.00512133090147594 -0.301245355248988
1636513565.14971 1.92675745151471 4.58949263529021 0.142365751239977 0.918687918537835 0.013147284636839 -0.00258721602598068 -0.394756841045893
1636513565.64977 2.60494351023723 5.02615327170474 0.192743965165307 0.876539367020196 0.013286572236621 0.000240697852372598 -0.481146700213749
1636513566.15003 3.34380764182891 5.31879982094267 0.201639197768766 0.826755580840277 0.0177937737750034 0.0022959951567676 -0.562275128002778
1636513566.65029 4.1188468278801 5.45705386580554 0.247935108550401 0.77089775687627 0.0184466725919759 0.00758972800057995 -0.636646499041892
1636513567.15072 4.9084602302304 5.47921306153129 0.277126307378864 0.707503882005403 0.0193609302107455 0.00797476323537545 -0.706399189184132
1636513567.65097 5.69082610992049 5.34277195353882 0.298938002932864 0.637558425944138 0.0202971483641285 0.00981013183709883 -0.770072100903062
1636513568.15122 6.43159182112941 5.0507808369313 0.321070906546808 0.561716318811166 0.021493317345973 0.0116387985738588 -0.826968773810992
1636513568.65149 7.10867118372073 4.6312929493189 0.332239543619987 0.487367204128782 0.024486286584146 0.0135210491895489 -0.872748996755554
1636513569.15174 7.74153544588588 4.08258778777748 0.339746018731091 0.41807351393723 0.0269517640998066 0.0152182095510616 -0.907885755728189
1636513569.652 8.32238181370664 3.45014793251209 0.345662781710027 0.351710383730952 0.0247188178298073 0.015722381843489 -0.935650358162755
1636513570.15226 8.8319630886373 2.72600722604814 0.338516893162891 0.292677194634122 0.0256943153119003 0.0166281239738917 -0.955721385862461
1636513570.65251 9.27445999458201 1.93564448332561 0.334006029058408 0.248097295102042 0.0273322218115907 0.0160663519839606 -0.9682161711869
1636513571.15278 9.69534146565026 1.08678274418836 0.340031103301621 0.224845025324023 0.0272323658557913 0.0168912268361813 -0.973867444415771
1636513571.65303 10.0866198596005 0.204354698947097 0.334472340534138 0.224866653556033 0.0266995343016316 0.0164364886182817 -0.973884985421014
1636513572.15332 10.4750821231978 -0.686595599643985 0.323795453976895 0.233645900826044 0.0279363402567766 0.0167777761566607 -0.971775519421786
1636513572.65355 10.8909029134924 -1.5881535305047 0.323196725574025 0.251778400503158 0.0286829366790641 0.0170300244130258 -0.967209855435741
1636513573.15381 11.3557394362127 -2.43699995742527 0.322937087032835 0.278910274231093 0.0283628502739924 0.016533519295423 -0.959755828527433
1636513573.65408 11.8587806965831 -3.26529834515321 0.319920080958324 0.31409221906517 0.0289397577574715 0.0156147677457412 -0.948822821907179
1636513574.15432 12.4177336873543 -4.05896529139462 0.322004473254283 0.352902383830244 0.0285909169304767 0.0166719927222768 -0.935074602165343
1636513574.65457 13.0461111146773 -4.76896360266107 0.324726437825478 0.398432227414216 0.0284343070475674 0.0178500064026071 -0.916583126405837
1636513575.15482 13.7470827777776 -5.41627316330127 0.336198891814827 0.445133749493123 0.0276158514820578 0.0185822575802583 -0.894845243331122
1636513575.65508 14.5182376849014 -5.97872879813287 0.342680881786471 0.492625564108924 0.0262596528041782 0.0173592856713387 -0.86967185732433
1636513576.15535 15.326549086747 -6.44391782252069 0.353905078976358 0.547484566309301 0.0278883880304132 0.0175652468512687 -0.836166460442678
1636513576.6556 16.1958137241411 -6.77312532537434 0.37153223962256 0.605728668894016 0.0229517752328773 0.0160751153577477 -0.795177707408714
1636513577.15589 17.0736320854977 -6.98916621967792 0.387415488788598 0.665232307328935 0.0211399237789426 0.0156812609762346 -0.746172352049201
1636513577.65612 17.9607494405912 -7.04850845476718 0.410962056309974 0.725242280642216 0.0185248284144017 0.0150842161710703 -0.68807916079736
1636513578.15637 18.8406053990533 -6.96599813061154 0.425570794566553 0.779648715725501 0.0178868437568061 0.011947408965161 -0.625847585524635
1636513578.65664 19.6711649583391 -6.74185520759947 0.45557049822719 0.831312766258134 0.016821634951946 0.0102683463200424 -0.555455379231891
1636513579.15691 20.4672433357865 -6.38627256161537 0.47859080299659 0.874856963486038 0.01670732038497 0.00926842894536622 -0.484004395755274
1636513579.65716 21.1740969925868 -5.89398892587753 0.507849317920276 0.911505651115077 0.0154209336503254 0.00795880686540688 -0.410921282223142
1636513580.15741 21.8014829892998 -5.28799706968374 0.544532349079863 0.941824249244543 0.0147380715638645 0.00641458550275782 -0.335721202598763
1636513580.65766 22.3061709877502 -4.60983811526625 0.567758039196301 0.965383778465684 0.0141185100504051 0.00376504819850427 -0.260423985764252
1636513581.15792 22.7189267513653 -3.83757004423298 0.609469191128077 0.982799272299463 0.0100591137978789 0.00286592989017104 -0.184380560372053
1636513581.65818 23.0354604986872 -3.00301695726188 0.651956888875924 0.993693216690763 0.00732480810364886 0.00221900126183974 -0.111871418702046
1636513582.15843 23.1970242757778 -2.13788425964946 0.67611288835454 0.998982073257965 0.00451464775037989 -0.00165082637986928 -0.0448520906666752
1636513582.65869 23.2808204015224 -1.24528096525383 0.701302160767435 0.999892629317176 0.00299836859734252 -0.00115698652455826 0.0142968879522947
1636513583.15895 23.2193283967667 -0.33187917500948 0.720309129736353 0.99703889689382 0.000229728850409396 -0.00370344729336058 0.0768093079226382
1636513583.6592 23.0623680490213 0.570273901155824 0.728555571571114 0.989387404812158 -0.00175301689418833 -0.00384690687654522 0.145240116490982
1636513584.15946 22.7622852125315 1.43770246971772 0.744678142128266 0.975516706379719 -0.00671350452371476 -0.00151757938768675 0.219817609358023
1636513584.65972 22.3191734256739 2.21164004964399 0.7515497412702 0.952360353059445 -0.0103180494426474 -0.00420440948053736 0.304771420440152
1636513585.15997 21.7871328766505 2.91366241375134 0.749877068399367 0.92374105761537 -0.0121341637737308 -0.00768960085498962 0.382748077178504
1636513585.66023 21.1335637741475 3.5029895764126 0.738842641135152 0.887645506271441 -0.0158512140484668 -0.00684026800946342 0.460203655942525
1636513586.16086 20.394083245303 3.93532668123264 0.714618367019338 0.84196523840895 -0.0158001803898124 -0.00960563002181587 0.539214821274873
1636513586.66074 19.6079782582195 4.23796878102708 0.699867071887661 0.785125062030234 -0.0195415907192356 -0.0113343460547649 0.618925113243673
1636513587.1631 18.7731108441837 4.38006857061967 0.678424438979513 0.723949432681131 -0.0209579334198796 -0.0142557888393547 0.689387232571074
1636513587.66127 17.9088166635434 4.39306115378776 0.653942899510994 0.660742354696333 -0.0250176146490034 -0.0139905730505555 0.750065279514614
1636513588.16249 17.0834046766664 4.22274947116043 0.613257185858207 0.591417847537404 -0.0230632179481177 -0.0158062225860588 0.80588037630883
1636513588.66177 16.2835592379867 3.94506655147211 0.580598845196911 0.518739642351196 -0.0244543085481115 -0.0150548956971761 0.854449834900993
1636513589.16204 15.5320855353894 3.52077679135143 0.546536706931994 0.447585746556982 -0.0257818217226262 -0.0150835823824315 0.893742011259516
1636513589.66229 14.8528205591561 2.97394505789897 0.519936508711055 0.379541516179008 -0.0263923992341198 -0.0154977510525652 0.924668318085744
1636513590.16275 14.2372988816865 2.32531553759975 0.488373319049311 0.317888452271092 -0.0271596385836368 -0.0163962927686516 0.947597196876468
1636513590.66298 13.687642937679 1.59457586432175 0.454926738733509 0.263083424075128 -0.0280263267312352 -0.0173656043372396 0.96420955853635
1636513591.26414 13.1317193857813 0.627636749437354 0.424242291131298 0.207617576455022 -0.028058543036488 -0.0171448444199539 0.977657258153095
1636513591.76354 12.7490491833774 -0.225129992767279 0.397768135455987 0.173039612339109 -0.0268274579923232 -0.0167153819019913 0.984407525401483
1636513592.2638 12.3908599786286 -1.10739297645073 0.369992707196933 0.14581498385797 -0.0281931738566748 -0.0162785898770888 0.98877608331816
1636513592.86412 12.0211445936388 -2.20607172867766 0.336892479168692 0.12903162843198 -0.0274655622292114 -0.0168150692152443 0.991117417465212
1636513593.46442 11.6462027019422 -3.30845048787535 0.311517916784781 0.137204045040012 -0.0273423719569352 -0.0178230435935753 0.990004941319733
1636513593.96468 11.2971302879189 -4.2307907723109 0.285477237413266 0.154542396905006 -0.0281505795747855 -0.0187695625556013 0.987406651765082
1636513594.56498 10.8169147625866 -5.29095425709446 0.251519942754495 0.1967357303561 -0.0270949552758048 -0.0198825922486421 0.979880400010801
1636513595.06525 10.3517656972029 -6.11044363879865 0.220273366424507 0.247467413286035 -0.0270077946665279 -0.0191412328199215 0.968330559052487
1636513595.66555 9.66590426387935 -7.01334497184145 0.180792583957421 0.311974676372953 -0.0281140524579039 -0.0183965280979953 0.949496165927132
1636513596.16582 9.01940462814034 -7.69865095332569 0.144319101029391 0.366720070798226 -0.0275691760236434 -0.0180606615968873 0.929747354236517
1636513596.76613 8.14139739497717 -8.38803506592913 0.0973330039891466 0.441530459760913 -0.0241894937356638 -0.0184591849309403 0.896730160074821
1636513597.36643 7.19535972668698 -8.90196579245323 0.0604765019902095 0.521870457735215 -0.0211993280195325 -0.0191450458883104 0.852546351263491
1636513597.86669 6.36466076365982 -9.16612619613035 0.03038870282277 0.592397265576425 -0.0191271706686721 -0.0168870896458583 0.805241862599727
1636513598.36694 5.52751003731693 -9.26232317251315 -0.00925204573710919 0.668544870221399 -0.0163697810164025 -0.0169833508152099 0.743297620449047
1636513598.96725 4.52899629278082 -9.17618060468217 -0.0206635787011881 0.75213372202311 -0.0157209541368064 -0.0166920675175069 0.658611486901559
1636513599.46751 3.74033060237866 -8.92487742644204 -0.0383629962267309 0.813022962061378 -0.0136913346528441 -0.0155506911247573 0.581862858861011
1636513599.96777 3.01026077875513 -8.52269797057077 -0.0548817075017534 0.864071363194109 -0.012396024820134 -0.0131131191296968 0.503045787163776
1636513600.46802 2.34652533262839 -8.00135994163523 -0.0571727857442572 0.905517800160541 -0.00973839951460518 -0.0113284112014226 0.424045214885111
1636513600.96828 1.77678017304515 -7.35319593636137 -0.0614888142627242 0.937817298016351 -0.00829188715111261 -0.00858049701765192 0.346924105849843
1636513601.46853 1.26272312731993 -6.59652384924547 -0.0580282008748959 0.960319954682532 -0.0067442928091157 -0.00824887476527247 0.278697067114369
1636513601.96879 0.864588030571214 -5.76321189139428 -0.0581960617994729 0.976338290850983 -0.00461956764568433 -0.00603235122816224 0.216115275146411
1636513602.46905 0.557021781294812 -4.87758753359069 -0.0527455430869236 0.986191287325013 -0.00237971988169584 -0.00525201066183091 0.165509812765064
1636513602.96931 0.328405012998258 -3.9437956298836 -0.0314860245461491 0.991643375337977 -0.000662382638916232 -0.0036657440388345 0.128955572652696
1636513603.46956 0.165855140471491 -2.98653008790779 -0.0250380438039259 0.994545814870772 0.000776773754248157 -0.00335154849496318 0.104243876886137
1636513603.96983 0.0505445568926285 -2.01178717173227 -0.00381354012808827 0.996144695607599 0.000493619420590072 -0.00111785103442976 0.0877168864117745
1636513604.47008 -0.0337602998072538 -1.01459837958647 0.0168167841838037 0.997193156059061 -7.36487159974456e-05 0.000475631163509899 0.0748704071034267
1636513604.97243 -0.120928965909605 -0.0144306426626321 0.0450518390658534 0.998152964963742 -0.00228273288798359 -0.00350117420704373 0.0606068432095311
1636513605.47062 -0.130030276380101 0.999098489709196 0.0643749697275678 0.99942466599964 -0.00574638963247191 -0.00554196840391123 0.0329636554998083
1636513605.97086 -0.02736943345729 2.02330991208092 0.0866169060355443 0.999883463675576 -0.00582646023906718 0.00321787257526982 -0.0137388764207501
1636513606.4711 0.121339583477959 2.99947172374002 0.0922314474579285 0.997317372000343 0.00204866917648591 0.00232389028433749 -0.0731331798493682
1636513606.97226 0.365255118764265 3.92509367305242 0.0985917440325027 0.990611049225979 0.00463111022284006 -0.000352806942836067 -0.13663153917295
1636513607.47162 0.690328122842343 4.70127211419902 0.12539046297856 0.981673211503459 0.00698611706260164 0.00128054001862575 -0.190439649763733
1636513607.97188 1.02309651987698 5.26743127244759 0.147645480793824 0.9730762912811 0.0102730973452198 0.00529674133188123 -0.230193265211689
1636513608.47214 1.27133257696834 5.67669755304457 0.159167869598654 0.965809774541884 0.0105878723749006 0.00490962880558694 -0.258988941661452
1636513608.97241 1.44081445304451 5.91100789212855 0.173205463960616 0.961322883078685 0.0111472891216692 0.00628157651906711 -0.275126505831333
1636513609.5727 1.46740563608179 5.96484175016158 0.175122695322008 0.96013175397381 0.0126011125768725 0.00621478664127005 -0.279194561909796
1636513610.07333 1.47141772702994 5.95863911037752 0.172141077668481 0.960131563648124 0.0130924461125857 0.00603787082762922 -0.279176489800387
