1636513560.14695 0.0190964477731568 0.00432417361302684 0.00725020110854109 0.999999964118997 -0.000107533573900567 0.000223184430111194 -0.000101917837095561
1636513560.6478 0.02230994902015 0.00769106189255986 0.00942241752553754 0.999999962574921 -7.44758571005699e-05 0.000257724809867051 -5.36789118424518e-05
1636513561.14747 0.0160127234038547 0.0122771618541528 0.0135103758317501 0.999999844155065 0.00055606395731417 -4.40682264609135e-05 -2.32532192489022e-05
1636513561.64771 0.00316174196468596 0.196435489163928 0.015440698144523 0.999996656322348 -0.000238637537037833 -0.00216851638271263 -0.00138850025094665
1636513562.14797 0.048778428277694 0.581378086798685 0.0403934487092215 0.999922682751227 -0.00161351578742212 -0.00302820250872969 -0.0119521996284584
1636513562.64823 0.145110626996062 1.09397734047824 0.0479647911697016 0.999327303039446 -0.00171181584426409 -0.00148794420434973 -0.0366032390433994
1636513563.14849 0.286941174492138 1.77260114020613 0.0680868365956505 0.996930970800855 -0.00146076847395243 -0.00172233123231684 -0.0782530458746333
1636513563.64874 0.517050302630134 2.5131915717647 0.0831335469352453 0.990735547569771 -0.000102717130532038 -0.000781917794150245 -0.13580299273352
1636513564.149 0.86901976014031 3.29737423812694 0.0891973164263793 0.977605677047165 0.00365156031612181 -0.00205516985752319 -0.210403380650763
1636513564.64926 1.32490581297674 4.00380281903885 0.116934679663405 0.953497776375217 0.0081798900501273 -0.00511730171604174 -0.301245569377263
1636513565.14971 1.92793545659575 4.58560017022605 0.142456383873097 0.918687918537835 0.013140792232685 -0.00258225004581253 -0.394757089735976
1636513565.64977 2.60849189965631 5.02179439664833 0.192866052523376 0.876539367020196 0.0132790990660632 0.000247105529560149 -0.481146903274546
1636513566.15003 3.34765858141231 5.31153442624285 0.201748830752417 0.826755580840277 0.0177853016955458 0.00230318935549058 -0.562275366623728
1636513566.65029 4.1254045746486 5.44734753144208 0.248022958795488 0.77089775687627 0.0184377268704131 0.0075980942050048 -0.636646658387083
1636513567.15072 4.91495935441329 5.4685032422931 0.277186971122409 0.707503882005403 0.0193509464930029 0.00798418955918104 -0.70639935626683
1636513567.65097 5.69757779989934 5.33029645340417 0.298949373583783 0.637558425944139 0.0202864095023551 0.00982051268731518 -0.77007225156325
1636513568.15122 6.43806217064486 5.03633076129514 0.321015114010154 0.561716318811166 0.0214819281555158 0.0116499857473099 -0.826968912218616
1636513568.65149 7.1135422643538 4.61432763163876 0.332077840968579 0.487367204128782 0.0244744273756159 0.0135326218992014 -0.872749150036173
1636513569.15174 7.74467478951455 4.06358622612684 0.339469706606334 0.41807351393723 0.0269395768837608 0.0152300563362499 -0.907885918783574
1636513569.652 8.32592989736892 3.4310095208872 0.345369381579895 0.351710383730952 0.0247062629621999 0.0157349872683361 -0.935650477861223
1636513570.15226 8.834170892345 2.70584445800103 0.338143837078113 0.292677194634122 0.0256815648206293 0.016640942074657 -0.95572150546921
1636513570.65251 9.27481018170806 1.91537288230446 0.333580129132593 0.248097295102042 0.0273192035990504 0.0160791688752837 -0.968216325831187
1636513571.15278 9.69537791622212 1.06595046753387 0.339555480278278 0.224845025324023 0.0272193664441639 0.0169041521590549 -0.973867583564214
1636513571.65303 10.0867958719359 0.183814500750362 0.33399765745417 0.224866653556033 0.0266864756664711 0.0164494833202008 -0.973885123940967
1636513572.15332 10.4746029793829 -0.707549820099176 0.32327060882586 0.233645900826044 0.0279233587578048 0.0167905748655332 -0.971775671468757
1636513572.65355 10.8902071901041 -1.60940351338884 0.322635882899828 0.251778400503158 0.0286700590853587 0.0170426491788659 -0.967210014868063
1636513573.15381 11.3554868255343 -2.45793327120572 0.3223850883535 0.278910274231093 0.0283500245712841 0.0165460596080204 -0.959755991357487
1636513573.65408 11.8584680254143 -3.28581043391876 0.319370730826269 0.31409221906517 0.0289269834563389 0.0156270485319304 -0.948823009262009
1636513574.15432 12.4183223716624 -4.08000159010252 0.321429597789608 0.352902383830244 0.0285784941219224 0.0166840864132088 -0.935074766219906
1636513574.65457 13.04765810433 -4.79056254186884 0.32412150813547 0.398432227414216 0.0284223253683576 0.017861807926015 -0.916583268119169
1636513575.15482 13.749884864193 -5.43794817416041 0.335587654362774 0.445133749493123 0.0276043037799787 0.0185937978882919 -0.894845359911479
1636513575.65508 14.5219982630285 -5.99918949033752 0.342119172058181 0.492625564108924 0.026248339181329 0.0173705764445577 -0.869671973419041
1636513576.15535 15.3301602428727 -6.46477834663819 0.353308611285027 0.547484566309301 0.0278776236664599 0.0175757603059852 -0.836166598472753
1636513576.6556 16.2019274795996 -6.79120618448087 0.371043569823875 0.605728668894016 0.0229414570090775 0.0160855762201135 -0.795177793620931
1636513577.15589 17.0808452122972 -7.00593777352442 0.386954828077026 0.665232307328935 0.0211303188273086 0.0156911286671654 -0.746172416666033
1636513577.65612 17.969099146751 -7.0634248182407 0.410535940746251 0.725242280642216 0.0185160521387059 0.0150934412661916 -0.688079194724574
1636513578.15637 18.847806891569 -6.97897360947438 0.425189473303699 0.779648715725501 0.0178786314177299 0.0119556652357082 -0.625847662514591
1636513578.65664 19.6777821697844 -6.7534585128823 0.455208969458071 0.831312766258134 0.0168143028205601 0.0102755512460099 -0.555455467993158
1636513579.15691 20.4731468065231 -6.39743045099182 0.478232853319757 0.874856963486038 0.0167009730142411 0.00927444135183583 -0.484004499646417
1636513579.65716 21.1793597276571 -5.90417472604132 0.507501212829526 0.911505651115077 0.0154155563543205 0.00796375112886822 -0.410921388194291
1636513580.15741 21.8057108904113 -5.29769597550777 0.544186985493171 0.941824249244543 0.0147336669403523 0.00641834760988404 -0.335721324028431
1636513580.65766 22.3086561229701 -4.6191344414198 0.567406303317474 0.965383778465684 0.0141149363152725 0.00376761831077843 -0.260424142314801
1636513581.15792 22.7210740478865 -3.84492997382748 0.609125210965574 0.982799272299463 0.0100566095516971 0.00286774133967711 -0.184380668812053
1636513581.65818 23.0370789878764 -3.00933440827069 0.651611726694582 0.993693216690763 0.00732335090734702 0.00221994197634776 -0.111871495439515
1636513582.15843 23.1960567769491 -2.14306774572501 0.675724073756936 0.998982073257965 0.00451373414961152 -0.00165065377412912 -0.0448521889695778
1636513582.65869 23.2798649193954 -1.25032637578445 0.700923569652978 0.999892629317176 0.00299844155750301 -0.00115761681983596 0.0142968216296029
1636513583.15895 23.2164429109887 -0.336216553229234 0.719886465056636 0.99703889689382 0.000230446680993444 -0.00370477493582606 0.076809241747046
1636513583.6592 23.0589500218007 0.566016956827801 0.72812996923695 0.989387404812158 -0.00175125035614678 -0.00384913378009837 0.145240078801944
1636513584.15946 22.7593547880379 1.43543200994338 0.744256668220546 0.975516706379719 -0.00671027280106839 -0.00152042338922324 0.219817688382253
1636513584.65972 22.3136613608937 2.20950487692498 0.751052974186368 0.952360353059445 -0.0103138410307565 -0.00420822166250929 0.304771510273057
1636513585.15997 21.779007107764 2.91015871487591 0.749303206757402 0.92374105761537 -0.0121291910113484 -0.00769449517403985 0.382748136435784
1636513585.66023 21.1248439550478 3.49992024208985 0.738251199969348 0.887645506271441 -0.0158449230974392 -0.00684598925151518 0.46020378751084
1636513586.16086 20.3840157712321 3.92937479187223 0.713997848335017 0.84196523840895 -0.0157930156471608 -0.0096126929535252 0.539214905303914
1636513586.66074 19.5961364516875 4.23101593152629 0.699160790677413 0.785125062030234 -0.0195334068527397 -0.0113422708284758 0.618925226405581
1636513587.1631 18.7600137527052 4.37041472196027 0.677640880958794 0.723949432681132 -0.0209490293205542 -0.0142647206057581 0.689387318448225
1636513587.66127 17.8948615540666 4.38319721950236 0.653112601313725 0.660742354696334 -0.0250077297587133 -0.0140000038151056 0.75006543318289
1636513588.16249 17.0707200920558 4.20932128614782 0.612463391307522 0.591417847537404 -0.0230526979373223 -0.0158168498519162 0.805880468799683
1636513588.66177 16.2716683007915 3.93077301059898 0.579841814379038 0.518739642351196 -0.0244429336003312 -0.01506616332805 0.854449961772447
1636513589.16204 15.5207157296786 3.50542492962451 0.545787547801766 0.447585746556982 -0.0257698376574439 -0.0150953418505607 0.893742158343531
1636513589.66229 14.8422176868399 2.95733933461262 0.519195260738731 0.379541516179008 -0.0263799865127179 -0.0155099539386222 0.924668467688257
1636513590.16275 14.2271874995111 2.30744224859606 0.487614604992169 0.317888452271092 -0.0271469847340306 -0.0164087836209921 0.947597343259583
1636513590.66298 13.6778662331712 1.57557469759539 0.454139571322596 0.263083424075128 -0.0280135394438492 -0.0173782635284358 0.964209702057323
1636513591.26414 13.1229617503193 0.608148291017804 0.423482294324793 0.207617576455022 -0.0280455173897588 -0.0171577266698712 0.977657405902909
1636513591.76354 12.7416667867506 -0.244815647732541 0.397058675139605 0.173039612339109 -0.026814271397103 -0.0167285378223081 0.984407661202055
1636513592.2638 12.3831266980881 -1.12689054892595 0.369269565951423 0.14581498385797 -0.028179862487208 -0.0162916425614211 0.988776247800964
1636513592.86412 12.0139957463891 -2.22605274030039 0.336164757701092 0.12903162843198 -0.0274522839008631 -0.0168282557888118 0.991117561533405
1636513593.46442 11.6387373498118 -3.32893145410719 0.310744283965999 0.137204045040012 -0.0273292416592531 -0.0178362273313388 0.990005066436315
1636513593.96468 11.2886111938094 -4.25156474005103 0.284635061693544 0.154542396905006 -0.0281376125061151 -0.0187825976006931 0.987406773497469
1636513594.56498 10.8078570024055 -5.31201138015322 0.25063134140364 0.1967357303561 -0.0270822498988618 -0.0198956369648607 0.979880486473442
1636513595.06525 10.3416401681591 -6.13041685828423 0.219379901317852 0.247467413286035 -0.0269951733153388 -0.0191540936780847 0.968330656684257
1636513595.66555 9.6537639923978 -7.03168414904563 0.17985962665385 0.311974676372953 -0.0281016283029905 -0.0184089272865622 0.949496293402386
1636513596.16582 9.00642094898444 -7.71589894936095 0.143380530218698 0.366720070798226 -0.0275570163447161 -0.0180727977216209 0.929747478892217
1636513596.76613 8.12855205890631 -8.40481311896601 0.0964234020380741 0.441530459760913 -0.0241779007087224 -0.0184712012994857 0.896730225286953
1636513597.36643 7.18213127355787 -8.91815779399704 0.0595708989386673 0.521870457735215 -0.0211885130545684 -0.0191567033107708 0.852546358256275
1636513597.86669 6.35175491933033 -9.1800794488787 0.0295808784693743 0.592397265576425 -0.0191168007790025 -0.0168982164006032 0.805241875431245
1636513598.36694 5.51437039568416 -9.27519272671375 -0.010035390802202 0.668544870221399 -0.0163603897508546 -0.0169937883424931 0.743297588658556
1636513598.96725 4.51478323326402 -9.18630461278885 -0.0214418077754959 0.75213372202311 -0.0157128459308878 -0.0167011581739615 0.658611449933923
1636513599.46751 3.72656962297969 -8.93300304407972 -0.039072864595045 0.813022962061378 -0.0136842755098221 -0.0155587480546083 0.581862809538199
1636513599.96777 2.99768923031138 -8.52824591527412 -0.0554896020826112 0.864071363194109 -0.0123898789493169 -0.0131200121930265 0.503045758840635
1636513600.46802 2.33550422533692 -8.0055951872284 -0.0576788164198765 0.905517800160541 -0.00973325443009958 -0.0113343139088443 0.424045175280688
1636513600.96828 1.76774192269359 -7.35561743999715 -0.0618881337799172 0.937817298016351 -0.0082875886545296 -0.00858528412145864 0.346924090129465
1636513601.46853 1.25445598647695 -6.59815809024214 -0.058382180460542 0.960319954682532 -0.00674101544382719 -0.00825270963776583 0.278697032874339
1636513601.96879 0.858327864180392 -5.7644053180177 -0.0584549054449245 0.976338290850983 -0.00461697900198113 -0.00603540409835091 0.21611524522913
1636513602.46905 0.551866884831003 -4.87902827522072 -0.0529450800754351 0.986191287325013 -0.00237781936410282 -0.00525449881339047 0.165509761106485
1636513602.96931 0.324683999192889 -3.94546004163831 -0.031620371308296 0.991643375337977 -0.000660846607184937 -0.003667837169536 0.128955521016213
1636513603.46956 0.162689447761282 -2.98861724722589 -0.0251368215221678 0.994545814870772 0.000777965088619758 -0.00335341063955197 0.104243808115565
1636513603.96983 0.0489418186239119 -2.01330524039604 -0.0038600391224633 0.996144695607599 0.000494842579682089 -0.00111939722261306 0.0877168598019962
1636513604.47008 -0.0342074901812408 -1.01550386783467 0.016805626145477 0.997193156059061 -7.24193268766862e-05 0.000474375579325749 0.0748704162685153
1636513604.97243 -0.123640942379602 -0.0139398927718277 0.0449788959228156 0.998152964963742 -0.00228224151599824 -0.00350190234166965 0.0606068196471544
1636513605.47062 -0.133670554383353 1.00208290895917 0.0642355927615871 0.99942466599964 -0.00574659394984794 -0.00554178037371756 0.0329636514933225
1636513605.97086 -0.0249708703583939 2.02700207799198 0.0866107159692985 0.999883463675576 -0.00582625728863584 0.00321886007083368 -0.0137387311635302
1636513606.4711 0.123772146343836 2.99896219606935 0.0923217713422311 0.997317372000343 0.00204782980910777 0.00232486043883877 -0.0731331725234261
1636513606.97226 0.366614648056338 3.92378957369135 0.0986843556386024 0.990611049225979 0.00462893345345512 -0.000351098596858212 -0.136631617337508
1636513607.47162 0.69302417856311 4.6988455698221 0.1255198382316 0.981673211503459 0.00698331280357309 0.00128285226317138 -0.190439737053073
1636513607.97188 1.02815077509641 5.26276298423714 0.147809088852499 0.9730762912811 0.0102701937161686 0.00529929914238315 -0.230193335907563
1636513608.47214 1.27636847216792 5.67202282229041 0.159334085665271 0.965809774541884 0.0105844694407567 0.0049126323875876 -0.258989023800309
1636513608.97241 1.44670919597861 5.90583416109479 0.173376622739102 0.961322883078685 0.0111438123573283 0.00628478024964844 -0.275126573512345
1636513609.5727 1.4730489602785 5.95884185949502 0.175290884205996 0.96013175397381 0.012597563693242 0.00621787063227486 -0.279194653396101
1636513610.07333 1.47687297666114 5.95238132134166 0.172307003706516 0.960131563648124 0.0130888745703955 0.00604089081600869 -0.279176591940007
