1636513559.64669 0 -4.33680868994202e-19 0 1 0 0 0
1636513560.14695 0.019127265662788 -0.0065229753858281 0.00557205843532133 0.999999964118997 -0.000119283098812265 0.000111692169472189 0.000212269655142846
1636513560.6478 0.0221164641133964 -0.00852754204567055 0.0092015735985817 0.999999962574921 -8.73581459303163e-05 6.57576899945688e-05 0.0002507880320802
1636513561.14747 0.0156149639709654 -0.0136182183805967 0.0137531538228942 0.999999844155065 0.000557227860608819 2.88086895489874e-05 -1.88948718051477e-05
1636513561.64771 -0.00362544631369984 -0.00521919722868966 0.196788400751391 0.999996656322348 -0.000150639636343557 0.0012720582760085 -0.00224644598543032
1636513562.14797 0.0423669889345828 -0.00739406021704506 0.583056259971231 0.999922682751227 -0.00160577943178264 0.0117573787853091 -0.00371672384014277
1636513562.64823 0.157405084568948 0.0133453579918725 1.09532579734122 0.999327303039446 -0.0020650600442353 0.0364511138434914 -0.0034631238052802
1636513563.14849 0.339436487903961 0.0296392543037728 1.76846946378358 0.996930970800854 -0.00228851833803553 0.0780335911979678 -0.00584472297296285
1636513563.64874 0.632656467681657 0.0534504059403644 2.49300269935788 0.990735547569771 -0.00164791867472635 0.135569553338866 -0.00782657991514403
1636513564.149 1.07017693921553 0.0842548993524846 3.24165394249031 0.977605677047164 0.00129332300824735 0.210052245965321 -0.0127875519813548
1636513564.64926 1.63221254278537 0.0866940010418623 3.88169091223253 0.953497776375217 0.00490407972823618 0.300673047513881 -0.0203386073331261
1636513565.14971 2.33499941299571 0.0890229265781987 4.37169336930756 0.918687918537836 0.00864761823674953 0.394252305487105 -0.0224242424521554
1636513565.64977 3.092835149447 0.0679986067869 4.70373773355753 0.876539367020196 0.00764333097627611 0.480666952064399 -0.0240748571863177
1636513566.15003 3.88701487766534 0.0748331167068895 4.87578730627601 0.826755580840277 0.011099994489205 0.561849695733727 -0.0260176685295741
1636513566.65029 4.69686426824236 0.0467449192293941 4.89109710782518 0.77089775687627 0.0106311553206927 0.636396392337908 -0.0245613273049144
1636513567.15072 5.49355059092599 0.0239511114001334 4.78528973586502 0.707503882005403 0.0107117975720796 0.706083180358766 -0.0277498964774658
1636513567.65097 6.25948007461443 0.00246931010862397 4.5204549381335 0.637558425944138 0.0108160379694537 0.769773380079871 -0.0291755060056631
1636513568.15122 6.95997362923577 -0.027461952391234 4.10510900717198 0.561716318811166 0.0112593230629245 0.826700240289876 -0.030244297479988
1636513568.65149 7.58017693660778 -0.0537963004478516 3.58224253314454 0.487367204128782 0.0136244182952285 0.872554468406867 -0.030598745546496
1636513569.15174 8.15169952878503 -0.0818700646080562 2.95599669250294 0.41807351393723 0.0155957278637989 0.907763338782431 -0.0306109617481805
1636513569.652 8.66968812564402 -0.111785645572071 2.26643615968688 0.351710383730952 0.0130173431303021 0.935483018147116 -0.031652448752302
1636513570.15226 9.12215124512404 -0.134627799052564 1.5033724077096 0.292677194634122 0.0137141273937206 0.955585862216164 -0.0317433833029719
1636513570.65251 9.52867259792975 -0.166366653917257 0.69595486910134 0.248097295102042 0.0152310607073373 0.968057347372922 -0.0328742931495184
1636513571.15278 9.95123644884887 -0.208585341993072 -0.149009463767611 0.224845025324023 0.015025955618861 0.973741480862101 -0.032349091073198
1636513571.65303 10.384387461749 -0.243378746976716 -1.01075120518738 0.224866653556033 0.0145152911132718 0.973728180370012 -0.0328287251612619
1636513572.15332 10.8288669401528 -0.272538670087324 -1.87564984716122 0.233645900826044 0.0157589142998579 0.971656639298612 -0.0323206583194772
1636513572.65355 11.3169005134826 -0.31193457605558 -2.74139077244819 0.251778400503158 0.0165458427321696 0.967120887494971 -0.0317971869713965
1636513573.15381 11.8659151356604 -0.349167414332871 -3.54228823080808 0.278910274231093 0.0163368652163931 0.959647437940364 -0.0319211625373204
1636513573.65408 12.4629534458315 -0.382883845291356 -4.30998488975828 0.31409221906517 0.0170845750875611 0.948690959103301 -0.0322437487344993
1636513574.15432 13.1185271189533 -0.415166703236427 -5.03247253916148 0.352902383830244 0.0168461044712008 0.935011390035678 -0.0304928967896836
1636513574.65457 13.8458411138215 -0.44237011227819 -5.65379149903776 0.398432227414216 0.0168492214824374 0.916604166812735 -0.0283666225468159
1636513575.15482 14.6397226250431 -0.474147908494107 -6.19890953551348 0.445133749493123 0.0162504820314194 0.894922943653654 -0.0265479155154947
1636513575.65508 15.4941907931406 -0.497999678082841 -6.64576787895671 0.492625564108924 0.015248165943566 0.869703323947211 -0.0265268795167282
1636513576.15535 16.3799809992951 -0.520435752327886 -6.97303067730681 0.547484566309301 0.0172561446242885 0.836278804333172 -0.0245078874834712
1636513576.6556 17.3134382544211 -0.537722053735337 -7.14021587423262 0.605728668894016 0.0128750998884071 0.795201920313473 -0.0241022283723277
1636513577.15589 18.2333485376426 -0.547457277763218 -7.18002404897928 0.665232307328935 0.0116562208232535 0.746220033750295 -0.0220402139655924
1636513577.65612 19.1344244876436 -0.555299602478994 -7.04751926188345 0.725242280642216 0.009750846070008 0.688141399392276 -0.0197476533349461
1636513578.15637 19.9948086763024 -0.552340841991124 -6.77591272144906 0.779648715725501 0.00998983716665876 0.625828046260554 -0.0196809485202761
1636513578.65664 20.7734373440966 -0.555413381674997 -6.36161996130763 0.831312766258134 0.00982771774287335 0.555434229078978 -0.0177571897454825
1636513579.15691 21.4891446455516 -0.546240505451092 -5.83389394419407 0.874856963486038 0.0105952503073501 0.484031344879548 -0.0150562706208909
1636513579.65716 22.0899898530253 -0.536570875364887 -5.18800092425335 0.911505651115077 0.0102259758383054 0.410966222941148 -0.012634912145337
1636513580.15741 22.5883292312501 -0.531148258703043 -4.44812317021398 0.941824249244543 0.010495412485237 0.3357836297239 -0.0103094064407753
1636513580.65766 22.9476308427863 -0.511609561435718 -3.66219155745791 0.965383778465684 0.0108820176562644 0.260448311752093 -0.00907848404378127
1636513581.15792 23.2016952830795 -0.500467769394835 -2.8034740943895 0.982799272299463 0.00775802730163621 0.184408934001995 -0.00622482451811352
1636513581.65818 23.3559186697283 -0.490980270041482 -1.90976905417162 0.993693216690763 0.00590422437006656 0.111930475033341 -0.00324036975705314
1636513582.15843 23.3572717680676 -0.464983058879968 -1.01345317182071 0.998982073257965 0.00406457143691815 0.0447679143915517 -0.00375904366601657
1636513582.65869 23.294476583059 -0.441185733238185 -0.110072541154457 0.999892629317176 0.00321688425167614 -0.0142936219427173 -0.000271780525417641
1636513583.15895 23.0773305121089 -0.410812188780928 0.794273157366134 0.99703889689382 0.00130287062184915 -0.0768872668743801 0.000297995779554999
1636513583.6592 22.7574646629589 -0.373603892098931 1.66545664625397 0.989387404812158 0.000128062936720614 -0.145256752648309 0.00360868521960769
1636513584.15946 22.2899889579288 -0.344462684357332 2.47639152445965 0.975516706379719 -0.00406728948683579 -0.219679618174215 0.00956441786654797
1636513584.65972 21.6708621367786 -0.315976212582383 3.15475336104468 0.952360353059445 -0.00654756723486149 -0.304701945868158 0.0111180694345685
1636513585.15997 20.987706029272 -0.286786866818104 3.73851507271031 0.92374105761537 -0.00728486722863468 -0.382772618779186 0.0115979092091371
1636513585.66023 20.2041966845122 -0.255741246742863 4.1841674787934 0.887645506271441 -0.0101339832666052 -0.460127758949111 0.0162850552267384
1636513586.16086 19.3573232863185 -0.225916398920745 4.44074369315492 0.84196523840895 -0.00902871351474762 -0.539168243591329 0.0176245495224421
1636513586.66074 18.4925884349092 -0.208579239071184 4.54305893354063 0.785125062030234 -0.0117526679783492 -0.618907313439083 0.0198557079709888
1636513587.1631 17.6205014205439 -0.195684991754201 4.47995931463822 0.723949432681131 -0.0122053207358889 -0.689439542191807 0.0205272192163034
1636513587.66127 16.7550995790921 -0.186347446530824 4.29606216850151 0.660742354696333 -0.015564562024581 -0.750075609259864 0.0237458525383194
1636513588.16249 15.9667364403533 -0.17515686270435 3.92753576231383 0.591417847537404 -0.0128743398974785 -0.80587727021774 0.0249199986523232
1636513588.66177 15.2343622846197 -0.175857547721542 3.46570892003991 0.518739642351196 -0.0137327704240432 -0.85435927427873 0.0281216095512856
1636513589.16204 14.5752991067088 -0.180280319136185 2.8799009073449 0.447585746556982 -0.0145987112144419 -0.893616158977637 0.0300672167644501
1636513589.66229 14.0058427136638 -0.196580644083288 2.19701544028601 0.379541516179008 -0.0148278075948365 -0.924528615065699 0.0312284092321554
1636513590.16275 13.5067523411753 -0.210148545662878 1.43862130942226 0.317888452271092 -0.0152835746456749 -0.947481963854243 0.03148447918653
1636513590.66298 13.0742450701406 -0.223899534870308 0.621262455341805 0.263083424075128 -0.0159090114932275 -0.964132747602159 0.0313378418422028
1636513591.26414 12.6533643915596 -0.254709231853888 -0.421289467938057 0.207617576455022 -0.0157947828583092 -0.977550597461068 0.0322536228183955
1636513591.76354 12.3695636763799 -0.280752463884204 -1.31708808831886 0.173039612339109 -0.0145069218687962 -0.984251948216983 0.0330899412283539
1636513592.2638 12.0988841109103 -0.304869382614013 -2.23260324062334 0.14581498385797 -0.0158408670949656 -0.988611243997694 0.0336877671197164
1636513592.86412 11.8108314083002 -0.33355981146245 -3.35754065112827 0.12903162843198 -0.0150611769736878 -0.990966477803805 0.033308252453106
1636513593.46442 11.4747494642623 -0.367894838270985 -4.47234931724954 0.137204045040012 -0.0149029600041378 -0.989905466106776 0.0322508911458278
1636513593.96468 11.1398386828375 -0.391193385249592 -5.40048811668199 0.154542396905006 -0.0156952915075309 -0.987370742714875 0.0311339334814031
1636513594.56498 10.6403692693471 -0.414630038178504 -6.45372379952598 0.1967357303561 -0.0146756073738744 -0.979897231521015 0.0296832378104165
1636513595.06525 10.1326720577057 -0.430123108102475 -7.25060692704776 0.247467413286035 -0.0147587765635414 -0.968324500138378 0.0298281797571714
1636513595.66555 9.39136410194095 -0.442444757750795 -8.11651100513388 0.311974676372953 -0.0161191006461736 -0.949494185910586 0.0295426271401616
1636513596.16582 8.70109519469073 -0.446674862368855 -8.76278509978374 0.366720070798226 -0.015821427494947 -0.929748374027388 0.0288796312163803
1636513596.76613 7.76433452163333 -0.443099147835777 -9.3832820116636 0.441530459760913 -0.0128121517032153 -0.896750515247169 0.0269298213136873
1636513597.36643 6.76267575795621 -0.440235271191775 -9.8019778503464 0.521870457735216 -0.0103085225257468 -0.852622034268578 0.024096190285688
1636513597.86669 5.89477856263442 -0.433457602033666 -9.96322110948034 0.592397265576425 -0.00889886591249776 -0.805239449893271 0.023994129670157
1636513598.36694 5.03462780631443 -0.405182462519731 -9.92908049404305 0.668544870221399 -0.00686319085128639 -0.743348709382009 0.0208170452296393
1636513598.96725 4.04357910201992 -0.394161354436652 -9.6793139013865 0.75213372202311 -0.00721747308355258 -0.658758123272809 0.0167483521588828
1636513599.46751 3.29042821570387 -0.370565471601401 -9.29861517272433 0.813022962061378 -0.00614060849173414 -0.582030788963383 0.0140041703415595
1636513599.96777 2.61694553235062 -0.340295914139474 -8.78230190902086 0.864071363194109 -0.00588323736543205 -0.503181904833757 0.0124111834185268
1636513600.46802 2.02532457030601 -0.319701533399851 -8.1669006064373 0.905517800160541 -0.00423614807087077 -0.424163986423356 0.0102216076711768
1636513600.96828 1.53484717728933 -0.28862547896748 -7.44513574312767 0.937817298016351 -0.00382279095404928 -0.346990637394726 0.00903323701855967
1636513601.46853 1.09086087614764 -0.259267540252529 -6.64269026604691 0.960319954682532 -0.00308921995933681 -0.278821139280779 0.0059003092080479
1636513601.96879 0.757409128312253 -0.223276405538861 -5.77925527653743 0.976338290850983 -0.00180338722602658 -0.216184212709482 0.00496747298697623
1636513602.46905 0.494632048120749 -0.189700365177004 -4.87966237312971 0.986191287325013 -0.000194171246125358 -0.165578639091492 0.00322821597336626
1636513602.96931 0.286362069227493 -0.168247816924267 -3.94159616205732 0.991643375337977 0.00101865787317213 -0.128970533655515 0.00299665364240424
1636513603.46956 0.12190052458303 -0.129748614846037 -2.98599827227374 0.994545814870772 0.00215264023119657 -0.104257331699419 0.00209691439591762
1636513603.96983 -0.00923509319834259 -0.101651319551003 -2.01304411227572 0.996144695607599 0.0015702115771674 -0.0876432669594966 0.00345508395166566
1636513604.47008 -0.117291072459911 -0.0709130780044585 -1.01790786597575 0.997193156059061 0.000777558540488237 -0.0747413200412935 0.00435200990014689
1636513604.97243 -0.229193185352628 -0.0448853159069166 -0.0194590586867267 0.998152964963742 -0.00140532040874755 -0.0607328033848983 -0.000458477535644462
1636513605.47062 -0.238948795816688 -0.00579461841870545 0.996687320754527 0.99942466599964 -0.00508991323808583 -0.0332821071307897 -0.00409036913634532
1636513605.97086 -0.0970124853061962 0.0280233997309691 2.02330720806433 0.999883463675576 -0.00613350736052329 0.0138020341214808 0.00222328803816204
1636513606.4711 0.109167682239158 0.0610454568754743 2.98736499935661 0.997317372000344 0.00108158934081912 0.0731778352423472 -0.00137626308170894
1636513606.97226 0.416496306903097 0.100119377425696 3.89374543043611 0.990611049225979 0.00304767930890639 0.136485847525675 -0.00721624746200057
1636513607.47162 0.795334068415909 0.11377057702818 4.64890757826373 0.981673211503459 0.00469377982142245 0.19033486548125 -0.00826518177099128
1636513607.97188 1.16741886907828 0.121198459234573 5.19623773082433 0.9730762912811 0.00732091136190371 0.230284459820846 -0.00616467099464637
1636513608.47214 1.44085389311302 0.132980779806573 5.59003219650919 0.965809774541884 0.00731771509252483 0.259024074033603 -0.00802866839609323
1636513608.97241 1.62461165211704 0.132984618534729 5.81575203261711 0.961322883078685 0.00762255644184625 0.275217017071746 -0.00747024877137728
1636513609.5727 1.65458180850161 0.131657141431776 5.86579605215764 0.96013175397381 0.00903033159311626 0.279296432469716 -0.00767925336096317
1636513610.07333 1.6586597153094 0.133439791264893 5.85942266896235 0.960131563648124 0.00952973426733198 0.279276260932371 -0.0078316493177287
