1636513559.64669 0 0 -5.55111512312578e-17 1 0 0 0
1636513560.14695 0.0190586640124195 -0.00666133323720262 0.00556347073442293 0.999999964118997 -0.000118718808353482 0.00011204877103751 0.000212398028075207
1636513560.6478 0.0220502847560536 -0.00867747941294221 0.009184605507986 0.999999962574921 -8.69259272949038e-05 6.59899861300618e-05 0.000250877183862819
1636513561.14747 0.0155734101188578 -0.0135421596756854 0.0138032263990926 0.999999844155065 0.000557311078543982 2.68438125423997e-05 -1.93291715569296e-05
1636513561.64771 -0.00354012491284741 -0.00486727995114732 0.197019216236154 0.999996656322348 -0.000147923615826043 0.00127326551677135 -0.00224594248607069
1636513562.14797 0.0404586533592165 -0.00736247920781057 0.585146317344616 0.999922682751227 -0.00156714100878368 0.0117641123018835 -0.00371190657155058
1636513562.64823 0.150341631387559 0.0127055086037526 1.10232579527161 0.999327303039446 -0.00193889079298939 0.0364592388572074 -0.00345050784003272
1636513563.14849 0.324361705566268 0.0286800103236179 1.78439686092056 0.996930970800855 -0.00201718684814499 0.0780429681267432 -0.00581941073078669
1636513563.64874 0.607474981729527 0.051942857717588 2.52254718254527 0.990735547569771 -0.00117469565078762 0.135576904811708 -0.00778445588536784
1636513564.149 1.03449746603143 0.0828861765758217 3.29083031295787 0.977605677047164 0.00202598744820329 0.210050235036785 -0.0127253424710901
1636513564.64926 1.58774150297721 0.0858555412528747 3.9571144064647 0.953497776375217 0.00595119543725192 0.300659992022519 -0.0202519855175516
1636513565.14971 2.28604866883974 0.0868201270417105 4.47662271094081 0.918687918537836 0.0100239855700975 0.394226056628309 -0.0223124252649311
1636513565.64977 3.04482145157015 0.063394580089278 4.83692309447518 0.876539367020196 0.009323989678658 0.48064421176938 -0.0239362272068423
1636513566.15003 3.84569677988357 0.0682085604740116 5.03667144955598 0.826755580840277 0.0130661812786439 0.561814811183058 -0.0258573469558333
1636513566.65029 4.66632504529586 0.0366222903272163 5.07725724123207 0.77089775687627 0.0128621269697765 0.63636225364852 -0.0243781923925149
1636513567.15072 5.47903060563504 0.011732962166342 4.99415654941867 0.707503882005403 0.0131866763857754 0.70604928642475 -0.0275458463707746
1636513567.65097 6.26492026859394 -0.0122943760478289 4.74883547507461 0.637558425944138 0.0135150171793679 0.769739149558324 -0.028952365283374
1636513568.15122 6.98874476474985 -0.0447081301350035 4.34895726151891 0.561716318811166 0.0141587659682249 0.826664408451376 -0.030004371801875
1636513568.65149 7.63282935164497 -0.0735990923192804 3.83631157409563 0.487367204128782 0.0166857223340536 0.872510092148511 -0.0303468961984747
1636513569.15174 8.22671681822245 -0.104211162265462 3.21545821237389 0.41807351393723 0.0187815212695408 0.907711773648926 -0.0303500804298729
1636513569.652 8.76546371407711 -0.135791368229575 2.52734052881733 0.351710383730952 0.016300354008466 0.935440712409383 -0.0313811727322473
1636513570.15226 9.23615612014948 -0.160568632367182 1.76321562354218 0.292677194634122 0.0170681528370362 0.955540993566162 -0.0314666095158614
1636513570.65251 9.65598187241045 -0.193800619520219 0.953325651913306 0.248097295102042 0.0186282822930343 0.968007379702661 -0.0325949705176921
1636513571.15278 10.0847551511555 -0.237596631179719 0.106500870631801 0.224845025324023 0.0184436967764978 0.973692043092356 -0.0320678944567364
1636513571.65303 10.5170487847753 -0.273460859039641 -0.755666836027898 0.224866653556033 0.0179326078080502 0.973680694200096 -0.032547126412858
1636513572.15332 10.9581982250644 -0.304150247708624 -1.6201971634323 0.233645900826044 0.0191693004200134 0.971604614175027 -0.0320406720028043
1636513572.65355 11.4399295643095 -0.345074182163933 -2.4850944644203 0.251778400503158 0.0199405991166557 0.967065949194909 -0.0315191918470077
1636513573.15381 11.9797435224141 -0.383675127491855 -3.28511534292678 0.278910274231093 0.0197050955772962 0.959593323353903 -0.0316452510060611
1636513573.65408 12.5650431761869 -0.418920436225826 -4.05226618349108 0.31409221906517 0.0204137981424425 0.948634367532257 -0.0319717297747654
1636513574.15432 13.207369039603 -0.453388378081185 -4.77490278322475 0.352902383830244 0.0201283429122866 0.934955195902798 -0.0302248069124769
1636513574.65457 13.9191607534007 -0.483155912614779 -5.3976929880516 0.398432227414216 0.0200680529798346 0.916547431536391 -0.0281040771310686
1636513575.15482 14.6969858722696 -0.517639941355225 -5.94602938769604 0.445133749493123 0.0193940882464594 0.894867909556794 -0.0262914215807346
1636513575.65508 15.5352835259776 -0.543924244335854 -6.39817788271457 0.492625564108924 0.0183026092348545 0.86965198663184 -0.0262771807630563
1636513576.15535 16.4028967547843 -0.569633229365694 -6.73342350535759 0.547484566309301 0.0201939757366191 0.836219963580402 -0.0242698476850776
1636513576.6556 17.3171998797646 -0.589747807732643 -6.91266940146143 0.605728668894016 0.0156680182780963 0.795158707014136 -0.0238730714975743
1636513577.15589 18.218755938512 -0.602984851158641 -6.96792733336499 0.665232307328935 0.0142775655924768 0.746180812553015 -0.021824834118389
1636513577.65612 19.102868060764 -0.614491341104951 -6.85509600064291 0.725242280642216 0.0121686351837684 0.68810858508725 -0.0195482432935724
1636513578.15637 19.9503277787147 -0.614450094444074 -6.60545683449941 0.779648715725501 0.0121873138511519 0.62579475905131 -0.0195004869832235
1636513578.65664 20.7191986560131 -0.620799975032795 -6.21619465201997 0.831312766258134 0.0117777833401474 0.55540137398755 -0.0175977910143057
1636513579.15691 21.429806704465 -0.614875772263303 -5.71357718728949 0.874856963486038 0.0122949472523048 0.483995404744602 -0.0149189777854108
1636513579.65716 22.0297846363832 -0.608130709396804 -5.09283742899563 0.911505651115077 0.0116692113470356 0.410931313085595 -0.0125193217694031
1636513580.15741 22.5313646317314 -0.605186040254658 -4.37766156093591 0.941824249244543 0.0116746180779162 0.335747534035588 -0.0102166636780396
1636513580.65766 22.8977967703339 -0.587333069271496 -3.6149760281711 0.965383778465684 0.0117957834808768 0.260410949451185 -0.00900872761961245
1636513581.15792 23.1621558413381 -0.578575897046537 -2.77823690360584 0.982799272299463 0.00840517488258385 0.184382230426799 -0.00617547614993546
1636513581.65818 23.3290927679713 -0.570948772279342 -1.9033904489381 0.993693216690763 0.00629744197171566 0.111909876451974 -0.00321136729144707
1636513582.15843 23.3449323664614 -0.545548063999538 -1.02260262340867 0.998982073257965 0.00421987688031527 0.0447544016915508 -0.00374879681557038
1636513582.65869 23.2961207766638 -0.522713632882569 -0.1310857135337 0.999892629317176 0.00316609964973272 -0.0143048246962943 -0.000278640629235363
1636513583.15895 23.095572469431 -0.492445285791501 0.762508853571047 0.99703889689382 0.001031195901367 -0.0768914802924187 0.000273814184549566
1636513583.6592 22.7949660145672 -0.455241484352359 1.62438977198688 0.989387404812158 -0.000382756326604466 -0.145257387100073 0.00356485476788727
1636513584.15946 22.3496614977312 -0.426662426566257 2.42785769654405 0.975516706379719 -0.00483654061736488 -0.219666758140364 0.00950151656441063
1636513584.65972 21.7577294462055 -0.396979993454656 3.10219775640019 0.952360353059445 -0.0076162400549285 -0.304680251790153 0.0110315446336159
1636513585.15997 21.1005863988829 -0.365690408108227 3.68676390955055 0.92374105761537 -0.00862924197885723 -0.382747971585652 0.0114884683738862
1636513585.66023 20.3429573599079 -0.333019923589826 4.13728995418201 0.887645506271441 -0.0117481754999702 -0.460093973831462 0.0161545910661227
1636513586.16086 19.5224288095847 -0.299685413527862 4.40433018786716 0.84196523840895 -0.0109213669257715 -0.539138276038623 0.0174694122835937
1636513586.66074 18.6834727462308 -0.279767650624067 4.52252094436853 0.785125062030234 -0.0139255199882698 -0.618867889299046 0.0196787311486575
1636513587.1631 17.8325746128309 -0.263401904631774 4.47921545794065 0.723949432681131 -0.0146270655598912 -0.689398277207057 0.0203293693388861
1636513587.66127 16.9834426334505 -0.251305895409283 4.31680096638806 0.660742354696333 -0.0181981618048202 -0.750023061579057 0.0235324184233078
1636513588.16249 16.207108000052 -0.235660709094642 3.97311319101239 0.591417847537404 -0.0157043611791468 -0.805834240843697 0.024687627225799
1636513588.66177 15.4822607219413 -0.232872749418547 3.5369950800104 0.518739642351196 -0.0167316951928836 -0.854313876807899 0.0278753246220268
1636513589.16204 14.8260881312463 -0.23404503501254 2.9760562824709 0.447585746556982 -0.017734913016607 -0.893568043326107 0.0298098018389148
1636513589.66229 14.2555838706924 -0.247267795381551 2.31628023029063 0.379541516179008 -0.0180724042732443 -0.924479847421638 0.0309618702856952
1636513590.16275 13.7527105851237 -0.258222522676352 1.5780346274913 0.317888452271092 -0.0186091368447263 -0.947431517790933 0.0312113927108823
1636513590.66298 13.3147220799375 -0.269760000621783 0.777775509381895 0.263083424075128 -0.019293569530544 -0.964079940478528 0.0310602401567258
1636513591.26414 12.8861669178992 -0.297946463762643 -0.248530652543722 0.207617576455022 -0.0192260652495242 -0.977498388010743 0.0319718907536508
1636513591.76354 12.596380691929 -0.321860272566025 -1.13473351090072 0.173039612339109 -0.0179612473017114 -0.984204504728723 0.0328051677116178
1636513592.2638 12.3206337965779 -0.344626155247897 -2.04298562303601 0.14581498385797 -0.0193101252873731 -0.988559237679765 0.0334027415325179
1636513592.86412 12.0286169331066 -0.371664017900648 -3.16338853191645 0.12903162843198 -0.018539070590098 -0.990917098433246 0.033021898165971
1636513593.46442 11.6929514040429 -0.404739047498093 -4.27987331307347 0.137204045040012 -0.0183779419559774 -0.989856331623371 0.0319647308645714
1636513593.96468 11.3602423729765 -0.427164208662298 -5.21208672592916 0.154542396905006 -0.0191621912575591 -0.987318483018477 0.0308491665228838
1636513594.56498 10.8662439728886 -0.449003947824342 -6.27606896508926 0.1967357303561 -0.0181172363382287 -0.979848183857388 0.0293999105457027
1636513595.06525 10.3643933234259 -0.462989142589 -7.0870041893262 0.247467413286035 -0.0181593643140307 -0.968275275305354 0.0295484023522587
1636513595.66555 9.62865595980448 -0.47351837536955 -7.97184701151256 0.311974676372953 -0.0194533149788694 -0.949440182614916 0.029269599834632
1636513596.16582 8.94102679276443 -0.475729008909187 -8.63495688043227 0.366720070798226 -0.0190863414025982 -0.929695346264334 0.0286123116865175
1636513596.76613 8.00458258895477 -0.468859496046527 -9.27931820552346 0.441530459760913 -0.0159619402980243 -0.896707744102652 0.0266700437114637
1636513597.36643 6.99883332239164 -0.462679899207051 -9.72454929699931 0.521870457735215 -0.0133045220205883 -0.852587533264968 0.0238477076088814
1636513597.86669 6.12284991496112 -0.453011944097639 -9.90973332082563 0.592397265576426 -0.011727392776552 -0.80521020105575 0.0237587902048304
1636513598.36694 5.24876305093733 -0.421920752330549 -9.90093191968988 0.668544870221399 -0.009475384075564 -0.743326083449591 0.0205987198817126
1636513598.96725 4.23472878930945 -0.408291108206144 -9.67772240497522 0.75213372202311 -0.00953374949431628 -0.658733541078946 0.0165557746371343
1636513599.46751 3.45826617772353 -0.382163922988185 -9.31425307836627 0.813022962061378 -0.00818773342151554 -0.582009664165662 0.0138338353371031
1636513599.96777 2.75966513003337 -0.349796182839577 -8.80998696246757 0.864071363194109 -0.00765278888791131 -0.503161702733261 0.0122643806479068
1636513600.46802 2.1424712753488 -0.326842829998116 -8.20128071362722 0.905517800160541 -0.00572801117585486 -0.424149441055006 0.0100972834519785
1636513600.96828 1.62732960671732 -0.294140802615187 -7.48167160710805 0.937817298016351 -0.00504268578359839 -0.346977678699384 0.00893181648852513
1636513601.46853 1.1624540064651 -0.262948879847934 -6.67756463562644 0.960319954682532 -0.00407053345577261 -0.278810252028512 0.00581882803683944
1636513601.96879 0.810458319625229 -0.225573115865411 -5.81002196836536 0.976338290850983 -0.00256394165068569 -0.216177983415075 0.0049038258518867
1636513602.46905 0.533629417874338 -0.19065360587737 -4.90530392948555 0.986191287325013 -0.000777156399539724 -0.165577890480238 0.0031785242297389
1636513602.96931 0.315735864817412 -0.168392383365446 -3.96261811317532 0.991643375337977 0.000564941159259575 -0.12897423399089 0.00295701813541156
1636513603.46956 0.145422757946414 -0.129162349673558 -3.00341486959445 0.994545814870772 0.00178559708739148 -0.104264924228426 0.00206381726747483
1636513603.96983 0.0105326704064607 -0.101277464849015 -2.02800497100933 0.996144695607599 0.00126300418771522 -0.0876493172510219 0.00342745075752149
1636513604.47008 -0.100136619696555 -0.070818531052874 -1.03088637698878 0.997193156059061 0.000516694638595726 -0.0747449211858173 0.0043288904521049
1636513604.97243 -0.2142696042543 -0.0443852799696019 -0.0302971680721145 0.998152964963742 -0.00162044955245643 -0.0607273121519162 -0.000475642872659584
1636513605.47062 -0.229640713520216 -0.0057629070304941 0.990161987790569 0.99942466599964 -0.0052108253920961 -0.0332626560200222 -0.00409634040760045
1636513605.97086 -0.098785777798514 0.0258878448453794 2.02545126541616 0.999883463675576 -0.00608289274277863 0.0138229606095699 0.00223231807744223
1636513606.4711 0.0957065575275009 0.0603319715116805 3.00278818217676 0.997317372000343 0.00133927439666967 0.0731739678606086 -0.00135509333752207
1636513606.97226 0.392444623356547 0.0997921684621156 3.92423182161042 0.990611049225979 0.00352459640038258 0.136476403481752 -0.00717758067213651
1636513607.47162 0.763296666179272 0.112506291817786 4.69336218511058 0.981673211503459 0.00536028404684557 0.190319580146432 -0.00821161277143198
1636513607.97188 1.13014295661843 0.11846528437879 5.25187422917066 0.9730762912811 0.00813034295063391 0.230258994733067 -0.00610116502337673
1636513608.47214 1.40071226440718 0.12960851784362 5.65374839951435 0.965809774541884 0.00822730112783838 0.258999005601465 -0.00795650758555383
1636513608.97241 1.58287510168608 0.128805322445994 5.88418487679904 0.961322883078685 0.00858984823536417 0.275190599016376 -0.00739345586223218
1636513609.5727 1.61254170132091 0.127648068030824 5.93557853802814 0.96013175397381 0.0100118745823888 0.279265074133298 -0.00760235146809813
1636513610.07333 1.61665663433843 0.129541574560671 5.92924702800769 0.960131563648124 0.0105110816550822 0.279243183069017 -0.00775515045189261
