1636513559.64669 0 -2.77555756156289e-17 0 1 0 0 0
1636513560.14695 0.0190729523957958 -0.00655187754890821 0.00551759865391693 0.999999964118997 -0.000118942659768646 0.000111611449639043 0.000212503018507398
1636513560.6478 0.0220661535318906 -0.00855571460888341 0.00914212572443429 0.999999962574921 -8.68844250798029e-05 6.57203262314919e-05 0.000250962331609828
1636513561.14747 0.0156621019163321 -0.0135336157429152 0.0138879895927158 0.999999844155065 0.000557154000007766 2.94072853797705e-05 -2.01116198920741e-05
1636513561.64771 -0.00268380959416602 -0.00479677797104069 0.196977352457705 0.999996656322348 -0.000156894886515921 0.00127138214885937 -0.0022464005763003
1636513562.14797 0.0434434890800595 -0.00672884827231926 0.584589655221871 0.999922682751227 -0.00162657378546012 0.0117547864476578 -0.00371588117128015
1636513562.64823 0.156989417020088 0.0141734629093219 1.10096085005969 0.999327303039446 -0.0021120331863455 0.0364480673048096 -0.00346685815573879
1636513563.14849 0.337432696124497 0.0312600175491697 1.78141389900549 0.996930970800855 -0.00238567594042206 0.0780297342722595 -0.00585735245427788
1636513563.64874 0.628737645626586 0.056033126835372 2.51670128992274 0.990735547569771 -0.00181166474464939 0.135565902357839 -0.0078535832830668
1636513564.149 1.06617184616064 0.0887058369995675 3.28020098968218 0.977605677047164 0.00103816705217764 0.210050600412691 -0.01283774437334
1636513564.64926 1.63128796363378 0.0935880822521228 3.93854258685582 0.953497776375217 0.00453441747568975 0.300673531209692 -0.020417079506319
1636513565.14971 2.33934684371713 0.0972881450815777 4.44773102085567 0.918687918537836 0.00817211624308699 0.394256306815291 -0.0225319636316038
1636513565.64977 3.10510819246354 0.0773593888244637 4.79577051979141 0.876539367020196 0.00707070364068324 0.480669437454854 -0.0241998989810805
1636513566.15003 3.91083963010475 0.0852865613949808 4.982897591626 0.826755580840277 0.0104352576223998 0.561855428509977 -0.0261685383940394
1636513566.65029 4.73315436702375 0.0575714161752243 5.01029529062698 0.77089775687627 0.00988888605309788 0.636401904406267 -0.0247280092979906
1636513567.15072 5.54573278656182 0.035937074894307 4.91328957685465 0.707503882005403 0.00988716758912452 0.706088009846704 -0.0279324759924596
1636513567.65097 6.32870518901971 0.0151419039203105 4.65451597657169 0.637558425944139 0.0099193671786775 0.769777958272739 -0.0293726849276646
1636513568.15122 7.04719556455255 -0.0143692141290731 4.2420302949647 0.561716318811166 0.0102987066764495 0.826705019551445 -0.0304552864125196
1636513568.65149 7.68457473802577 -0.0407596736378494 3.71903327045366 0.487367204128782 0.0126133881132952 0.872561697836711 -0.0308252209775244
1636513569.15174 8.27096400505311 -0.0690288525718221 3.08996398850981 0.41807351393723 0.0145465518517041 0.907772676865437 -0.0308496662860759
1636513569.652 8.80104590493035 -0.0984822513271608 2.39481217098301 0.351710383730952 0.0119359064020359 0.935489311923421 -0.031891807588038
1636513570.15226 9.26377402191463 -0.121478010248031 1.62580795383621 0.292677194634122 0.0126107298598568 0.955592876885732 -0.0319887930180601
1636513570.65251 9.67733003990713 -0.15334057080588 0.812645584027348 0.248097295102042 0.0141117023213107 0.968065737814391 -0.0331258100357544
1636513571.15278 10.1020956594867 -0.195495511000748 -0.035811933381521 0.224845025324023 0.0139015853811838 0.973749765688989 -0.0326014467710758
1636513571.65303 10.5332969004692 -0.229875368644991 -0.898654808955864 0.224866653556033 0.0133898951367298 0.973735803271661 -0.0330799675579023
1636513572.15332 10.9747158695865 -0.258948706823696 -1.76322756411614 0.233645900826044 0.0146368604874798 0.971665724949267 -0.0325741354616319
1636513572.65355 11.4578695023214 -0.298074740488517 -2.62772125767982 0.251778400503158 0.0154298333837755 0.967130946768926 -0.0320513507306764
1636513573.15381 12.0001451659977 -0.334654683538005 -3.42694248242023 0.278910274231093 0.0152286772272785 0.959657247393209 -0.0321731851692174
1636513573.65408 12.5890277102492 -0.367712330258319 -4.19257796102076 0.31409221906517 0.0159875446793458 0.948701510706244 -0.0324949214729462
1636513574.15432 13.235011826011 -0.399395949930356 -4.9128622139172 0.352902383830244 0.0157676852508301 0.935022091300204 -0.030740467942995
1636513574.65457 13.9511319439451 -0.425968964691628 -5.5322891188717 0.398432227414216 0.0157953457292653 0.916615367652243 -0.0286100505903679
1636513575.15482 14.7331195137986 -0.45692676155395 -6.07674976891835 0.445133749493124 0.0152240276567256 0.894933924710378 -0.0267851534731208
1636513575.65508 15.5754274894987 -0.479554303803047 -6.52471987142713 0.492625564108924 0.0142490603667738 0.869713240710163 -0.026756247839605
1636513576.15535 16.4476013791738 -0.5013253216259 -6.8536133213253 0.547484566309301 0.0162975998012023 0.836291374652719 -0.0247340772074144
1636513576.6556 17.3653113366976 -0.516987349951118 -7.0260556175824 0.605728668894016 0.0119619145524458 0.795209867958112 -0.0243096314691412
1636513577.15589 18.269669228677 -0.525737672354298 -7.07275488610084 0.665232307328935 0.0108005399774444 0.746227162801626 -0.0222339182118836
1636513577.65612 19.1552547340255 -0.532651146381183 -6.95024738724971 0.725242280642216 0.00896301962376226 0.6881470252023 -0.0199241148693459
1636513578.15637 20.0030620924152 -0.528515116245823 -6.69088655236108 0.779648715725501 0.00926960889903 0.625833983970473 -0.0198438636883555
1636513578.65664 20.770278657926 -0.530835716426717 -6.29123340037238 0.831312766258134 0.00918786894930962 0.555440473172115 -0.0179038678155251
1636513579.15691 21.4775608241967 -0.521146239216596 -5.77893774400643 0.874856963486038 0.0100385583523037 0.484039079110518 -0.0151885048651287
1636513579.65716 22.0727750831027 -0.511022748418198 -5.149583334151 0.911505651115077 0.00975363630324837 0.410974154535614 -0.0127498575631568
1636513580.15741 22.5684065059413 -0.505215217368635 -4.42664741323037 0.941824249244543 0.0101095074787888 0.335792429202976 -0.0104079721105633
1636513580.65766 22.9280389085831 -0.485206817196053 -3.65744261079031 0.965383778465684 0.0105803350082597 0.2604578563396 -0.0091608873704001
1636513581.15792 23.1844557073733 -0.474239102498351 -2.81594974733564 0.982799272299463 0.00754486365186858 0.184415795754042 -0.00628328548806953
1636513581.65818 23.3433988575105 -0.465022943527781 -1.93766026481666 0.993693216690763 0.00577600534821882 0.111936055952021 -0.00327845129402469
1636513582.15843 23.3521019275088 -0.438852833858122 -1.05478959341501 0.998982073257965 0.00400793467616347 0.0447714275633884 -0.00377796807636088
1636513582.65869 23.2963153534593 -0.415597831283261 -0.162155383412912 0.999892629317176 0.00323175734701188 -0.0142901945078772 -0.000275540489002919
1636513583.15895 23.0887670441307 -0.385543875727084 0.731637734361732 0.99703889689382 0.00138674418954537 -0.0768857421907086 0.000312520544490015
1636513583.6592 22.7798804042697 -0.349147743935471 1.59277678426099 0.989387404812158 0.00029313967878463 -0.145255702228665 0.00364118637921895
1636513584.15946 22.3253128629492 -0.321805653531286 2.39353231333608 0.975516706379719 -0.0038087035686366 -0.219681703293238 0.00962281608327995
1636513584.65972 21.723826789631 -0.294362389971108 3.06361925008916 0.952360353059445 -0.00619356347540527 -0.304706308329427 0.0112010426397244
1636513585.15997 21.0585839260777 -0.265870039775132 3.64303196847894 0.92374105761537 -0.00684530794378958 -0.382777621832479 0.0117001050877877
1636513585.66023 20.2930946978237 -0.236514743884371 4.08626580181118 0.887645506271441 -0.00960049962976016 -0.460134728447022 0.0164108890667714
1636513586.16086 19.4657234967382 -0.2072644449172 4.34505805562475 0.84196523840895 -0.00840676301372695 -0.539173663355007 0.017765820862893
1636513586.66074 18.6215985094205 -0.191289457663562 4.45243374319496 0.785125062030234 -0.0110395466612001 -0.618915122912342 0.0200208893892663
1636513587.1631 17.7677469749749 -0.179167884590452 4.39856922852605 0.723949432681131 -0.0114143888140356 -0.68944764516106 0.020709302994991
1636513587.66127 16.9177958794582 -0.171339834823657 4.22529491204596 0.660742354696333 -0.0147009918213895 -0.750086575783119 0.0239489118702101
1636513588.16249 16.1418693975677 -0.160120828261229 3.87146382294068 0.591417847537404 -0.0119478225460515 -0.805885024000984 0.0251298078298329
1636513588.66177 15.4196024643789 -0.161486375270167 3.42500215159224 0.518739642351196 -0.0127468158587895 -0.854367197041333 0.0283442191381712
1636513589.16204 14.7674571934124 -0.166438506951731 2.85518478276468 0.447585746556982 -0.0135660332893593 -0.893624550947982 0.0303005637379859
1636513589.66229 14.201813032363 -0.18303718124382 2.18810396490101 0.379541516179008 -0.0137591445477959 -0.924536971181936 0.0314692287097238
1636513590.16275 13.7040380751726 -0.196940217664851 1.44428409586544 0.317888452271092 -0.0141895072088607 -0.947490740676229 0.031731469090973
1636513590.66298 13.2709730896661 -0.211067615581664 0.639890456907679 0.263083424075128 -0.0147972362499126 -0.964142224413768 0.0315899490145718
1636513591.26414 12.8474239149423 -0.242083183260239 -0.389996205012048 0.207617576455022 -0.0146664943320126 -0.97755973360731 0.0325085084332984
1636513591.76354 12.5604167098394 -0.268064973973844 -1.2780187354514 0.173039612339109 -0.0133695666768177 -0.984259496052413 0.0333435402897797
1636513592.2638 12.2870830648643 -0.292704201357968 -2.1874904001859 0.14581498385797 -0.0146974907293253 -0.988620096153522 0.0339452460613156
1636513592.86412 11.9956202085825 -0.321701742046103 -3.3082058019922 0.12903162843198 -0.0139160775768805 -0.990974571449287 0.0335645704570834
1636513593.46442 11.657553002212 -0.35675522269976 -4.4236385895737 0.137204045040012 -0.0137613059279243 -0.989913630366512 0.0325066285303335
1636513593.96468 11.3216922170355 -0.380986792473613 -5.35433540815802 0.154542396905006 -0.0145588046695727 -0.987380020579687 0.0313908223132808
1636513594.56498 10.8211148544799 -0.405387339816273 -6.4148965651111 0.1967357303561 -0.0135503641237317 -0.97990574151893 0.0299362284131048
1636513595.06525 10.3123644912435 -0.421980558974814 -7.22162382925852 0.247467413286035 -0.013645745739266 -0.96833307414345 0.0300787384149319
1636513595.66555 9.56874055127124 -0.436060974255946 -8.10006728937215 0.311974676372953 -0.0150270697210391 -0.94950430843164 0.0297918906305623
1636513596.16582 8.87480828025675 -0.441531730274463 -8.75673297859642 0.366720070798226 -0.0147522120821239 -0.929758337749323 0.0291237926452263
1636513596.76613 7.93068328970771 -0.43900519249487 -9.39077168444758 0.441530459760913 -0.0117828997109461 -0.896757687795822 0.0271600028867665
1636513597.36643 6.91876172907963 -0.437284273355715 -9.82335915300997 0.521870457735215 -0.00933320075912954 -0.852627171137631 0.0243109799199344
1636513597.86669 6.03912344507749 -0.431614118045776 -9.99664370321108 0.592397265576425 -0.00797506144976401 -0.805243113753932 0.024195162415648
1636513598.36694 5.1636374219083 -0.404160089002973 -9.97339325410202 0.668544870221399 -0.00601328872003043 -0.743350933083714 0.0209996938785918
1636513598.96725 4.15214261245684 -0.394421925762373 -9.7331728020653 0.75213372202311 -0.00646797510307629 -0.65876170999056 0.0169126858908482
1636513599.46751 3.38043484337501 -0.371392485946626 -9.35636974628616 0.813022962061378 -0.00548013043637968 -0.582033883295867 0.0141488524932515
1636513599.96777 2.6886387394428 -0.341735639974644 -8.84063075541173 0.864071363194109 -0.00531157329890033 -0.503185132215364 0.012537512288
1636513600.46802 2.07983940848222 -0.321247413446277 -8.22206979955583 0.905517800160541 -0.00375478069900644 -0.424165979343162 0.01032652807932
1636513600.96828 1.57398319652062 -0.290429134126427 -7.49492863770053 0.937817298016351 -0.0034275455476111 -0.346992501279183 0.00911984258885846
1636513601.46853 1.11847898270816 -0.260882108123967 -6.6853562189903 0.960319954682532 -0.00277457389030071 -0.278822965656019 0.0059699414611239
1636513601.96879 0.775243126319801 -0.224762855944041 -5.81402386583501 0.976338290850983 -0.00155857510353999 -0.216184898859034 0.00502017600668335
1636513602.46905 0.50609239508252 -0.190796052893123 -4.90689414696248 0.986191287325013 -7.9214545036043e-06 -0.165578011681555 0.00326600506235334
1636513602.96931 0.294057255237516 -0.169177347029975 -3.96288701253775 0.991643375337977 0.00116477303741471 -0.128968669154125 0.0030235457146144
1636513603.46956 0.128182305121294 -0.130361126229384 -3.00290072548247 0.994545814870772 0.00227004609144203 -0.104254460540869 0.00211576726187231
1636513603.96983 -0.00359628193016964 -0.102497965000048 -2.0272992426581 0.996144695607599 0.00167258406703137 -0.0876407263849763 0.00347144841473092
1636513604.47008 -0.111530313069448 -0.071910613659712 -1.03013095504517 0.997193156059061 0.000867914934497504 -0.074739440442806 0.00436718157770523
1636513604.97243 -0.221733940683681 -0.0452239383020314 -0.0297125273168185 0.998152964963742 -0.00134056888840648 -0.0607343913838785 -0.000441715265691361
1636513605.47062 -0.231711991467139 -0.00571330976534046 0.989987234497175 0.99942466599964 -0.00506275368645995 -0.0332885269986799 -0.0040717916052479
1636513605.97086 -0.0947918109662138 0.0273084696267096 2.02422897259557 0.999883463675576 -0.00614360156157411 0.0137958962775868 0.00223348917244675
1636513606.4711 0.108963928123125 0.0621990782502254 3.00093988759251 0.997317372000344 0.00099938248632949 0.0731786468970775 -0.00139512697889076
1636513606.97226 0.415530955266765 0.103070896635853 3.91945450521745 0.990611049225979 0.00288425301165279 0.136487415842319 -0.00725365788103507
1636513607.47162 0.7938823322772 0.117622032143765 4.68518283646165 0.981673211503459 0.00446977926676193 0.190337942728546 -0.00831832000203753
1636513607.97188 1.16566833409902 0.12532137879449 5.24093276807809 0.9730762912811 0.00705821951850782 0.230290834283911 -0.0062325378995135
1636513608.47214 1.4401572684471 0.137823959765965 5.6400987361272 0.965809774541884 0.00701986459693977 0.259030002337578 -0.00810301113103697
1636513608.97241 1.62425522762569 0.137968406798874 5.86900783774454 0.961322883078685 0.00730838897847321 0.275223392676565 -0.00754891008198026
1636513609.5727 1.65452421970087 0.13679371281694 5.92023799982244 0.96013175397381 0.00871129012678389 0.279304281130503 -0.00776189266056264
1636513610.07333 1.65866999495668 0.138634711131441 5.91397841130262 0.960131563648124 0.00921038220207429 0.279284615203666 -0.00791536839569723
