1636513559.82791 -8.04245198335329e-05 0.000929025475876477 -0.000871932852865625 0.999999998331593 5.57084792739707e-05 -1.41004014370035e-05 5.87870357547643e-06
1636513560.16289 0.00014894197733353 0.000361099828039668 -0.000608298508669764 0.99999999821706 4.38026782799749e-05 -3.91747415453055e-05 1.06087361664488e-05
1636513560.49772 7.77317775857295e-05 -8.52139237589311e-05 0.000356007704841798 0.999999999851346 3.70884868903004e-06 -8.07820844981298e-06 1.47748076693764e-05
1636513560.83261 0.000189308816729773 0.000105209143217988 0.000383744673328875 0.999999999608919 -2.02669341433666e-07 -2.02516761401343e-05 -1.92870617397817e-05
1636513561.30177 0.00431247212537643 0.0621822215191685 -0.000918737321274347 0.999999141389265 0.000748134533185302 -0.00107564827438974 2.22765221597488e-05
1636513561.6365 0.0152775512571306 0.207587346265521 -0.00188726819248728 0.999990136970375 -0.000386394620636587 -0.00413235272749761 -0.00158124068493058
1636513562.03842 0.0481952879761263 0.49111258459507 0.018398029319685 0.999940661903169 -0.00224131070535271 -0.00426618971539564 -0.00976979141470431
1636513562.37352 0.0992281745557149 0.79110173925078 0.0259094696862817 0.999711882780554 -0.00235557910616239 -0.00322922901110077 -0.0236680112055982
1636513562.77522 0.177281790284514 1.24053385382831 0.0385688158097461 0.998785751726009 -0.00268355795015694 -0.00369081362163768 -0.0490530178546488
1636513563.24412 0.345374427808715 1.85943184007047 0.0571477912399414 0.995468222585658 -0.0029157756200204 -0.0018510782432838 -0.0950320450375646
1636513563.64644 0.557852823319306 2.448178479122 0.0769356177225919 0.989591197863984 -0.00118633567939984 -0.00228244652793163 -0.143884134481981
1636513564.04815 0.855061979928459 3.04133069122497 0.0939310351975146 0.978731336156095 0.00201094954689343 -0.00455190248483418 -0.205085854928595
1636513564.44993 1.22118692960148 3.58840084328606 0.105219174765359 0.960687342527211 0.0052701770386566 -0.00836117827559388 -0.277456565681605
1636513564.85205 1.6892656667218 4.06851457783931 0.12926935865617 0.935466162960609 0.00902346812352525 -0.00504266555379545 -0.353265065500245
1636513565.32076 2.29622408610638 4.53986270815575 0.140234429168922 0.898669247633061 0.011726571098275 -0.00498336043983436 -0.438441828533308
1636513565.65569 2.78278849209072 4.80954214304302 0.180676476699845 0.869016193492164 0.0120745411443891 -0.00183354879675884 -0.494632893167602
1636513566.05759 3.36566939798986 5.01999983194286 0.182514688810983 0.827810302453151 0.0159155741812732 -0.000712688337674712 -0.560781855739142
1636513566.39251 3.87938158296472 5.12187599327292 0.21580667955209 0.791309229882233 0.0150817868211357 0.00354715188355655 -0.611219813261141
1636513566.72748 4.38544862787419 5.15922697495831 0.238033905350222 0.751175031340586 0.0161778296010423 0.00487714672296592 -0.6598867808645
1636513567.06246 4.8854721117122 5.15047787095624 0.254954026324525 0.70750774827512 0.0165255911802209 0.00511171641789847 -0.706493850873507
1636513567.46429 5.48294851400446 5.05552490346241 0.278928791306674 0.651157733040261 0.0168283554185176 0.00684399669715003 -0.758724965231134
1636513567.79942 5.97997532754426 4.88808949270326 0.295505601840897 0.601483550932764 0.0175377198825167 0.00819213540158718 -0.798650646563438
1636513568.20128 6.54916367938244 4.59479172471087 0.310058259254505 0.539141428511211 0.0186355015237652 0.00969177791994981 -0.841953269241588
1636513568.5362 6.99067813708042 4.30877215858243 0.317461163372025 0.488976586117875 0.0216093079328652 0.0112121233889561 -0.871957122987296
1636513568.87098 7.40906023435439 3.95883161845376 0.32607844435511 0.441394008346872 0.0235080608334275 0.0135870066953244 -0.896902499561906
1636513569.20599 7.80388536047537 3.563146663083 0.32768184567363 0.395008090911976 0.0234390389626963 0.012767397927393 -0.918289830672617
1636513569.60792 8.23182744142379 3.02732997847923 0.333354078387589 0.34216307478886 0.0229985274312727 0.0143129288956488 -0.939250040220097
1636513569.9427 8.75126200507365 2.55540010979586 0.271330788319966 0.299574525552043 0.024909591189321 0.0139537880135223 -0.953645588102374
1636513570.34469 9.10118138982647 1.92676303157164 0.275948194089342 0.25815109810984 0.0265205867920632 0.0143463332910587 -0.965633911864113
1636513570.67975 9.37940274306444 1.37894882527906 0.264501226679913 0.231865502568619 0.0266662814543032 0.0142485387066516 -0.972277880699097
1636513571.01447 9.64244611253852 0.801646948546347 0.270598896675586 0.215692730160722 0.0265089959828916 0.0150749140819071 -0.975984972350095
1636513571.3496 9.89860001927749 0.215753298778599 0.262521461906752 0.211689521117381 0.028057241008163 0.0144143272224008 -0.976827807265349
1636513571.68433 10.1421826346621 -0.380327156209956 0.26607422617181 0.213867762257199 0.0266393822783509 0.0142699091921752 -0.976395049798274
1636513572.01933 10.3943061155602 -0.983858017404275 0.262692525947813 0.219697943031268 0.0284786722294562 0.0148370395860455 -0.975039302444881
1636513572.35427 10.6630276815575 -1.58527718199645 0.263375183712714 0.229723016061944 0.0277952811727545 0.0145591372102378 -0.972750116812958
1636513572.68934 10.9431974187593 -2.17776782535981 0.268158130022656 0.244144702508802 0.0295908458052197 0.0152935297514959 -0.969166577028511
1636513573.09284 11.311518220781 -2.86240315370139 0.26966377552938 0.266329823068989 0.0294174002277157 0.014469336141037 -0.963324286115284
1636513573.49287 11.7001058695492 -3.52136204623863 0.265493980444527 0.293986765144867 0.0307085141063048 0.0136650133924182 -0.955218318757563
1636513573.89516 12.1258895096081 -4.15603246672453 0.2661365817683 0.324807200995267 0.0295511913418597 0.013842425554686 -0.94521711607792
1636513574.22978 12.5154702230328 -4.65866665308272 0.276481071312419 0.351660129286354 0.030673258190932 0.0144633194102172 -0.935513290709381
1636513574.63184 13.0282741106454 -5.22739482167824 0.282622079473727 0.389143585400235 0.029862815909764 0.0155588200633253 -0.920561461981777
1636513575.23458 13.8687609712853 -6.01580350497452 0.291169997295365 0.445483840347089 0.0303662955964244 0.0154325034546254 -0.89464175730763
1636513575.63669 14.4883301920884 -6.4597906351907 0.295190877792345 0.484493979974725 0.0291877620617165 0.0146350652706421 -0.874185033490395
1636513576.03848 15.1252426340327 -6.83456375888888 0.3085627757331 0.52867221803198 0.0307707950454248 0.0147746942575025 -0.848139465219616
1636513576.50718 15.9182660190575 -7.1652888657614 0.327413095767984 0.583205786646919 0.0253559377451396 0.0127726428313008 -0.811828150803923
1636513576.84238 16.4991275800474 -7.34752055526569 0.342525476090628 0.623050341240284 0.0252322055682943 0.01263833031905 -0.781672489402865
1636513577.17732 17.0875596680115 -7.45783691838815 0.365721225789411 0.663664414221727 0.0234614897048427 0.0120791747014973 -0.747564844903165
1636513577.51232 17.6715043045006 -7.50760862101316 0.390289086017669 0.704425510380718 0.0215757461309488 0.0117536907332465 -0.709352548637068
1636513577.84727 18.2628279337091 -7.48488892357385 0.413928407697102 0.741987625309087 0.0205194271832546 0.0100158055322404 -0.670024626887545
1636513578.31581 19.0690922706982 -7.35189391052617 0.445160552855621 0.792921862532892 0.0193232342293422 0.00742830461654841 -0.608971553380625
1636513578.71803 19.7276857563472 -7.14530820148999 0.465999298865281 0.834104431090153 0.0187458038053461 0.00573287993927656 -0.551258130972293
1636513579.05287 20.2524417371398 -6.90731976667682 0.490928804591443 0.862972001611954 0.0187795353376887 0.00507707169047833 -0.504877090814594
1636513579.38779 20.7450445758036 -6.60605278136483 0.511891223401578 0.889299554729738 0.0182825423640395 0.00360390650857635 -0.456945360475489
1636513579.85687 21.3761292983623 -6.08862594598624 0.551631778926837 0.921234780969146 0.016581144857174 0.00215734533696718 -0.388647513602045
1636513580.19158 21.7798390211351 -5.68112229646319 0.578897797095579 0.940828535638241 0.0167182450269443 0.00177419244550384 -0.338465683715776
1636513580.59354 22.195813519793 -5.13818680145564 0.59881055871127 0.9603454878452 0.0153618945701065 -0.00139158832301514 -0.278385738953203
1636513580.99559 22.5631723301319 -4.54006092177646 0.618480907948158 0.97613202135007 0.0120386948510012 -0.00239624068675813 -0.216830820576507
1636513581.33019 22.8205555484489 -4.01058148194192 0.637778391987325 0.985893978159605 0.011061574357745 -0.00129793228834967 -0.167000062194992
1636513581.66529 22.998715547398 -3.45709494000245 0.666915547573554 0.992774435896514 0.00802150364353845 -0.00267618959895029 -0.119697171724673
1636513582.13423 23.1567370541048 -2.65805993459123 0.692669756954957 0.998277739692862 0.00559392413246948 -0.00658516109762391 -0.058024978240656
1636513582.46925 23.2305687822011 -2.06750730885348 0.700163761371204 0.999798072948861 0.00491699678094246 -0.00628112497790412 -0.0184440759978022
1636513582.80413 23.2483020938066 -1.4632022695429 0.721053566797939 0.999743156228612 0.0027911825893213 -0.00688034468788765 0.0214124200122719
1636513583.20609 23.2029055859085 -0.729043038058069 0.746983783725772 0.997252916818742 0.000756285124684912 -0.00827290328789775 0.0736043952526672
1636513583.60855 23.0758262410365 -0.0283053679637445 0.765687826056605 0.991557025930203 -0.00180966089381051 -0.0076237738760432 0.129434414001022
1636513583.9429 22.9150843714193 0.559281571726816 0.781200474277331 0.983925203789204 -0.00573130725397688 -0.00494550476905627 0.178420535387926
1636513584.27772 22.6921377896791 1.11971872310609 0.790921739039378 0.972550979947295 -0.0101858696888951 -0.00400651448282538 0.232432328439776
1636513584.6127 22.3989521599748 1.62723596150379 0.794024889678789 0.956700482800868 -0.0113494747175855 -0.00709113918108753 0.290766386257654
1636513584.94962 22.0486092359487 2.10020532673651 0.782821001762273 0.938984551122787 -0.0119203306830003 -0.0113219670506583 0.343566196723789
1636513585.28269 21.6582817788747 2.54171317608912 0.771150949921412 0.918889577589257 -0.0140186062459506 -0.00948151151532286 0.394151650784494
1636513585.61742 21.229316453806 2.92636463691713 0.768744694653127 0.894302021179215 -0.0171170209952072 -0.00934054428549753 0.447038764246984
1636513585.95251 20.7459583825699 3.23772245774562 0.749801614904641 0.865640267817085 -0.016273524329874 -0.0113577792815498 0.500273025446348
1636513586.35438 20.1286590349141 3.53357481237512 0.737308889585285 0.825008207954795 -0.0186529128865299 -0.013418772270758 0.564653400059551
1636513586.6892 19.5990408112446 3.72036193378123 0.723094563255444 0.785995498681284 -0.021785090419986 -0.0133651921722052 0.617703697193365
1636513587.09129 18.9321163957879 3.84946012545612 0.701922999559073 0.738087293421697 -0.0222209915649168 -0.0160584506477644 0.674147981518968
1636513587.426 18.3625167314291 3.88403408810743 0.680440472479664 0.697811416666776 -0.0257018577971459 -0.0151385566055802 0.715660160536537
1636513587.76104 17.7917144168507 3.83976782102141 0.664037043896381 0.654539366429955 -0.0253791125309772 -0.0163116865143505 0.755425739119121
1636513588.09607 17.2193556562123 3.71827209790387 0.626348003198276 0.6086577817085 -0.0239455801131947 -0.0170878136545313 0.792887331582009
1636513588.49778 16.5624105922791 3.51505679352157 0.600939701461692 0.551345261835285 -0.0254555213604657 -0.0163181742469558 0.833729054233624
1636513588.89981 15.9432017192555 3.24583900043297 0.569497031541117 0.494119314111892 -0.0273253028712286 -0.0149131372723597 0.868836595443173
1636513589.23479 15.4501585448651 2.93793040658095 0.549353733380605 0.44823212472415 -0.0265031614585998 -0.0163367105254741 0.89337486907075
1636513589.63671 14.8948055431747 2.51674612100036 0.51899231091059 0.394818236368423 -0.0269942747177234 -0.0160931036757243 0.918221586207531
1636513589.97161 14.4680745550646 2.10526844446708 0.49983497959432 0.353809959825718 -0.0276369364213632 -0.0165994662583601 0.934761557721167
1636513590.37338 13.9797038275865 1.55499760709779 0.475438012742171 0.307862717501188 -0.0283103544948996 -0.0169284717829033 0.950858821194951
1636513590.777 13.527772066575 0.95214305838656 0.461269427797847 0.266405695948363 -0.0292503961467931 -0.0190275939165336 0.96322913689385
1636513591.11034 13.1927021284899 0.424661987075295 0.437760866393829 0.235870095884295 -0.0290143049631783 -0.0173999943554909 0.971195504608349
1636513591.51222 12.823348120134 -0.248850695603387 0.414584584476909 0.205760616647173 -0.0279670094125832 -0.0172475592584396 0.978050579837832
1636513591.84727 12.5440692154111 -0.826936375380396 0.394259844990794 0.184823744718999 -0.0274315945393757 -0.0168217163721223 0.982244735729018
1636513592.18214 12.2803343368872 -1.41755507519161 0.372605010778475 0.167172276950527 -0.028591168156377 -0.0161618230709774 0.985380520610009
1636513592.51703 12.0252030912878 -2.02380311300752 0.357123319277926 0.154166924369294 -0.029786317466182 -0.0160443943367681 0.987465397941965
1636513592.92106 11.7281884770479 -2.77058698179453 0.333773907520003 0.148531735748433 -0.0273496567785326 -0.0175375335768118 0.988373792988107
1636513593.25379 11.4808480530979 -3.39059127201662 0.316808755532153 0.152464863375609 -0.02691862879597 -0.0177126756803715 0.98778343475675
1636513593.72283 11.12242081323 -4.24708479597841 0.288724495742174 0.165907901698139 -0.0286010002493211 -0.0187933946483697 0.985547238470307
1636513594.12481 10.7796854651453 -4.97071418696298 0.265696588700901 0.184718158461248 -0.027136054476394 -0.0200270383661009 0.982212682781292
1636513594.52647 10.3926827158886 -5.65151306804967 0.239903231634671 0.216415866466927 -0.0265671508701743 -0.020542192845364 0.975723514910404
1636513595.06245 9.84819099746882 -6.50143923815966 0.19349770217553 0.27075235801472 -0.0262695777325562 -0.0198977348545552 0.962084793592997
1636513595.39748 9.46752095635519 -7.00523776047384 0.169664790470884 0.307089366696148 -0.0271431640331356 -0.0196875575070617 0.951089779982855
1636513595.73213 9.03162482743856 -7.4761985579033 0.147383037742488 0.342564780044549 -0.0279746057983358 -0.0188673577116106 0.938888074115568
1636513596.13514 8.4676663823771 -7.99056490729565 0.110996485620685 0.386865649881473 -0.0270561078596614 -0.0187857236705346 0.921547629021662
1636513596.46932 7.94347714827702 -8.36357734000216 0.0944134245847787 0.427107327584477 -0.0262687269119043 -0.0197976374592356 0.903602422673327
1636513596.87111 7.28282104755567 -8.74486269056693 0.0531344037257618 0.479409645548496 -0.0230760698122686 -0.0195075382753826 0.877070888074345
1636513597.2061 6.71659613950617 -8.99949463490531 0.030129123408241 0.524040282886925 -0.0204056667172034 -0.0202487407977506 0.851208187915109
1636513597.54082 6.14836461427127 -9.16555351720742 0.0167963898240377 0.569538469385879 -0.0202622144641128 -0.0190796430117274 0.821493360762669
1636513597.9435 5.45565223393813 -9.29979427126949 -0.00929464219517046 0.627671674162785 -0.0167532268580897 -0.0195692407873069 0.778051825817879
1636513598.2779 4.88545641234237 -9.32107255880096 -0.032432518184883 0.678820123847459 -0.0152266273970115 -0.0193830409527032 0.733890786834976
1636513598.61266 4.32807446455452 -9.26208400053414 -0.0405133548389525 0.726822476368346 -0.0157328305206797 -0.0186205499195926 0.68639262890148
1636513598.94816 3.79113445274906 -9.14710305409786 -0.0437249542984382 0.770769063612264 -0.0150952977486883 -0.0192732787953723 0.636644110385566
1636513599.28251 3.2806200682832 -8.96579257748425 -0.0545882016739943 0.811551285170484 -0.0136205684418986 -0.0186572242774879 0.583824373965078
1636513599.6846 2.69185797557302 -8.64804387515193 -0.0596392984246764 0.854163139633536 -0.0123227544870393 -0.0178323744166133 0.51955316093341
1636513600.08686 2.16001394040953 -8.2365350100816 -0.0657927177425362 0.890383324212188 -0.0118664504916735 -0.0147389593745328 0.454818080548848
1636513600.42137 1.75848921053475 -7.83370422885447 -0.0762486028903732 0.915861763701212 -0.00981953562634618 -0.0151357969615388 0.401088162578413
1636513600.95716 1.21434561311069 -7.0939015911759 -0.0815384527843084 0.947948960021079 -0.00807126211199781 -0.0119851837650034 0.318094293084603
1636513601.2922 0.908088103418687 -6.5719421339692 -0.086593541501841 0.962334377609817 -0.00708853628823481 -0.0108224414766637 0.271560625062067
1636513601.62696 0.631592246745897 -6.01572611374505 -0.0871106328897152 0.973557342145003 -0.00544657767314621 -0.0128292087380436 0.228017209329392
1636513601.96201 0.42527110655095 -5.42991540800507 -0.0886993850358721 0.982287987541073 -0.0039505506176516 -0.00773105893202524 0.187176209519573
1636513602.29679 0.251975211217839 -4.82921134965434 -0.0845153136365056 0.988219918460725 -0.00235603252622135 -0.00787939141919111 0.152819360877723
1636513602.63187 0.112807742705619 -4.20154437070129 -0.0767539327716821 0.992234900626365 -0.00134632744930026 -0.00482771022855204 0.12427703969493
1636513602.96684 -0.00479139691080435 -3.56304527737292 -0.0735316931698321 0.994713043640266 0.000273408343117529 -0.005753401040575 0.102531870344115
1636513603.3017 -0.0928119169828 -2.91951604086804 -0.0685331180719194 0.99632563908913 0.00145922491505224 -0.00508744401024981 0.0854822172719352
1636513603.70362 -0.164825436588837 -2.13424888441366 -0.0532805629028162 0.997466473917734 0.000622506807734744 -0.0027210150855958 0.0710833452526025
1636513604.03859 -0.213764799447055 -1.47295791734012 -0.0419971218570821 0.998100107764402 0.00111819475897249 -0.0022941403579774 0.0615602261300909
1636513604.50757 -0.252388119247256 -0.535455496075432 -0.0219204126039738 0.998736277658784 0.000103693070214332 -0.000313220893803069 0.0502567291881926
1636513604.90944 -0.272802445555489 0.26988701995841 -0.00526435040813905 0.999210863149237 -0.00199077024915797 -0.00452044018523564 0.0394113361725316
1636513605.24431 -0.263667178993179 0.948917179503134 0.0182896003397127 0.999658183076709 -0.00591790735124169 -0.00798404260120074 0.0241816137612349
1636513605.57926 -0.207254647837906 1.61197639383514 0.0379953853901098 0.999970712948158 -0.00667906219987674 -0.00344757808830377 -0.00144138107642762
1636513605.91409 -0.114607743752326 2.27429910121767 0.0563311758285845 0.999371014287281 -0.006286417787182 0.00208606946284614 -0.0348382701638788
1636513606.31627 0.0269248690769585 3.03214404823481 0.07802783889367 0.996612450564017 -0.000708938839106102 -0.000280861258103964 -0.0822377158210294
1636513606.65098 0.200440069758222 3.63683752623591 0.0817067295439072 0.992251859916689 0.00363458560144445 -0.000903425274824428 -0.124186231532123
1636513606.9859 0.420558608251943 4.22730296904157 0.0895320253865379 0.986060459728215 0.00326651651046263 -0.00112214950560775 -0.166351556683291
1636513607.32101 0.664357094530167 4.74758282775405 0.104742552102976 0.979204643746982 0.00542375181975907 -5.79863672390225e-05 -0.20280247833329
1636513607.72272 0.958099621122379 5.23762127614613 0.112988040178918 0.971402090033618 0.00748460666076254 0.00258614968643102 -0.237308390014455
1636513608.05773 1.17359475805514 5.55191412716763 0.118091263253418 0.965325122024914 0.0110200701473086 0.00458640547285089 -0.260777552190313
1636513608.45964 1.37150979347942 5.84788697087447 0.134085732132374 0.959585837491869 0.00969070311589368 0.00348235292861485 -0.281227637290911
1636513608.86168 1.50710492643084 6.02554503081571 0.14103218678762 0.955754489909165 0.0106176294650571 0.00487416952006645 -0.293933433679302
1636513609.19665 1.55380670223079 6.08865846376632 0.141389582267907 0.954276922120459 0.0116944507469977 0.00607858219725839 -0.298633297822766
1636513609.53119 1.55192013216785 6.08803244336769 0.141504828018705 0.954211115862738 0.0125820261124348 0.00531917643559053 -0.298821929156717
1636513609.93332 1.5507903741646 6.08757803348215 0.140663096851193 0.954194509335975 0.0128721546954266 0.00538673893064929 -0.298861387653654
1636513610.33543 1.55212953308494 6.08939356903658 0.141362519982357 0.954188247012588 0.0128394779486571 0.00544404047483055 -0.298881748342649
