1636513559.82791 -7.51630325287328e-05 0.000929362746178164 -0.000888218165439116 0.999999998331593 5.56688737762766e-05 -1.41682096992312e-05 6.08715580798547e-06
1636513560.16289 0.000153581778357628 0.000359031814970989 -0.000625870562724546 0.99999999821706 4.37153928255279e-05 -3.92298184474947e-05 1.07641096880386e-05
1636513560.49772 7.93360389119285e-05 -8.86495419407662e-05 0.000354726913790573 0.999999999851346 3.64281624538222e-06 -8.08699755001279e-06 1.47864232474365e-05
1636513560.83261 0.000184110032735288 0.000109001764943994 0.00038134053519721 0.999999999608919 -1.52997093663489e-07 -2.02456814446273e-05 -1.92938121332404e-05
1636513561.30177 0.00438701351418211 0.0623039261579721 -0.00125519627684048 0.999999141389265 0.000746768995029048 -0.00107654137637011 2.48085954462231e-05
1636513561.6365 0.0151760019999728 0.20837614253639 -0.00252528918447356 0.999990136970375 -0.000385248269318548 -0.00413142085454391 -0.00158395311313824
1636513562.03842 0.0467671920956547 0.494212991692847 0.0183544001344672 0.999940661903169 -0.00220903247373904 -0.00426062119475883 -0.00977956825311038
1636513562.37352 0.095513095493791 0.79772881949276 0.0263779576640773 0.999711882780554 -0.00226898800253014 -0.00321939009325286 -0.023677809194089
1636513562.77522 0.16941336155328 1.25359043515324 0.0394223972114932 0.998785751726009 -0.00250055478676312 -0.00367303163990931 -0.0490640215783483
1636513563.24412 0.330591078304745 1.88425899838246 0.0592360604122806 0.995468222585658 -0.00255497697442332 -0.00181934038847495 -0.0950430424353187
1636513563.64644 0.536747619511486 2.48609074116246 0.079588779250394 0.989591197863984 -0.000639474664274972 -0.002238222672844 -0.143888298834709
1636513564.04815 0.82760402570774 3.09633214529642 0.0968236693163936 0.978731336156095 0.00278885194553477 -0.00449325725713045 -0.20507804507102
1636513564.44993 1.18868108551318 3.66461181951754 0.108258554847738 0.960687342527211 0.00631995509793279 -0.00828486046386182 -0.277436928260569
1636513564.85205 1.65488236476969 4.167868979522 0.134726702329186 0.935466162960609 0.0103666935966681 -0.00494824346652171 -0.353229535155577
1636513565.32076 2.26430442398975 4.66616202787182 0.148120780099737 0.898669247633061 0.013395172196364 -0.00486679844581504 -0.438395331856242
1636513565.65569 2.75540188442076 4.95379090084158 0.191636741388539 0.869016193492164 0.0139614895145348 -0.00170068123831553 -0.494583703676386
1636513566.05759 3.34685328958868 5.18521392956062 0.19615523745095 0.827810302453151 0.018056471435788 -0.000564693281145428 -0.560717173014355
1636513566.39251 3.86970586071165 5.3026746398896 0.233079117541565 0.791309229882233 0.017420382395282 0.00371114128797886 -0.61115665783065
1636513566.72748 4.38687769881352 5.3545638843725 0.257983770662166 0.751175031340586 0.018703872484404 0.00505431692517278 -0.659818680642627
1636513567.06246 4.89992981442298 5.35906712854486 0.27727031002654 0.70750774827512 0.0192299218095838 0.0053023427304977 -0.706424009642534
1636513567.46429 5.51516583727895 5.27765104678686 0.304488929286099 0.651157733040261 0.0197342293655845 0.0070498048967832 -0.758653061118277
1636513567.79942 6.02837656948795 5.11918596186101 0.323720662287549 0.601483550932764 0.0205976789677206 0.00840898186226409 -0.798575333079163
1636513568.20128 6.61815928411474 4.83372318444599 0.341306244740337 0.539141428511211 0.0218626201517785 0.00992020673727243 -0.841872992440831
1636513568.5362 7.07625793159535 4.5514619668684 0.351299771926302 0.488976586117875 0.0249528018707651 0.0114459523328812 -0.871864809521809
1636513568.87098 7.5102393771398 4.20306690976552 0.362575460737247 0.441394008346872 0.0269496306524141 0.0138260048899014 -0.896802034114533
1636513569.20599 7.92007582374717 3.80729684291532 0.365661460288244 0.395008090911976 0.0269613257136692 0.0130128427577271 -0.918189719476972
1636513569.60792 8.36464525925947 3.2693543790771 0.373507588469917 0.34216307478886 0.0266027050372949 0.0145651320780424 -0.939150990662993
1636513569.9427 8.89768699836286 2.79414859448002 0.313577587969779 0.299574525552043 0.0285683108256629 0.0142080086089677 -0.953539242898898
1636513570.34469 9.25968496128696 2.16102865061826 0.31991345366681 0.25815109810984 0.0302255472546395 0.0146022103038881 -0.965521207582766
1636513570.67975 9.54539923303452 1.60946708486215 0.309486433748959 0.231865502568619 0.0303965010771877 0.0145062200266163 -0.972164600786001
1636513571.01447 9.81284894168717 1.02897467123234 0.316696651871795 0.215692730160722 0.0302543549766049 0.0153338844306886 -0.975872016275203
1636513571.3496 10.0699873910593 0.441032488445392 0.309499836133896 0.211689521117381 0.0318050240834056 0.0146717126674345 -0.976709131696613
1636513571.68433 10.312853870012 -0.156485608001564 0.313550820802672 0.213867762257199 0.0303853526900349 0.0145288475318964 -0.976281835946155
1636513572.01933 10.5631842644873 -0.76117470262474 0.31132525065277 0.219697943031268 0.0322201217069512 0.0150933927033888 -0.97491890282306
1636513572.35427 10.829035927991 -1.36335704386769 0.312628147245575 0.229723016061944 0.0315276634524441 0.0148156198416672 -0.972632427866427
1636513572.68934 11.1050082168132 -1.95634457927828 0.318668987068783 0.244144702508802 0.0333103967746589 0.0155468159756191 -0.969041835122005
1636513573.09284 11.4670154411786 -2.64128938897042 0.321007311407787 0.266329823068988 0.0331136618045621 0.0147210902123657 -0.963200498467943
1636513573.49287 11.8476201421281 -3.30052066710677 0.317891473415794 0.293986765144867 0.0343728521623984 0.0139128247531855 -0.955089902711397
1636513573.89516 12.2644810606214 -3.93580544718228 0.319643860892969 0.324807200995267 0.033177549929796 0.0140886333238794 -0.945093139734567
1636513574.22978 12.6461467610852 -4.43940296020648 0.331438915491679 0.351660129286354 0.0342632803529376 0.0147053084210647 -0.93538491274662
1636513574.63184 13.147903308155 -5.00989264792851 0.339285014160105 0.389143585400235 0.0333970350326516 0.0157973202578009 -0.920435957938166
1636513575.23458 13.971657180553 -5.80265791410903 0.350366157142672 0.445483840347089 0.0338013624431797 0.0156626937746194 -0.894514558802883
1636513575.63669 14.5797535296339 -6.2507828583255 0.355965346696137 0.484493979974725 0.0325437604006454 0.0148605666653914 -0.874062726917021
1636513576.03848 15.2035206158667 -6.63138040260841 0.371408244675072 0.52867221803198 0.0340274668517972 0.0149905677906556 -0.848011261869859
1636513576.50718 15.9807540932001 -6.97107665401653 0.391855073275506 0.583205786646919 0.0284715920893707 0.0129841347587595 -0.811721498489482
1636513576.84238 16.5502567963909 -7.16153708616021 0.408741925109236 0.623050341240284 0.0282325242231862 0.0128409957617442 -0.781566571498679
1636513577.17732 17.1275088230839 -7.28164736492879 0.433608563841952 0.663664414221727 0.0263308881318934 0.0122737912973838 -0.747466108712031
1636513577.51232 17.7007622299275 -7.34290552879107 0.459944399642892 0.704425510380718 0.0242988246697516 0.0119391733200029 -0.709261392989192
1636513577.84727 18.2830015651863 -7.33242605911814 0.485044816011073 0.741987625309087 0.023090244673364 0.0101908395061132 -0.669938319010987
1636513578.31581 19.0783817443786 -7.2189063725676 0.518246514113413 0.792921862532892 0.0216578073597182 0.00758659181299424 -0.608891043555743
1636513578.71803 19.729909682907 -7.03095588700653 0.540824034469998 0.834104431090153 0.0208579401719224 0.00587467961749219 -0.551180762098015
1636513579.05287 20.251146515194 -6.80792357689814 0.567377661464909 0.862972001611954 0.0207137451130153 0.00520503038661153 -0.504800131592619
1636513579.38779 20.7418894578329 -6.52187377194069 0.589687036890096 0.889299554729738 0.0200319385957817 0.00371819283142251 -0.456871096082531
1636513579.85687 21.3731735364767 -6.02553382765164 0.631486936548734 0.921234780969146 0.0180679816719884 0.00225332738965314 -0.38858068516938
1636513580.19158 21.778961879102 -5.63301606704177 0.660119198644754 0.940828535638241 0.0180129606141197 0.00185507972887622 -0.338398815686338
1636513580.59354 22.1994433285912 -5.10715864020318 0.680956769717547 0.9603454878452 0.0164233987087826 -0.00132696786915897 -0.278325448183401
1636513580.99559 22.573558046426 -4.52550325099396 0.702327513047881 0.97613202135007 0.0128639302985953 -0.00234599492512463 -0.216783976576014
1636513581.33019 22.8378871033483 -4.00848728370713 0.72312867048741 0.985893978159605 0.0116977936775873 -0.00126135648573353 -0.166956983775824
1636513581.66529 23.0236419522979 -3.46589547318758 0.753331566046347 0.992774435896514 0.0084754440169658 -0.00265008306313938 -0.119666467060879
1636513582.13423 23.1930896044982 -2.67967260007582 0.779585999550577 0.998277739692862 0.0058076995720306 -0.00657452417342232 -0.0580051781419919
1636513582.46925 23.2752417589954 -2.09640783064849 0.787788496577339 0.999798072948861 0.00497996124855438 -0.00628146342492902 -0.0184270597477929
1636513582.80413 23.3018218670659 -1.49870262509157 0.809345105221082 0.999743156228612 0.00270122484352197 -0.00689002147853244 0.0214208441108915
1636513583.20609 23.2687083232925 -0.772227800635107 0.835661773039036 0.997252916818742 0.000465349916795819 -0.00829569628670047 0.0736042442328251
1636513583.60855 23.1556194581045 -0.0784294966040746 0.854980702579591 0.991557025930203 -0.00231304550627313 -0.00766013735466314 0.129424249832267
1636513583.9429 23.0078613254719 0.504357585755257 0.871605040699394 0.983925203789204 -0.00641858641252313 -0.0049917958842765 0.17839584375957
1636513584.27772 22.7998149294271 1.06081431864029 0.88206842757568 0.972550979947295 -0.0110782951196338 -0.00406359537732427 0.232390511797293
1636513584.6127 22.5232859831161 1.56559905142209 0.884305239139245 0.956700482800868 -0.0124683486820877 -0.00716419604086522 0.29071876579405
1636513584.94962 22.1884967799756 2.03795746007094 0.871765008606883 0.938984551122787 -0.0132458783005577 -0.0114100552017422 0.343514730544525
1636513585.28269 21.8134482613065 2.48066683443596 0.859754910939232 0.918889577589257 -0.0155351642098803 -0.00958216507816719 0.394092355905596
1636513585.61742 21.4005704539612 2.86830131845316 0.856966570794386 0.894302021179215 -0.0188353859669031 -0.00945326073613312 0.44696729076265
1636513585.95251 20.9334696693309 3.18452254938671 0.836148856256815 0.865640267817085 -0.0181976108633847 -0.0114873353593625 0.500203773295216
1636513586.35438 20.3355874966329 3.48921937580771 0.822318509453598 0.825008207954795 -0.0208253188955765 -0.0135646623608059 0.564573965778757
1636513586.6892 19.8216221846391 3.68598488046617 0.807360610810433 0.785995498681284 -0.024160029975866 -0.0135231536005935 0.617611927767769
1636513587.09129 19.1704937014535 3.82860547728527 0.784107623213748 0.738087293421697 -0.0248147039024977 -0.0162326890466194 0.674053319527455
1636513587.426 18.6116357039477 3.87543854717597 0.761713747980827 0.697811416666776 -0.0284530053755431 -0.0153210200871143 0.715552178110092
1636513587.76104 18.050279384026 3.84466074934612 0.743286200433143 0.654539366429955 -0.0282835346408357 -0.0165063648144915 0.755318343072843
1636513588.09607 17.4858660952129 3.73776130260596 0.703174906544533 0.6086577817085 -0.026994015329636 -0.0172953388581885 0.792784900938364
1636513588.49778 16.835921811564 3.55307821184389 0.675802339683051 0.551345261835285 -0.0286590248416816 -0.016536062405364 0.833620789800153
1636513588.89981 16.2208804551558 3.30235191562758 0.642453838824581 0.494119314111892 -0.030661217570729 -0.0151392557916835 0.868721356991267
1636513589.23479 15.729214934494 3.00891224003304 0.620298106105723 0.44823212472415 -0.0299344917415118 -0.0165711048096606 0.893262160317361
1636513589.63671 15.1734963281605 2.60424629041933 0.58782782769032 0.394818236368423 -0.0305202128190432 -0.0163343092516064 0.918106893113041
1636513589.97161 14.7450150602175 2.204977685183 0.56714827837409 0.353809959825718 -0.0312266426624895 -0.0168448310174962 0.93464413590636
1636513590.37338 14.2532829819161 1.66785656613507 0.540908184026672 0.307862717501188 -0.0319619275960921 -0.0171778276459378 0.950738610026169
1636513590.777 13.7969988329218 1.07620609688205 0.525334767929793 0.266405695948363 -0.0329516964544781 -0.0192795143316014 0.963104610722105
1636513591.11034 13.4581043395158 0.556622819802397 0.500031474625931 0.235870095884295 -0.032744105722392 -0.0176545665163753 0.971072313316106
1636513591.51222 13.0842108824119 -0.109691264085768 0.474892595536974 0.205760616647173 -0.0317228204377243 -0.0175054134556869 0.977931383993885
1636513591.84727 12.801319540391 -0.683135502600523 0.45306545343403 0.184823744718999 -0.0312029245885008 -0.0170814539248369 0.982127682542848
1636513592.18214 12.5341393974181 -1.27013478530554 0.430311461356862 0.167172276950527 -0.0323736839862354 -0.016421118984656 0.985259215260445
1636513592.51703 12.2760072333738 -1.87411180958856 0.413866924808123 0.154166924369294 -0.0335766476553061 -0.0163028932981913 0.987339548399056
1636513592.92106 11.976810852137 -2.62086852212326 0.388791395779418 0.148531735748433 -0.0311452451384166 -0.0177991915766887 0.988256791507168
1636513593.25379 11.7287787708499 -3.24301856073464 0.370588450945183 0.152464863375609 -0.0307121732839955 -0.0179746690714841 0.987668030828072
1636513593.72283 11.3703252934922 -4.10456214304333 0.341389944997265 0.165907901698139 -0.0323872707627337 -0.01905272654381 0.98542509936469
1636513594.12481 11.0284002729582 -4.83443716103118 0.316650736322268 0.184718158461248 -0.0309110622620965 -0.0202871144912354 0.982095790210982
1636513594.52647 10.6433242960469 -5.52493023814611 0.289051626596434 0.216415866466927 -0.0303179886367098 -0.0208010123350448 0.975608687021713
1636513595.06245 10.1015122820976 -6.39146056211231 0.239986769521245 0.27075235801472 -0.0299675621106701 -0.0201528493102252 0.961971396931994
1636513595.39748 9.7216587964729 -6.90659288625109 0.214635030347861 0.307089366696148 -0.030798897677302 -0.0199383643051735 0.950973191206175
1636513595.73213 9.28566848509525 -7.38873913251762 0.19054762720561 0.342564780044548 -0.0315827573851323 -0.0191135482192316 0.938768647315969
1636513596.13514 8.72059479280942 -7.9172240639608 0.151431128542766 0.386865649881473 -0.0305979393925971 -0.0190278436208716 0.921431861948485
1636513596.46932 8.19424905487871 -8.30310572390963 0.132477201150034 0.427107327584477 -0.0297432231777642 -0.0200353505748478 0.903489488663807
1636513596.87111 7.52939255163906 -8.70110554410529 0.0873720918678482 0.479409645548496 -0.0264489124562976 -0.0197411431462508 0.876970429405818
1636513597.2061 6.95792979860037 -8.96997155670802 0.0611720962860403 0.524040282886925 -0.0236806280607922 -0.0204778162898708 0.851117893600197
1636513597.54082 6.38270160979556 -9.15025003097662 0.0452150357672503 0.569538469385879 -0.0234222979568675 -0.01930004735811 0.821404185538389
1636513597.9435 5.67859362408643 -9.3023402338469 0.0150182119760662 0.627671674162785 -0.0197479964557166 -0.0197808796115811 0.777976222574613
1636513598.2779 5.09573732953072 -9.33861236742306 -0.011201166631636 0.678820123847459 -0.0180525184377642 -0.0195833495741643 0.733821394112512
1636513598.61266 4.52372767253557 -9.29272080893331 -0.0216936047567679 0.726822476368346 -0.0183763980332254 -0.0188061248764837 0.68632188185154
1636513598.94816 3.97077681468434 -9.18864772848783 -0.027562187468502 0.770769063612264 -0.0175496325868554 -0.0194448058518168 0.636575966008556
1636513599.28251 3.44293345583374 -9.01608353280763 -0.041206577025861 0.811551285170484 -0.0158724436808951 -0.0188147833925035 0.583762435409839
1636513599.6846 2.83281797518812 -8.70534619840676 -0.049277644923529 0.854163139633536 -0.0143281831709271 -0.0179723483455016 0.519496899657109
1636513600.08686 2.27966046525064 -8.29728954840659 -0.0577294252872405 0.890383324212188 -0.0136209662918158 -0.0148602137622446 0.45476497148425
1636513600.42137 1.8607936259358 -7.89490257241606 -0.0705828419815488 0.915861763701212 -0.0113693201410081 -0.0152434904148815 0.401043145247002
1636513600.95716 1.29087379436442 -7.15168427572335 -0.0783490080962019 0.947948960021079 -0.00930033807418924 -0.0120702567649292 0.318057513365569
1636513601.2922 0.970824828303173 -6.62566948721887 -0.0847687715984774 0.962334377609817 -0.00813851019846694 -0.0108948339609803 0.271528291187194
1636513601.62696 0.681911705354991 -6.06439652028566 -0.0870927070489489 0.973557342145003 -0.00633263123752565 -0.0128905899788634 0.227990859525473
1636513601.96201 0.46468169724782 -5.47277184875598 -0.0890473819208061 0.982287987541073 -0.00467458616846422 -0.00778206531764283 0.18715741298718
1636513602.29679 0.282618681990186 -4.86627343130698 -0.0858511746374917 0.988219918460725 -0.00294903288274926 -0.00792206530603553 0.152806861245889
1636513602.63187 0.136633836916878 -4.23303576144945 -0.0782034619748169 0.992234900626365 -0.00182670462761184 -0.00486309064008987 0.124269527554492
1636513602.96684 0.0141454717368419 -3.58966310053452 -0.0758086153188156 0.994713043640266 -0.00012502435755807 -0.00578423109970216 0.102530424028253
1636513603.3017 -0.0774071651991046 -2.94182685309705 -0.0711170370578054 0.99632563908913 0.0011266917999544 -0.00511460751526234 0.085485625979981
1636513603.70362 -0.152052517773035 -2.1522328113823 -0.0552679574901496 0.997466473917734 0.000347779757904005 -0.00274290339418851 0.0710843790177037
1636513604.03859 -0.202545054951303 -1.48771765299006 -0.0439851478038218 0.998100107764402 0.000880342443430175 -0.00231378309878262 0.0615633518064368
1636513604.50757 -0.242747472011269 -0.545979522350404 -0.0231429136622168 0.998736277658784 -8.86311048838875e-05 -0.000328298382592244 0.0502566617770788
1636513604.90944 -0.264797400672128 0.263258058785907 -0.00665856581640298 0.999210863149237 -0.00214663930758889 -0.00452980329291715 0.0394020784523877
1636513605.24431 -0.258294043010195 0.946773953601625 0.0173008772604089 0.999658183076709 -0.00601967991701787 -0.0079842137258507 0.0241564234242117
1636513605.57926 -0.206324397773497 1.61635662091112 0.0384477152785446 0.999970712948158 -0.00667758836769489 -0.00343922532713841 -0.00146791985239451
1636513605.91409 -0.11922916784709 2.28706190575884 0.0583636731151237 0.999371014287281 -0.00615083340809168 0.00210389022865445 -0.0348613926385895
1636513606.31627 0.014874412623729 3.05700616549434 0.0792475705354634 0.996612450564017 -0.000395164469653973 -0.000255549025595171 -0.0822399046723774
1636513606.65098 0.182777239075387 3.67290082885546 0.0828359438784451 0.992251859916689 0.00410780716169876 -0.000870781443346028 -0.124171712365867
1636513606.9859 0.398184999112784 4.27520022853766 0.0917213912823773 0.986060459728215 0.00390052951060965 -0.00107652197619936 -0.166338199853647
1636513607.32101 0.638752100813225 4.806063445708 0.1079744023659 0.979204643746982 0.00619823030181784 -4.0714933595276e-06 -0.202780293886991
1636513607.72272 0.930274338471665 5.30637790386535 0.117880051723904 0.971402090033618 0.00839399457639036 0.00264788625879184 -0.237277283008154
1636513608.05773 1.14464374019084 5.62774074851903 0.123943373518123 0.965325122024914 0.0120214386802319 0.00465093118684149 -0.260732166482652
1636513608.45964 1.34181293288763 5.93010203684852 0.14080040812519 0.959585837491869 0.0107688818891145 0.00355454134964257 -0.281187511998097
1636513608.86168 1.47712611073256 6.11170862709127 0.148596679812705 0.955754489909165 0.01174597885104 0.00494903840443108 -0.293889254683077
1636513609.19665 1.52375272525325 6.17627419146316 0.149326996961429 0.954276922120459 0.012842169378465 0.00615357161043488 -0.298584608026592
1636513609.53119 1.52183314394592 6.17569861120935 0.149123131804098 0.954211115862738 0.01372955833644 0.00539316989467618 -0.298770077669037
1636513609.93332 1.52070084544188 6.1752519049564 0.14825283015316 0.954194509335975 0.0140199153594935 0.00546039999224187 -0.298808407442486
1636513610.33543 1.52204250867485 6.17707582558573 0.14897856239673 0.954188247012588 0.0139873845335323 0.00551774630643126 -0.298828875466634
