1636513559.82791 -8.59457760976896e-05 0.000883403142986627 -0.000882655082411088 0.999999998331592 5.56796462142658e-05 -1.40422674755552e-05 6.27748843331101e-06
1636513560.16289 0.000122043646691724 0.000324698336750862 -0.000616787762763971 0.99999999821706 4.37674638775805e-05 -3.91326509555382e-05 1.09052747607134e-05
1636513560.49772 7.09056826687848e-05 -8.92501144234004e-05 0.000355907471231764 0.999999999851346 3.60968885267329e-06 -8.0830820978287e-06 1.47966848385184e-05
1636513560.83261 0.000166467587847365 0.000106350645020403 0.000384556540501624 0.999999999608919 -3.91081245006431e-08 -2.02401517978355e-05 -1.93001797311883e-05
1636513561.30177 0.00335631899716946 0.0616266088965172 -0.00102976051387166 0.999999141389265 0.000749147236684605 -0.00107483238533364 2.71015606079773e-05
1636513561.6365 0.0113508488969758 0.208238422217128 -0.00182557552864354 0.999990136970375 -0.000370226246198442 -0.00413181547742764 -0.00158650413113512
1636513562.03842 0.0424266123126012 0.494089314416522 0.0191648972025684 0.999940661903169 -0.00216506390639347 -0.00426272550368497 -0.00978848007680314
1636513562.37352 0.0918105667250709 0.795312180872354 0.027294904169393 0.999711882780554 -0.00217885135030279 -0.00321743766711595 -0.0236865389833837
1636513562.77522 0.165040503028738 1.24716099407118 0.0407857845135911 0.998785751726009 -0.00232067983559069 -0.00366394303830751 -0.0490735378347916
1636513563.24412 0.327125185324616 1.87029581566294 0.0610736473954517 0.995468222585658 -0.0022187147248338 -0.00179649651786667 -0.0950519212187838
1636513563.64644 0.531446559064385 2.46269698942779 0.0824258964601376 0.989591197863984 -0.00013161101526279 -0.00219623152145273 -0.14389030667759
1636513564.04815 0.817465467670434 3.06084634673761 0.101202528306839 0.978731336156095 0.00351564849350758 -0.00442491456330439 -0.20506835926803
1636513564.44993 1.17044506304798 3.61617329091624 0.114522151334956 0.960687342527211 0.00730823413360613 -0.00818655332619567 -0.277415572682017
1636513564.85205 1.63158940642894 4.10471451105396 0.142039231238075 0.935466162960609 0.0116120829831531 -0.00481777081294678 -0.353192591327936
1636513565.32076 2.23006619337519 4.58965162161096 0.157341227988207 0.898669247633061 0.0149379020464547 -0.00470365755183907 -0.438347257373321
1636513565.65569 2.71494677812744 4.86922037623255 0.201942848256288 0.869016193492164 0.0156932578955178 -0.00151928108677658 -0.494532373955431
1636513566.05759 3.29428504338177 5.09073285437623 0.207900577751107 0.827810302453151 0.0200166545063374 -0.000353927960390614 -0.560650792766581
1636513566.39251 3.81040805828715 5.20257522944059 0.245869774701953 0.791309229882233 0.0195469813246426 0.0039356676550426 -0.611090933286029
1636513566.72748 4.3172492918109 5.2499745535217 0.272061319549858 0.751175031340586 0.020997392948708 0.00529648025028106 -0.659747776863845
1636513567.06246 4.81910888596726 5.25226662513428 0.292842485522329 0.70750774827512 0.0216856988753229 0.00555978676201493 -0.706350908094638
1636513567.46429 5.42143542631858 5.16919937288189 0.321635837487445 0.651157733040261 0.0223684691976718 0.00732417402520948 -0.758577362411026
1636513567.79942 5.92350832840394 5.01070831682436 0.342132132381002 0.601483550932764 0.0233682721604997 0.00869738474483728 -0.798495972007465
1636513568.20128 6.49992335595563 4.72698425771054 0.36112159942968 0.539141428511212 0.0247810071300479 0.0102245835901403 -0.841788500538537
1636513568.5362 6.9465694583413 4.4463507144507 0.371836632969224 0.488976586117875 0.0279724451403846 0.01176647326344 -0.871768886029043
1636513568.87098 7.37122952755626 4.10031162250665 0.383784224229762 0.441394008346872 0.0300509186802217 0.0141586322828851 -0.896698279698269
1636513569.20599 7.77288549166445 3.71066106201968 0.38819210356752 0.395008090911976 0.0301392051445824 0.0133519579909451 -0.918086031723137
1636513569.60792 8.21012403896624 3.17878411243065 0.397224049428877 0.34216307478886 0.0298502588646678 0.0149097502859647 -0.939047970895607
1636513569.9427 8.73570154581077 2.71013962317053 0.338729835011878 0.299574525552043 0.0318669372873254 0.0145614832998283 -0.953429370825287
1636513570.34469 9.09163593574499 2.08326743853584 0.34574636963362 0.25815109810984 0.0335651170746518 0.0149631051847013 -0.965405354731203
1636513570.67975 9.37468810087169 1.53667987261033 0.336122483551796 0.231865502568619 0.0337595005860399 0.0148695136751644 -0.972048137903596
1636513571.01447 9.6413552144271 0.959155710974994 0.344020843834292 0.215692730160722 0.0336284086766192 0.0156979692771588 -0.975755784018863
1636513571.3496 9.89771837082636 0.373343437557359 0.337322452016026 0.211689521117381 0.0351835091277399 0.0150396103833143 -0.976587670132114
1636513571.68433 10.1430156555021 -0.222861918940253 0.342329316448951 0.213867762257199 0.0337626852253967 0.0148933588936963 -0.976165380053161
1636513572.01933 10.3938127717314 -0.827869505900007 0.340397977749024 0.219697943031268 0.035591380325872 0.015461701180334 -0.974795877746177
1636513572.35427 10.6624842143939 -1.42981125718709 0.342619415052221 0.229723016061944 0.0348915772825693 0.0151816496009406 -0.972511918303078
1636513572.68934 10.9400870076584 -2.02441558243827 0.34903674548179 0.244144702508802 0.0366600715179339 0.0159158502715325 -0.968914902921471
1636513573.09284 11.3062169778799 -2.71007435638513 0.352582892624583 0.266329823068988 0.0364448253324955 0.0150879112611585 -0.963074532413925
1636513573.49287 11.6906693648764 -3.37096414452331 0.350490678655752 0.293986765144867 0.0376775232869238 0.0142800881087856 -0.95495982388906
1636513573.89516 12.1141038220564 -4.00823498813201 0.353767491553317 0.324807200995267 0.0364469010079016 0.0144501344634698 -0.944967247687732
1636513574.22978 12.5000621091067 -4.51429194759499 0.366510454221087 0.351660129286354 0.0374972874354005 0.0150663675494519 -0.935255105024376
1636513574.63184 13.0098436506236 -5.08757964773028 0.376033456745592 0.389143585400236 0.0365763137780848 0.0161518742953113 -0.920308948217394
1636513575.23458 13.8443540535667 -5.8828154707487 0.389820751902225 0.445483840347089 0.0368903820364474 0.0160103480234642 -0.894386335125365
1636513575.63669 14.4609392305549 -6.33095620258956 0.397832944025551 0.484493979974725 0.035563177442881 0.0151991610530249 -0.873939259492157
1636513576.03848 15.0929009726412 -6.71307552063613 0.415201867354073 0.52867221803198 0.0369555533703047 0.0153246992372803 -0.847882731602389
1636513576.50718 15.8845331383011 -7.04882503417708 0.439576954263245 0.583205786646919 0.0312775435036349 0.013294563521929 -0.811613196217686
1636513576.84238 16.4627938153365 -7.23810836334785 0.458578840260061 0.623050341240284 0.0309334504687567 0.0131417698947226 -0.781459332151391
1636513577.17732 17.0498962478883 -7.35505792313577 0.485899882639678 0.663664414221727 0.0289139922863615 0.0125599053610485 -0.747365891062148
1636513577.51232 17.6333032248806 -7.4121697177088 0.514662022251607 0.704425510380718 0.0267492343999068 0.0122090879662619 -0.709168609679613
1636513577.84727 18.2235693850919 -7.39629730132488 0.54234558834223 0.741987625309087 0.0254072909457878 0.0104461104256766 -0.669850514840403
1636513578.31581 19.0293958085563 -7.27376442288382 0.579127119008674 0.792921862532892 0.0237675566401564 0.00782014716668978 -0.608809385987944
1636513578.71803 19.6892146237977 -7.07720363335993 0.60458319296714 0.834104431090153 0.0227699972287275 0.00608897629678367 -0.551102757777198
1636513579.05287 20.2160914945485 -6.84736611802421 0.633292651538652 0.862972001611954 0.0224652952193452 0.00540499158024996 -0.504723113212168
1636513579.38779 20.7112937996878 -6.55328930872157 0.657842240489448 0.889299554729738 0.0216194526428849 0.00390211947942599 -0.456797192075959
1636513579.85687 21.3478912078419 -6.04465189458731 0.702532530694595 0.921234780969146 0.0194202814558707 0.00241212840956824 -0.388514494758484
1636513580.19158 21.7564693115888 -5.64415427657827 0.732895944716043 0.940828535638241 0.0191908487625227 0.00199860123363647 -0.338333243187372
1636513580.59354 22.1773009695498 -5.10685549518165 0.756067213219513 0.9603454878452 0.0173987203669604 -0.00120522682553917 -0.278266735225855
1636513580.99559 22.5523602839198 -4.51253724348372 0.779275414690834 0.97613202135007 0.013626607687645 -0.00225100380069569 -0.216738380172599
1636513581.33019 22.8175057898836 -3.98699863469573 0.801074837515642 0.985893978159605 0.0122839047154513 -0.00118409133979044 -0.166915449977733
1636513581.66529 23.0013641662409 -3.4344712988919 0.832321805772869 0.992774435896514 0.00889954682975835 -0.00259448964654385 -0.119636892805094
1636513582.13423 23.165024137826 -2.63692812924389 0.859946021687617 0.998277739692862 0.00602540173808124 -0.00654366285206156 -0.057986459144212
1636513582.46925 23.2448842083759 -2.0476186950049 0.868553665609788 0.999798072948861 0.00505871906699297 -0.00626445440665171 -0.0184113904997091
1636513582.80413 23.267851768311 -1.44289736531213 0.890360161536366 0.999743156228612 0.00264217828219109 -0.0068902734038304 0.0214281263856316
1636513583.20609 23.2288414126865 -0.708274567921229 0.91680861564495 0.997252916818742 0.000227230568024221 -0.00831683383968362 0.0736029791357907
1636513583.60855 23.110407603738 -0.00580273907939333 0.935618687763926 0.991557025930203 -0.00274762465754817 -0.00770450912760879 0.129413119220176
1636513583.9429 22.9586134310901 0.58581860576523 0.951166899795562 0.983925203789204 -0.00703035336797272 -0.00506038456386148 0.178370849602623
1636513584.27772 22.7435631955799 1.15141763962326 0.960420998181873 0.972550979947295 -0.0118807998628414 -0.00415918485170243 0.232349175121292
1636513584.6127 22.4560629120225 1.66152221842767 0.961930012415583 0.956700482800868 -0.0134675115275584 -0.00728058138229201 0.290671301432695
1636513584.94962 22.1096943546288 2.1367134346274 0.948598902800473 0.938984551122787 -0.0144197465821737 -0.011544157107979 0.343462976313183
1636513585.28269 21.7270440507321 2.58402137233164 0.934779048492676 0.918889577589257 -0.0168899179047315 -0.00973679890939884 0.394032828096855
1636513585.61742 21.3038238545832 2.97573352072971 0.930011600813498 0.894302021179215 -0.0203751422190805 -0.00963143548109283 0.446895943083954
1636513585.95251 20.8257732889177 3.29119469027898 0.907731308864819 0.865640267817085 -0.0199187016604876 -0.0116801179458956 0.500133729019046
1636513586.35438 20.2129597372966 3.59573101563599 0.891383777661836 0.825008207954795 -0.0227665155768734 -0.0137829081754711 0.564493732487733
1636513586.6892 19.686742395453 3.79224191415162 0.873870399318043 0.785995498681284 -0.0262865978641224 -0.0137650684692852 0.617519727389761
1636513587.09129 19.0220072829419 3.92917254689725 0.848119821305442 0.738087293421697 -0.0271322417421412 -0.0164931435553568 0.673957687813665
1636513587.426 18.4530755685787 3.97368034771834 0.822830512751239 0.697811416666776 -0.0309175938765392 -0.0156023579532506 0.715443845165147
1636513587.76104 17.8829874559555 3.93602451558672 0.80225681516483 0.654539366429955 -0.0308843391903673 -0.0167993195312144 0.755210009367948
1636513588.09607 17.3115884575478 3.82091921450429 0.76018731535312 0.6086577817085 -0.0297239212622377 -0.0175966468746721 0.792680611147549
1636513588.49778 16.6530243721045 3.62803646433379 0.729867203213943 0.551345261835285 -0.0315333325315971 -0.016853525078867 0.833510653731341
1636513588.89981 16.0308018346087 3.36899739792574 0.693637647016878 0.494119314111892 -0.0336613494885577 -0.0154719165602862 0.868604419036741
1636513589.23479 15.535159486793 3.06576463673458 0.669663699439402 0.44823212472415 -0.0330170840089256 -0.016909505166214 0.893147190088988
1636513589.63671 14.9757558146846 2.65134338826153 0.63483851514534 0.394818236368423 -0.0336901465926197 -0.0166815571005671 0.917989792920486
1636513589.97161 14.5449782208061 2.24399771255753 0.612266407429207 0.353809959825718 -0.0344531763826669 -0.0171986925829805 0.934524315327699
1636513590.37338 14.0517960305442 1.69785891011345 0.583865405801738 0.307862717501188 -0.0352439216060716 -0.0175382359059111 0.950616023136533
1636513590.777 13.5944821480819 1.09667800472798 0.566137445906986 0.266405695948363 -0.0362720614901316 -0.0196459225547518 0.962977871214338
1636513591.11034 13.256900301703 0.57241279385795 0.539537939443479 0.235870095884295 -0.0360960407202462 -0.0180229088875686 0.970946727924394
1636513591.51222 12.8853648206193 -0.099704559736267 0.513071088658864 0.205760616647173 -0.0350990711282351 -0.0178734840559524 0.977809369156694
1636513591.84727 12.604497925198 -0.676784827122274 0.490190709856513 0.184823744718999 -0.0345948142259665 -0.0174495998955695 0.982007583310945
1636513592.18214 12.3381775901074 -1.26630318613418 0.46610177930672 0.167172276950527 -0.0357780203504783 -0.0167928989334522 0.985135199667735
1636513592.51703 12.0808813197991 -1.87234121057898 0.448321558158236 0.154166924369294 -0.0369885132291769 -0.0166780622219957 0.98721135100855
1636513592.92106 11.7856469159051 -2.62145498025362 0.42244315441769 0.148531735748433 -0.0345569015500253 -0.0181690541866521 0.988136645156317
1636513593.25379 11.5396993107239 -3.24288729018455 0.403304289609893 0.152464863375609 -0.0341213736083642 -0.0183433596493046 0.987549349883696
1636513593.72283 11.1822098607481 -4.10234405631888 0.3722623403798 0.165907901698139 -0.0357861451272015 -0.0194245807165224 0.985300261663947
1636513594.12481 10.8434574272629 -4.82979287105727 0.346446144511603 0.184718158461248 -0.0342954837053929 -0.0206545725127773 0.98197576872671
1636513594.52647 10.4611630678346 -5.51489305817268 0.317528750247696 0.216415866466927 -0.0336785707276668 -0.0211651490353132 0.975490626854725
1636513595.06245 9.92383276822601 -6.37099232409072 0.266655335742461 0.27075235801472 -0.0332819890413919 -0.0205120653291793 0.961854835726706
1636513595.39748 9.54657840895053 -6.87923105903369 0.239818937955232 0.307089366696148 -0.0340753839987647 -0.020296167224873 0.950853855575859
1636513595.73213 9.11385206035562 -7.3543705291354 0.214085920905655 0.342564780044548 -0.0348184899376388 -0.0194694664325134 0.938646890000881
1636513596.13514 8.55468174390924 -7.87565675875114 0.173274525695669 0.386865649881474 -0.0337733057100999 -0.0193762667144036 0.921313677881431
1636513596.46932 8.03368043517471 -8.25615879215815 0.152736491707372 0.427107327584477 -0.0328535965943244 -0.0203763912828409 0.90337410555802
1636513596.87111 7.37859661275536 -8.64728664718937 0.10616827022005 0.479409645548496 -0.0294673372792977 -0.0200666167976984 0.876866807832882
1636513597.2061 6.8156144516944 -8.91163653280168 0.0787001936048224 0.524040282886925 -0.0266070617865703 -0.020789128470469 0.851023888214846
1636513597.54082 6.24864380686121 -9.08549499447794 0.0609830257991049 0.569538469385879 -0.0262476234484176 -0.0196017967217466 0.821311611824757
1636513597.9435 5.55744726172053 -9.23328122323888 0.0293396351378172 0.627671674162785 -0.0224205207414624 -0.0200610815965415 0.777896614408717
1636513598.2779 4.98613848690828 -9.26572562546219 0.00170734593206806 0.678820123847459 -0.0205712420228574 -0.0198463272690283 0.733748040375774
1636513598.61266 4.42512042890051 -9.21604189598118 -0.0105345357410325 0.726822476368346 -0.0207309483706643 -0.0190555035687256 0.686247916870558
1636513598.94816 3.8830073584955 -9.11115230684631 -0.0178215516679217 0.770769063612264 -0.0197289206719005 -0.0196772629942054 0.636505008298013
1636513599.28251 3.36725879843474 -8.93913054239617 -0.0327148820043919 0.811551285170484 -0.0178686718490127 -0.0190274445461968 0.58369784859851
1636513599.6846 2.77064266372987 -8.63078203490423 -0.0423169912363219 0.854163139633536 -0.0161018266650604 -0.0181620607392927 0.519438352087262
1636513600.08686 2.23124375898978 -8.22556552777675 -0.0524360407343177 0.890383324212188 -0.0151755989149753 -0.015028763381712 0.454710208191593
1636513600.42137 1.82132850860263 -7.82917789981948 -0.0660904551841235 0.915861763701212 -0.0127353981891603 -0.0153906488388311 0.400996468003633
1636513600.95716 1.26569824726069 -7.09493460834649 -0.0754318708772853 0.947948960021079 -0.0103837822758035 -0.0121876153554663 0.3180195092955
1636513601.2922 0.952152342842792 -6.57524321640403 -0.082694729719739 0.962334377609817 -0.00906209830742898 -0.0109954784009525 0.27149497877369
1636513601.62696 0.666230041417893 -6.02165723077704 -0.0853643627433065 0.973557342145003 -0.00709954149942113 -0.0129739373653511 0.227963538784814
1636513601.96201 0.456655327330345 -5.4363275801679 -0.0882938275606431 0.982287987541073 -0.00531057400932511 -0.00784929048213353 0.18713763911925
1636513602.29679 0.276801743484757 -4.83660353497893 -0.0853645203010075 0.988219918460725 -0.00346469978046256 -0.00797495703771725 0.152793287395602
1636513602.63187 0.134578762100204 -4.20870345112192 -0.0783430238526205 0.992234900626365 -0.00224969961379004 -0.00490479724092739 0.124260950401403
1636513602.96684 0.0118394050818388 -3.57076925460273 -0.0759463835877278 0.994713043640266 -0.00046996702851764 -0.00581546546346388 0.102527656290161
1636513603.3017 -0.0792542780745534 -2.92721664830031 -0.0714016635395265 0.99632563908913 0.000839752362701525 -0.00513782405273499 0.0854875340246106
1636513603.70362 -0.152827414058853 -2.13995486785457 -0.0559650315151335 0.997466473917734 0.000105717698730024 -0.00276356463696405 0.0710843509106464
1636513604.03859 -0.203842995314942 -1.47811979217077 -0.0447075054660618 0.998100107764402 0.000670555336318038 -0.0023303481907417 0.0615653694339591
1636513604.50757 -0.243964985772723 -0.53834499952688 -0.0240861811180033 0.998736277658784 -0.000263464341801072 -0.000343677795946422 0.0502559465176971
1636513604.90944 -0.270814105690763 0.26983147607776 -0.00696490643116715 0.999210863149237 -0.00227388510329936 -0.00454661597869482 0.039393003112695
1636513605.24431 -0.268068407616208 0.95345610114558 0.0174658332294112 0.999658183076709 -0.00608569592391391 -0.00800530056125976 0.024132891990368
1636513605.57926 -0.212691530758048 1.61921856276452 0.0383347797524556 0.999970712948158 -0.00666450584888279 -0.00345409578246625 -0.00149225670312257
1636513605.91409 -0.121303330527386 2.28372675765193 0.0579713925565704 0.999371014287281 -0.00603381020784867 0.00210029809368526 -0.0348820539060352
1636513606.31627 0.00993388279922983 3.04103121165498 0.0801338928236393 0.996612450564017 -0.000107242980185443 -0.000231619649130126 -0.0822408550056821
1636513606.65098 0.175758000697176 3.64635330482369 0.0846728057264033 0.992251859916689 0.00454360386536423 -0.000823854612433071 -0.124156850070238
1636513606.9859 0.389144198056539 4.24197252060871 0.0944761908977151 0.986060459728215 0.00448412243706501 -0.00101733645502686 -0.166323863089717
1636513607.32101 0.627996330232935 4.76496688376928 0.111520769571337 0.979204643746982 0.0069066631882872 7.13887322633199e-05 -0.202757388451317
1636513607.72272 0.918606692039662 5.25763546174728 0.122108950196187 0.971402090033618 0.00921684635253895 0.00273879564766583 -0.237245712753748
1636513608.05773 1.13176558875551 5.5720736378 0.128592935532267 0.965325122024914 0.0129216074395168 0.00475724214694204 -0.260687187057437
1636513608.45964 1.32625742945854 5.87251724033247 0.146364641992652 0.959585837491869 0.0117430458855863 0.00366415829342642 -0.281147106160383
1636513608.86168 1.46108248505322 6.05111960020548 0.154404157513288 0.955754489909165 0.0127613105194448 0.00506472951758808 -0.293844946336009
1636513609.19665 1.50788636707157 6.11382343069763 0.155080261629957 0.954276922120459 0.0138711309054948 0.00627319284991804 -0.298536086071976
1636513609.53119 1.50514512562469 6.11270153204025 0.154970163895458 0.954211115862738 0.0147609057804013 0.00551488545847464 -0.298718677124333
1636513609.93332 1.50399766444129 6.11200259503064 0.154077638208806 0.954194509335975 0.0150512398415529 0.00558279322898263 -0.298755972245028
1636513610.33543 1.50538265504731 6.11383568023929 0.15479920366694 0.954188247012588 0.0150186491600138 0.00564007092268009 -0.298776536964401
