1636513559.64669 0.000126718452991474 0.000198835836613207 5.52381992001826e-05 2.55406149696853 9.0065632382382e-06 1.78511015324123e-05 -6.40023437817447e-07
1636513560.14695 -0.000104210145936072 0.000790171935143178 0.000503894394753713 2.55406149265496 0.000137629671449554 -1.05482121690514e-05 -5.81484548424825e-05
1636513560.6478 -1.77557196702056e-05 8.46953380683477e-05 8.01639740358555e-06 2.5540614969096 -2.48980635663771e-05 -1.64229869074428e-06 -8.86730160407195e-06
1636513561.14747 0.00139174797058048 0.00317350927090433 0.0257285522319123 2.55406002063707 0.00219654654071927 -0.000272712767077766 -0.00162557428693407
1636513561.64771 0.00819495848475211 0.013781401504771 0.215112046373288 2.55403435693461 -0.000696002986843791 0.00387874659607509 -0.0110952782587461
1636513562.14797 0.0539686012859537 0.0156506346572206 0.588460038523665 2.55380639652201 -0.00482551592829325 0.0340261195691863 -0.0110434307939388
1636513562.64823 0.158204963819513 0.026216993773964 1.10029148816439 2.55200121297681 -0.00665812326333604 0.101622595358283 -0.0121843001227867
1636513563.14849 0.35626695279167 0.0433195058719243 1.74066340751596 2.54487723822945 -0.00824760248324415 0.21553004123743 -0.0175713236960427
1636513563.64874 0.668687547411458 0.0561926447925106 2.46613300942292 2.52735883311068 -0.00560378874188235 0.367474750335481 -0.0248669421595634
1636513564.149 1.12936803880308 0.0720018579195484 3.18485013808736 2.4900599115103 0.00439917435049743 0.566043942848972 -0.0490578211466595
1636513564.64926 1.745310294793 0.0782396351846038 3.79112510913709 2.4238997061464 0.0123010912227503 0.802713858079849 -0.0586471690877728
1636513565.14971 2.4532224369742 0.0843624078917322 4.27692380666074 2.33128867063116 0.0222341802506335 1.04090380234571 -0.0659407338065865
1636513565.64977 3.245523363411 0.0643534011332957 4.6192386767414 2.22088912649306 0.0209071704981926 1.25928955438591 -0.0680758911695143
1636513566.15003 4.03978240041318 0.0666195588252691 4.77238646437885 2.0886388951271 0.0275705867638163 1.46790103695327 -0.0729664643285234
1636513566.65029 4.84753997614312 0.0348448076303229 4.77171613992221 1.94310124490715 0.0274938852472774 1.65585642365254 -0.0705072567913776
1636513567.15072 5.61730096657215 0.00901111592009294 4.64849006816177 1.77593456906011 0.0273545590302388 1.83367902863385 -0.0784823875994619
1636513567.65097 6.36110224696195 -0.0236098015362638 4.37088463939238 1.59322864567924 0.0271772023322191 1.99437437171389 -0.0811472637162681
1636513568.15122 7.06284168446748 -0.0532021700129556 3.92276571817714 1.39699067512507 0.0293694922233499 2.13630974245951 -0.0834583819041279
1636513568.65149 7.68446324728106 -0.0850750302061975 3.39356343756498 1.20652207776449 0.0370178752143471 2.24929657729817 -0.0826389183952435
1636513569.15174 8.25089914639118 -0.121423944686383 2.75399700447395 1.02808703407123 0.0408775902353505 2.33613986626481 -0.0839447969605145
1636513569.652 8.74268735877703 -0.154116178115566 2.03599816796494 0.859640697341992 0.0389787307553603 2.40326120573166 -0.0840490198909986
1636513570.15226 9.36895666091106 -0.12723960902826 1.26846707244524 0.706769570939153 0.0428599066615876 2.45246354962245 -0.0853959628203762
1636513570.65251 9.76560372053543 -0.155115059833494 0.439584732531457 0.596720446238382 0.0470127409032994 2.48135689985457 -0.0883887859135423
1636513571.15278 10.1717949865907 -0.201995623670312 -0.418669044547123 0.54276019611699 0.0494562160339638 2.49371157790812 -0.08716736264778
1636513571.65303 10.5834391511979 -0.238834583495706 -1.29008079701156 0.545611695970032 0.0466007257851587 2.49309618850938 -0.0885312098321692
1636513572.15332 11.0212269147582 -0.276859156553234 -2.16458684237361 0.571281738540014 0.0507617228759995 2.48734402445284 -0.0860828520522802
1636513572.65355 11.5014994222672 -0.322820607738355 -3.02212095199256 0.619298204713419 0.0541606754265467 2.47579804056883 -0.0847970983520768
1636513573.15381 12.0343276591199 -0.365355415053948 -3.82940121607369 0.69065771423443 0.0552478675809804 2.45679447495517 -0.0856191183281461
1636513573.65408 12.6150290235086 -0.402506550585877 -4.57913921966767 0.781148108113092 0.0556970733551701 2.42946310684023 -0.0874334741991868
1636513574.15432 13.2584614125656 -0.440696716597304 -5.28058786767014 0.881653855444031 0.0571501323564005 2.39495328723495 -0.0827600399479004
1636513574.65457 13.9797661296045 -0.47508457854857 -5.90467518238182 0.999354473675021 0.0557086530685113 2.34849105433418 -0.077505356774095
1636513575.15482 14.7534550368544 -0.509419814839231 -6.46689835860801 1.11902810945245 0.057227123917301 2.29397003783209 -0.0737071419156611
1636513575.65508 15.5880634248072 -0.533631390158117 -6.91982005418183 1.2424086214296 0.0555620766624349 2.22960445811814 -0.0736733606631523
1636513576.15535 16.4508670380829 -0.561925761758199 -7.23845423273314 1.38448400842104 0.056123413092581 2.14433004601607 -0.07164480008556
1636513576.6556 17.353481713177 -0.587775595204629 -7.42438322689432 1.5344992572195 0.0482786479341774 2.03994110351196 -0.0696536190459452
1636513577.15589 18.2576689549981 -0.616030334573278 -7.455476181917 1.6883671607806 0.0434812213111712 1.91481719586307 -0.0650457601643675
1636513577.65612 19.1350102832066 -0.648180127164009 -7.34335664388616 1.8419463458456 0.0355761346789327 1.76792798689037 -0.0602392026377069
1636513578.15637 19.9761817220897 -0.658621732214696 -7.07263564159567 1.98134374706871 0.0369881347335145 1.61012817848531 -0.0602180486696098
1636513578.65664 20.7475166710668 -0.664813196130249 -6.678302929004 2.11509915226482 0.0361080536863151 1.43007215508854 -0.0563519874127349
1636513579.15691 21.4480988799828 -0.671833885435195 -6.17033979945945 2.22592285356929 0.0373692234017762 1.25083277620285 -0.050184537203364
1636513579.65716 22.0597961817645 -0.674166983745138 -5.53872367274312 2.31986550995366 0.0339954336450952 1.0669094344696 -0.044751710088278
1636513580.15741 22.5577985718658 -0.67465472038545 -4.83208787481002 2.3982520179546 0.0348292133503372 0.876879439430045 -0.0385585746138704
1636513580.65766 22.9376646955527 -0.6577062418673 -4.06423714657136 2.45982561541835 0.0331807119913832 0.685564153058108 -0.0372680133963141
1636513581.15792 23.2304161949016 -0.636087110705407 -3.23683632092224 2.50632569349797 0.0252750339294901 0.490102678222369 -0.02687352355681
1636513581.65818 23.383134301998 -0.620258802519649 -2.37704340249304 2.53530863951788 0.0185075128971039 0.307623774137244 -0.0215712455660532
1636513582.15843 23.4094586972154 -0.598794827924517 -1.50467083777575 2.55008869779554 0.0137730266824939 0.139733293428248 -0.0237207612961709
1636513582.65869 23.3646595494294 -0.567804922381151 -0.610692329554823 2.55397806952737 0.0107046081614882 -0.00988952109761651 -0.0146205269099965
1636513583.15895 23.1849216710502 -0.549727455453327 0.285970648550238 2.54816961518428 0.0042916230398986 -0.172925277088932 -0.0118394875037958
1636513583.6592 22.8847490423256 -0.527856342727218 1.1250601054569 2.52989807411928 -0.00300829319512265 -0.350480631950564 0.000376914425253632
1636513584.15946 22.4576043878674 -0.502601304985762 1.92412942508877 2.49544422306446 -0.0169180919932074 -0.543512278089525 0.0172174911291506
1636513584.65972 21.8818461722233 -0.468219508641756 2.60096537204102 2.43710675596012 -0.0216512779139468 -0.763511416765333 0.0179535340410079
1636513585.15997 21.2124365080413 -0.423684430149455 3.18335670020622 2.36693786403394 -0.0253338012906978 -0.958998882627365 0.0226852403867193
1636513585.66023 20.4656198153496 -0.393686477977722 3.62637735073399 2.27540575252544 -0.0334254168015364 -1.15912265086618 0.0328056981650369
1636513586.16086 19.6412030899464 -0.356589194860507 3.89579994872083 2.15971063361821 -0.0323723643449595 -1.36252751179742 0.0367548548575746
1636513586.66074 18.8002866900269 -0.332953730211268 4.01672446584075 2.01621825750246 -0.0411116564964719 -1.56667180054641 0.0440836691289541
1636513587.1631 17.9452103795292 -0.313061548848419 3.9900810628848 1.86380048762129 -0.0421271601323306 -1.74515375764313 0.0462767501367901
1636513587.66127 17.1074706030027 -0.295599036843651 3.81855463639134 1.70530701043851 -0.0498880331340064 -1.89993567309585 0.0539791913096008
1636513588.16249 16.3021764044883 -0.274291455449571 3.47605346633386 1.53149318198945 -0.0444001914064249 -2.0426327113522 0.0586429342222557
1636513588.66177 15.5700724414988 -0.269966472948525 3.04768881225025 1.34805868854834 -0.0463110385183873 -2.16773910403783 0.0687776668930178
1636513589.16204 14.9012550966327 -0.268519446075796 2.48744984507736 1.17012321425196 -0.0481025904274507 -2.2685856790424 0.0724358461252368
1636513589.66229 14.3126107802157 -0.272244093372199 1.85555987096655 1.0006370143709 -0.0482139273068935 -2.34815416952114 0.0761781434688055
1636513590.16275 13.7836397738544 -0.28574513297873 1.12640989781098 0.846620437633362 -0.0506007332372326 -2.40788612990543 0.0773816288516744
1636513590.66298 13.3182450424947 -0.295598069123675 0.321089595580943 0.709512509047327 -0.0523165425774427 -2.45179993873297 0.0759089586573199
1636513591.26414 12.8342899124436 -0.330272516552773 -0.695086014886421 0.571641561858122 -0.0517201974965543 -2.48745467991835 0.0796887192578739
1636513591.76354 12.493255016694 -0.352384587834573 -1.58413030938034 0.484850373363538 -0.0481078996792478 -2.50579599380174 0.0825972976685696
1636513592.2638 12.171662728093 -0.374873055279583 -2.49670252414611 0.417794040825954 -0.0524509925916137 -2.51770102145981 0.0843132852167019
1636513592.86412 11.799167225866 -0.398790375824222 -3.62964475462599 0.379579745188282 -0.048087616508376 -2.523893738871 0.0824458838660612
1636513593.46442 11.3900144997793 -0.426656361653894 -4.75990015144652 0.403779920643038 -0.048203079616679 -2.52022275814426 0.0796593926038814
1636513593.96468 11.0060604038509 -0.446655375253705 -5.68145152854201 0.450118083361509 -0.0484848617093159 -2.51246591829558 0.0760793619615309
1636513594.56498 10.4184680676827 -0.462173044665268 -6.71771508877214 0.561927927949625 -0.0457422768287069 -2.49000558699565 0.0724358704548566
1636513595.06525 9.86994047874627 -0.462398211977893 -7.50104766569905 0.692287236418471 -0.0453426614215343 -2.45696326338361 0.0724160094730219
1636513595.66555 9.0992663753695 -0.466538190796293 -8.35988800010523 0.856724942724379 -0.0504181099219326 -2.40448769020132 0.0717597733653744
1636513596.16582 8.35355665644372 -0.462793697201715 -8.98274622433129 0.997025368866071 -0.0484840663880968 -2.34989066699729 0.0695247653740896
1636513596.76613 7.32907009743147 -0.453281117919055 -9.56212512590831 1.18936833532981 -0.0397909046936556 -2.25896873240655 0.0641096211604285
1636513597.36643 6.2539668237654 -0.439569367634256 -9.9286014409064 1.39357772719594 -0.0333234999979589 -2.13935781480202 0.0566474496700993
1636513597.86669 5.3554394206365 -0.427143265890218 -10.0356036878904 1.57403923338114 -0.0270227831359612 -2.01050654180631 0.0525722076753929
1636513598.36694 4.46643942110684 -0.404284547693067 -9.95714136559267 1.76677846940166 -0.0240277202205812 -1.84367242972345 0.0449289583087443
1636513598.96725 3.48442451449151 -0.387814888909892 -9.64519837840222 1.97471742760016 -0.0233035092487928 -1.61929849219183 0.0324122117651706
1636513599.46751 2.74471991004819 -0.363771257205395 -9.22804341538339 2.12505943045668 -0.0202436549494321 -1.41647750511846 0.0231131921665513
1636513599.96777 2.08771581694315 -0.335440007860218 -8.66185461985737 2.24859393318724 -0.0196544210824331 -1.21089693196743 0.0199443780214119
1636513600.46802 1.53153936074022 -0.300446770521533 -7.98117063078281 2.34752711313359 -0.0150446645914445 -1.00597412735395 0.0116746289799008
1636513600.96828 1.08416201436877 -0.26285101287065 -7.21731425956237 2.42252116927554 -0.0126419355211651 -0.808926314380485 0.00998571370925992
1636513601.46853 0.682286643060017 -0.216836496064 -6.37505527756266 2.473639891509 -0.00983183264786188 -0.635794476529939 0.0021299092633257
1636513601.96879 0.396166202410683 -0.181064804071845 -5.47884879895335 2.50917821636452 -0.00529845423154027 -0.476662948347295 0.00437827302680514
1636513602.46905 0.177525149759978 -0.148098762593231 -4.55022281085066 2.52983662034871 -0.0008653498545573 -0.350933470377985 0.00132498228671255
1636513602.96931 0.00430408376079344 -0.110184316661129 -3.59090673889894 2.54059526525769 0.00347821537446164 -0.26190117199302 -0.00122758871267352
1636513603.46956 -0.126203062747409 -0.0736732014849554 -2.62204400321491 2.54603742212191 0.00514738389621222 -0.20223009024179 -0.000266255475182516
1636513603.96983 -0.224158342684185 -0.0422816345176983 -1.63472672152329 2.54889005212577 0.00439739133995319 -0.162356607545946 0.00326003177509355
1636513604.47008 -0.2989993596015 -0.0132283440581174 -0.633236822694202 2.55070922193521 0.00156343372485261 -0.130663454759871 0.0061002538637572
1636513604.97243 -0.346094894256536 0.0266378365719681 0.377641754652834 2.55224112156217 -0.00472223223794115 -0.0959914417892371 -0.0076636629835432
1636513605.47062 -0.307475162473026 0.0415972195201879 1.38598195486331 2.55389068122006 -0.0146290092363412 -0.0201687679749295 -0.0158660632102418
1636513605.97086 -0.150513034974003 0.0737701122743052 2.38316887406644 2.55186904566785 -0.0153540374604821 0.104599048487415 -0.00421865485275657
1636513606.4711 0.104143606524215 0.0922122301201355 3.321744850594 2.54083169291521 0.00360899666902941 0.2593876442654 -0.010462510236538
1636513606.97226 0.468712100501065 0.126045576724378 4.20530962409005 2.51915479351078 0.0053549992969401 0.420069019421695 -0.02454791098298
1636513607.47162 0.878285631909409 0.144740385412798 4.93725713344817 2.4933030923508 0.0125024897333354 0.552926459375578 -0.0280328137028544
1636513607.97188 1.25983859022076 0.159369763364577 5.46115308938077 2.46940631058989 0.0214608503261562 0.651424477843615 -0.0211703917206279
1636513608.47214 1.53224116770924 0.164277644282586 5.83592219344951 2.4505080640049 0.0186368982488512 0.719142955903859 -0.0269524385132429
1636513608.97241 1.69875479813027 0.169146633514686 6.03075195475757 2.43933157551959 0.0215822340645006 0.756221091158433 -0.0235682801749712
1636513609.5727 1.72086422506072 0.167049547406318 6.06343905043153 2.43709075692038 0.0257212212351409 0.763260356115669 -0.0243068054444598
1636513610.07333 1.72113248964871 0.167529351951722 6.064055491538 2.43708634883082 0.0259726739702126 0.763272772857075 -0.0240905263895319
