1636513559.64669 0.000126598913545303 0.000198648265464519 5.51860904221477e-05 0.999999999969326 3.52636898079862e-06 6.98929980858038e-06 -2.50590457025984e-07
1636513560.14695 -0.000104111839629165 0.000789426528982696 0.000503419047592701 0.99999999828042 5.38865926324357e-05 -4.12997579786068e-06 -2.27670535379498e-05
1636513560.6478 -1.77389698690075e-05 8.46154409928475e-05 8.00883516080807e-06 0.999999999946251 -9.74841976012144e-06 -6.43014544733233e-07 -3.47184342049897e-06
1636513561.14747 0.00139043506959657 0.00317051555111289 0.0257042812846906 0.999999421936468 0.000860021007034882 -0.000106776116155813 -0.000636466384546197
1636513561.64771 0.00818722779695146 0.0137684008638664 0.21490912111433 0.999989373743624 -0.000272508311819642 0.00151865826275518 -0.00434417036221521
1636513562.14797 0.0539176901790389 0.0156358706812173 0.587904916633853 0.999900119662285 -0.00188934993690353 0.0133223571979488 -0.00432387035578731
1636513562.64823 0.158055721674348 0.0261922620569802 1.09925353171829 0.999193330281025 -0.00260687664374349 0.0397886250882307 -0.00477055863254458
1636513563.14849 0.355930869504506 0.0432786405550105 1.73902135827379 0.996404057291478 -0.00322921060936881 0.0843871776332074 -0.0068797574828795
1636513563.64874 0.668056743158472 0.0561396356412877 2.46380659075879 0.98954501919117 -0.00219406962140955 0.143878583487662 -0.00973623469455051
1636513564.149 1.12830265308621 0.0719339351978313 3.18184571992524 0.974941251175598 0.00172242303311175 0.221625024888186 -0.0192077681776192
1636513564.64926 1.74366386192462 0.0781658280757118 3.7875487634257 0.949037330913538 0.00481628623154666 0.314289166101906 -0.0229623167474955
1636513565.14971 2.45090819745717 0.0842828248848462 4.27288918430628 0.912777031143027 0.00870542086646764 0.407548449224597 -0.0258179898498256
1636513565.64977 3.24246170935639 0.0642926935587549 4.61488113275224 0.869551938769271 0.00818585242460543 0.493053732590997 -0.0266539749525322
1636513566.15003 4.03597148464365 0.0665567134781384 4.76788444891546 0.817771575798812 0.0107948014547397 0.574732064459107 -0.0285687969584486
1636513566.65029 4.84296706485547 0.0348119368928121 4.76721475680725 0.760788746533259 0.0107647702606484 0.648322847968663 -0.0276059354376946
1636513567.15072 5.61200190372325 0.00900261531279355 4.64410492996635 0.695337434558066 0.0107102194140068 0.717946310515244 -0.0307284643264099
1636513567.65097 6.35510152156098 -0.0235875293057147 4.36676137938775 0.623801990485119 0.0106407783695274 0.780863880536892 -0.0317718519346908
1636513568.15122 7.05617897541902 -0.0531519819165238 3.91906518971946 0.546968299996038 0.0114991327567125 0.836436297610536 -0.0326767315511496
1636513568.65149 7.67721413352523 -0.084994774949337 3.39036213038126 0.472393510946987 0.0144937290104991 0.880674400322354 -0.0323558843398228
1636513569.15174 8.2431156871468 -0.12130939979764 2.75139903023343 0.402530258280761 0.0160049357788037 0.914676435538441 -0.0328671792192848
1636513569.652 8.73443997269995 -0.15397079311328 2.03407751562381 0.336577916520784 0.0152614691542977 0.940956671760025 -0.0329079859620373
1636513570.15226 9.36011848569661 -0.127119577951213 1.26727046810116 0.276723787487636 0.0167810785727533 0.960221025397432 -0.033435358905459
1636513570.65251 9.75639136958956 -0.154968732539343 0.439170051684024 0.233635895975229 0.0184070512623356 0.971533732732603 -0.0346071486593966
1636513571.15278 10.1621994564169 -0.201805071746638 -0.418274094446861 0.212508663845626 0.0193637530228412 0.976370999990198 -0.034128920837876
1636513571.65303 10.5734552978218 -0.238609279657445 -1.28886380342973 0.213625120851982 0.0182457336438612 0.976130054578564 -0.0346629123592102
1636513572.15332 11.0108300756996 -0.276597982355945 -2.16254488631893 0.223675796060728 0.0198749023602965 0.973877891087908 -0.0337042988791825
1636513572.65355 11.4906495196792 -0.322516075953516 -3.01927004388617 0.24247583914071 0.0212057053008198 0.969357254487202 -0.033200883553557
1636513573.15381 12.0229751147237 -0.365010758195061 -3.8257887627196 0.270415459859913 0.0216313771789992 0.961916726670768 -0.0335227317067905
1636513573.65408 12.6031286763429 -0.402126847322452 -4.57481950337272 0.305845457917239 0.0218072561759259 0.951215587271211 -0.0342331123586027
1636513574.15432 13.2459540855196 -0.440280986763269 -5.27560644204305 0.345196799866973 0.0223761770898939 0.937703845425845 -0.0324033074550442
1636513574.65457 13.9665783620673 -0.474636409035265 -5.89910502598821 0.391280505512698 0.0218117900187307 0.919512336351185 -0.030345924271483
1636513575.15482 14.7395374123682 -0.508939255290905 -6.46079783078447 0.438136713131742 0.0224063218459969 0.898165545537759 -0.0288587968617376
1636513575.65508 15.5733584751752 -0.533127990697874 -6.91329226412955 0.48644428603858 0.0217544004820081 0.872964280889914 -0.0288455703781357
1636513576.15535 16.4353481654299 -0.561395670893263 -7.23162586015057 0.542071524128078 0.0219741823591458 0.839576513132297 -0.0280513214612878
1636513576.6556 17.3371113618655 -0.587221118982227 -7.41737945879149 0.600807482119659 0.0189026959570079 0.798704771153957 -0.0272717078764477
1636513577.15589 18.2404456415523 -0.615449204333121 -7.44844308237478 0.661051882553638 0.0170243439171086 0.749714600872794 -0.0254675779105462
1636513577.65612 19.1169593326329 -0.647568668520135 -7.33642931195052 0.721183240096351 0.0139292396522431 0.692202591415489 -0.0235856508182588
1636513578.15637 19.9573372551372 -0.658000423516189 -7.06596369344917 0.775761957713088 0.0144820846233663 0.630418719497169 -0.023577368336368
1636513578.65664 20.7279445677643 -0.664186046734117 -6.67200297335707 0.828131646285884 0.0141375036302238 0.559920799378582 -0.022063676805704
1636513579.15691 21.4278658847007 -0.671200113094326 -6.16451902920146 0.871522810293722 0.0146312935083921 0.489742622739947 -0.0196489149777285
1636513579.65716 22.0389861437949 -0.673531010483462 -5.53349873553231 0.908304483911602 0.0133103426383438 0.417730518902231 -0.0175217825177749
1636513580.15741 22.5365187449389 -0.67401828701898 -4.8275295402126 0.938995408187145 0.0136367951165656 0.34332745724562 -0.0150969640544888
1636513580.65766 22.9160265231364 -0.657085796793676 -4.06040316149548 0.96310351894914 0.0129913520209863 0.268421161295759 -0.0145916664259671
1636513581.15792 23.2085018562974 -0.635487059969819 -3.23378286176129 0.981309845669692 0.00989601619174567 0.191891494699344 -0.0105218780314736
1636513581.65818 23.3610758972573 -0.619673683367818 -2.37480102622385 0.992657632734888 0.00724630668388492 0.120444936229191 -0.00844585989452286
1636513582.15843 23.3873754594409 -0.598229956744273 -1.50325141136727 0.99844451699541 0.00539259790667487 0.0547102305836465 -0.00928746677540769
1636513582.65869 23.3426185727873 -0.567269285428899 -0.610116234904579 0.999967335352106 0.00419121002914979 -0.00387207634156469 -0.00572442242557646
1636513583.15895 23.1630502495592 -0.549208871821516 0.285700879056201 0.997693132342579 0.00168031311887391 -0.0677059958379532 -0.00463555302700625
1636513583.6592 22.8631607877211 -0.527358391139445 1.12399878361514 0.990539216477153 -0.00117784681324274 -0.137224821076472 0.00014757453009234
1636513584.15946 22.4364190788026 -0.502127177656835 1.9223143037674 0.97704938818028 -0.00662399555091717 -0.212803128944999 0.00674122026781981
1636513584.65972 21.8612040028244 -0.467777815270128 2.59851175970009 0.954208330057054 -0.00847719521984141 -0.298940106825204 0.00702940554163108
1636513585.15997 21.1924258241019 -0.423284748801273 3.18035369087394 0.926734875714897 -0.00991902556770458 -0.375479949772628 0.0088820259077352
1636513585.66023 20.4463136385418 -0.3933150951015 3.62295641929205 0.890897010567821 -0.0130871620907266 -0.453835059260088 0.0128445216385621
1636513586.16086 19.6226746240121 -0.356252807587322 3.89212485833527 0.845598524591271 -0.0126748570394213 -0.533474825634714 0.0143907477952556
1636513586.66074 18.7825514998811 -0.332639639377847 4.01293530169984 0.789416488143963 -0.0160965805028607 -0.613404102586358 0.0172602222694816
1636513587.1631 17.9282818228783 -0.312766223240481 3.98631703271261 0.729739863263394 -0.0164941839423365 -0.683285723409933 0.0181188864051619
1636513587.66127 17.0913323254828 -0.295320184440401 3.8149524151234 0.667684396953741 -0.0195328237756566 -0.743887989890863 0.0211346482345918
1636513588.16249 16.2867977986675 -0.274032703484883 3.47277434244609 0.599630503713492 -0.0173841512656459 -0.799758625120806 0.022960658656834
1636513588.66177 15.5553844636032 -0.269711800942207 3.0448137847849 0.527809800236616 -0.0181323114466642 -0.848741937711474 0.0269287434827007
1636513589.16204 14.8871980454342 -0.268266139117637 2.48510331724469 0.458142145600218 -0.0188337635891184 -0.888226725028135 0.0283610422885238
1636513589.66229 14.2991090247449 -0.271987272779959 1.85380943451412 0.391782662840295 -0.0188773556794308 -0.919380434745282 0.0298262761319123
1636513590.16275 13.7706370214857 -0.285475576224084 1.12534730264693 0.33148005191428 -0.019811869563728 -0.942767483355251 0.030297480675836
1636513590.66298 13.3056813187531 -0.29531921763332 0.32078669674087 0.27779773896114 -0.0204836659719954 -0.959961199668785 0.0297208813276772
1636513591.26414 12.8221827262216 -0.329960955033657 -0.694430307723818 0.223816678854084 -0.0202501770440358 -0.973921216382009 0.0312007832818488
1636513591.76354 12.481469544647 -0.352052166963939 -1.5826359251342 0.189835042705176 -0.0188358423377324 -0.981102450625821 0.0323395884414187
1636513592.2638 12.1601806291 -0.374519419985318 -2.49434726782831 0.163580258857912 -0.020536307623078 -0.98576366480247 0.0330114546240131
1636513592.86412 11.7880365193102 -0.398414178202338 -3.62622074088907 0.148618091470064 -0.0188279008019099 -0.988188319580104 0.032280304903147
1636513593.46442 11.3792697661352 -0.42625387674366 -4.75540991490639 0.158093264829334 -0.0188731084480204 -0.986751008563522 0.0311893009216839
1636513593.96468 10.9956778720716 -0.44623402433814 -5.67609194946624 0.176236196302225 -0.0189834355066925 -0.983713947843702 0.0297875998872765
1636513594.56498 10.408639839249 -0.461737055206037 -6.71137795379072 0.220013468195403 -0.0179096223335249 -0.974919981321792 0.0283610518143789
1636513595.06525 9.86062970205421 -0.4619620101078 -7.49397157644378 0.271053471977447 -0.0177531596141916 -0.961982812952805 0.0283532755796024
1636513595.66555 9.09068261162087 -0.466098083490461 -8.35200172657529 0.335436301637593 -0.0197403664634655 -0.941436881211162 0.028096337323258
1636513596.16582 8.34567635556652 -0.462357122251905 -8.97427237949339 0.390368583536018 -0.0189831241119904 -0.92006033124666 0.027221257379463
1636513596.76613 7.3221562426636 -0.452853516630399 -9.55310472584202 0.465677250412729 -0.0155794622563567 -0.884461370651598 0.0251010483633832
1636513597.36643 6.24806716422227 -0.439154701281249 -9.91923532658385 0.545632017399447 -0.013047258273338 -0.83762971928266 0.0221793601037397
1636513597.86669 5.35038738403701 -0.426740321660434 -10.0261366333414 0.616288697512225 -0.0105803181196718 -0.787180161531328 0.0205837673588437
1636513598.36694 4.46222601980537 -0.403903167161774 -9.9477483282237 0.691752517096589 -0.00940765140086218 -0.721859059327736 0.0175911810896853
1636513598.96725 3.48113749380232 -0.387449044978384 -9.63609961144964 0.773167533312498 -0.00912409872500618 -0.634009202231087 0.0126904586293819
1636513599.46751 2.74213068732494 -0.363428094756734 -9.21933817022713 0.832031426382557 -0.00792606402502003 -0.554598041885935 0.00904958325916419
1636513599.96777 2.08574637692374 -0.335123571604751 -8.65368348708526 0.880399291789631 -0.00769535937374977 -0.474106411833673 0.00780888715658276
1636513600.46802 1.5300945879968 -0.300163345024267 -7.97364161906846 0.919134921319594 -0.00589048643066731 -0.393872320035012 0.00457100543326757
1636513600.96828 1.08313927361005 -0.262603053210772 -7.21050582930568 0.94849758789151 -0.00494973810763066 -0.316721549311089 0.0039097389474787
1636513601.46853 0.681643010143771 -0.216631944050957 -6.36904138961504 0.968512267370672 -0.00384948939531405 -0.248934678066708 0.000833930297210308
1636513601.96879 0.395792480294371 -0.180893997169703 -5.47368034451267 0.982426703219853 -0.00207452100807541 -0.186629393575071 0.00171423946990607
1636513602.46905 0.177357681979377 -0.147959054100576 -4.54593037275722 0.990515155282604 -0.000338813241403097 -0.137402122377926 0.00051877462161524
1636513602.96931 0.00430002351718337 -0.110080374639431 -3.5875192685449 0.994727522495147 0.0013618369716169 -0.102543017188835 -0.000480641798990712
1636513603.46956 -0.126084009492972 -0.0736037021066468 -2.61957050641488 0.996858307862107 0.0020153719486253 -0.0791798045879544 -0.000104247871670425
1636513603.96983 -0.223946883630619 -0.0422417482733975 -1.63318460731405 0.997975207360088 0.00172172492519764 -0.0635680102979784 0.00127641083774332
1636513604.47008 -0.298717299514683 -0.0132158651421811 -0.632639460768668 0.998687472828849 0.000612136288284491 -0.0511590871680069 0.00238845222435348
1636513604.97243 -0.345768406748164 0.0266127078542808 0.377285507514897 0.999287262469282 -0.00184891093789292 -0.0375838412270914 -0.00300057887893627
1636513605.47062 -0.307185106764756 0.0415579789165797 1.38467449323183 0.999933119924085 -0.00572774353838229 -0.00789674328447048 -0.00621209130186835
1636513605.97086 -0.150371048985242 0.0737005214755144 2.38092071935328 0.999141582384935 -0.00601161619570834 0.0409540054569387 -0.00165174364737669
1636513606.4711 0.104045362987048 0.0921252420086292 3.31861129324394 0.994820091784413 0.00141304219698793 0.101558887507335 -0.00409642064164675
1636513606.97226 0.468269942444486 0.125926672033876 4.201342558745 0.986332864899119 0.002096660281333 0.164470988622395 -0.00961132338096145
1636513607.47162 0.877457103975713 0.144603845034484 4.93259958776795 0.976211064312146 0.00489514044504854 0.216489093945035 -0.0109757786706652
1636513607.97188 1.2586501255277 0.159219422409497 5.45600132813096 0.966854679672018 0.00840263648740261 0.255054343286887 -0.00828891228543481
1636513608.47214 1.53079573291845 0.164122673493784 5.83041689496747 0.959455387757222 0.00729696535122591 0.281568379122964 -0.0105527758608814
1636513608.97241 1.69715228324034 0.168987069580511 6.02506286424514 0.955079420891021 0.00845016225703842 0.29608570194289 -0.00922776534637947
1636513609.5727 1.71924085331381 0.166891961751596 6.05771912465223 0.954202065901021 0.0100707133578737 0.29884180823296 -0.0095169225457431
1636513610.07333 1.71950886483526 0.167371313674921 6.05833498424096 0.954200339987384 0.0101691654645918 0.298846669800084 -0.00943224210434498
