1636513559.64669 0.000126440293345962 0.00019839937211635 5.51169458424787e-05 2.54845507719429 8.98679293345236e-06 1.78119165837561e-05 -6.38618522523896e-07
1636513560.14695 -0.000103981394269933 0.000788437428919464 0.000502788296289666 2.54845507289018 0.000137327560591043 -1.05250577910704e-05 -5.80208131833221e-05
1636513560.6478 -1.77167440942521e-05 8.4509423352239e-05 7.99880061158386e-06 2.54845507713548 -2.48434098330646e-05 -1.63869368128544e-06 -8.84783699246558e-06
1636513561.14747 0.00138869294494688 0.00316654310147134 0.025672075493131 2.54845360410351 0.00219172490193902 -0.000272114135348714 -0.00162200598921
1636513561.64771 0.00817696973336434 0.0137511499536612 0.214639853972323 2.54842799673544 -0.000694475190855712 0.0038702323603602 -0.0110709230161239
1636513562.14797 0.0538501348223242 0.0156162799528699 0.587168310035432 2.54820053671869 -0.0048149234394462 0.0339514288423498 -0.011019189361674
1636513562.64823 0.157857688141697 0.0261594448572718 1.09787623858484 2.54639931573145 -0.00664350801857109 0.101399523623792 -0.0121575543685342
1636513563.14849 0.355484911289767 0.0432244152350625 1.73684247769114 2.53929097881934 -0.00822949817302802 0.21505693129604 -0.0175327528876475
1636513563.64874 0.66721971153787 0.0560692963315179 2.46071960145042 2.52181102834741 -0.00559148786657042 0.366668106599901 -0.0248123567408435
1636513564.149 1.12688896329427 0.0718438066586442 3.17785907431956 2.48459398160082 0.00438951772394467 0.564801419926933 -0.048950134335326
1636513564.64926 1.74147916458704 0.0780678913803338 3.78280321132698 2.41857900448771 0.0122740891003825 0.80095182108413 -0.0585184327010932
1636513565.14971 2.44783736899616 0.0841772239905737 4.2675355322472 2.32617125943413 0.022185374006943 1.03861891466094 -0.0657959873177567
1636513565.64977 3.23839911586097 0.0642121389980331 4.60909898703933 2.21601405330866 0.0208612771732888 1.25652528818966 -0.0679264577972735
1636513566.15003 4.03091467504313 0.066473322247805 4.76191060000519 2.08405412439358 0.0275100665754795 1.46467884774209 -0.0728062956603242
1636513566.65029 4.83689914231395 0.0347683198015214 4.7612417469776 1.93883594383443 0.027433533426421 1.65222165361748 -0.0703524863290484
1636513567.15072 5.60497043057908 0.00899133562171626 4.63828616873748 1.77203621551711 0.0272945130443277 1.8296539202416 -0.0783101109294248
1636513567.65097 6.3471389929582 -0.023557975666622 4.36129011157764 1.58973134986447 0.0271175456619529 1.98999652101292 -0.0809691373773116
1636513568.15122 7.04733804239418 -0.0530853859424281 3.91415485609796 1.39392414123199 0.029305023258074 2.13162032946055 -0.0832751824301962
1636513568.65149 7.66759508386559 -0.0848882820279689 3.38611422728398 1.20387364144341 0.0369366172854176 2.24435914692538 -0.0824575177254619
1636513569.15174 8.23278759967057 -0.121157407014771 2.74795170631553 1.0258302804714 0.0407878598469119 2.33101180620941 -0.0837605297570101
1636513569.652 8.72349628787037 -0.15377787773026 2.03152894887889 0.857753700255177 0.038893168552907 2.39798580764023 -0.0838645239077647
1636513570.15226 9.34839086641075 -0.126960305393257 1.26568266068132 0.70521814122493 0.0427658248908412 2.44708014747785 -0.0852085101630438
1636513570.65251 9.74416724617048 -0.154774566803171 0.438619800191399 0.595410585331172 0.0469095432471135 2.47591007392386 -0.088194763710962
1636513571.15278 10.1494668818759 -0.20155222312565 -0.417750024228701 0.54156878334177 0.0493476547061096 2.48823763222661 -0.086976021591115
1636513571.65303 10.5602074464769 -0.238310317759241 -1.28724894096607 0.544414023868175 0.0464984325432589 2.48762359366898 -0.0883368749948795
1636513572.15332 10.9970342222233 -0.276251423085647 -2.15983535831946 0.570027718133921 0.0506502958303921 2.48188405618637 -0.085893891604561
1636513572.65355 11.4762524836673 -0.322111984300389 -3.0154870950218 0.617938783374041 0.0540417873410177 2.4703634168888 -0.084610960261994
1636513573.15381 12.0079111093861 -0.364553423470731 -3.8209952983905 0.689141651652963 0.0551265930002161 2.45140156599742 -0.0854311758222126
1636513573.65408 12.5873377763502 -0.40162300855404 -4.56908755227412 0.779433410089909 0.0555748127229196 2.42413019296202 -0.0872415490011197
1636513574.15432 13.2293577671257 -0.439729343341292 -5.26899645051903 0.879718537279191 0.0570246821146878 2.3896961258534 -0.0825783734042279
1636513574.65457 13.9490791483547 -0.474041720505106 -5.89171383131714 0.99716079091157 0.0555863670176349 2.34333588218884 -0.0773352247841863
1636513575.15482 14.7210697312714 -0.508301587526891 -6.45270287158517 1.11657173112005 0.0571015046714316 2.28893454475689 -0.0735453473862695
1636513575.65508 15.5538460705536 -0.53246001602265 -6.90463035885458 1.2396814105652 0.0554401123613919 2.2247102539114 -0.0735116402869799
1636513576.15535 16.4147557438265 -0.560692278654476 -7.22256510359763 1.38144492790902 0.056000216602076 2.13962302765071 -0.0714875326022209
1636513576.6556 17.3153890896657 -0.58648536913776 -7.40808596506869 1.53113087827113 0.0481726714857742 2.03546322928904 -0.0695007224036245
1636513577.15589 18.217591550291 -0.614678086534854 -7.43911066795333 1.68466102643434 0.0433857756927878 1.91061398109957 -0.0649029782319632
1636513577.65612 19.0930070267621 -0.646757307123646 -7.3272372434933 1.83790308986735 0.0354980415143037 1.76404720859396 -0.0601069715785669
1636513578.15637 19.9323320104232 -0.657175991809612 -7.05711050080945 1.97699449988874 0.0369069420879072 1.60659378651016 -0.06008586404554
1636513578.65664 20.7019738022403 -0.663353864844221 -6.66364338785982 2.11045629862726 0.0360287929064017 1.4269330040468 -0.056228289178795
1636513579.15691 21.4010181633189 -0.670359143035772 -6.15679528805807 2.2210367308518 0.0372871942285254 1.24808707347835 -0.050074377137887
1636513579.65716 22.0113727285015 -0.672687119962179 -5.52656562174873 2.31477317373386 0.0339208102769233 1.06456746182805 -0.0446534756202873
1636513580.15741 22.5082819536767 -0.67317378597191 -4.82148095988476 2.39298761553005 0.034752759752536 0.874954601584642 -0.0384739346960617
1636513580.65766 22.8873142333274 -0.656262511054856 -4.05531574059393 2.45442605280491 0.0331078770185163 0.684059271351547 -0.0371862063891218
1636513581.15792 23.1794231139309 -0.634690836042547 -3.22973114229708 2.50082405857438 0.0252195527086247 0.489026853951944 -0.0268145334917504
1636513581.65818 23.3318059895473 -0.618897272572259 -2.37182555509516 2.52974338413648 0.0184668870600199 0.30694850926504 -0.0215238945301286
1636513582.15843 23.3580726000911 -0.59748041354257 -1.50136793518368 2.5444909987118 0.0137427935149544 0.139426564909641 -0.023668691858787
1636513582.65869 23.3133717909036 -0.566558533933367 -0.609351798969925 2.54837183288468 0.010681110478702 -0.0098678126122471 -0.0145884333949126
1636513583.15895 23.1340284550978 -0.548520748848823 0.285342914448773 2.54257612867831 0.00428220249920173 -0.17254568885502 -0.0118134986476398
1636513583.6592 22.8345147352379 -0.52669764539697 1.12259048629153 2.52434469546868 -0.00300168969145765 -0.34971129200014 0.000376087060489922
1636513584.15946 22.4083077059074 -0.501498044982752 1.91990576905314 2.48996647405398 -0.016880955093565 -0.542319214419349 0.0171796970185374
1636513584.65972 21.8338133369832 -0.467191720111584 2.59525599358194 2.43175706350957 -0.0216037511990347 -0.761835433039061 0.0179141242427769
1636513585.15997 21.1658730937932 -0.42275440055931 3.17636891468356 2.36174219930109 -0.025278191069612 -0.956893784412062 0.0226354440210333
1636513585.66023 20.420695738243 -0.392822296885133 3.6184170906885 2.27041100990842 -0.0333520446771999 -1.15657826101562 0.0327336863849295
1636513586.16086 19.5980886897943 -0.355806446005117 3.88724827919566 2.15496985332872 -0.0323013037758158 -1.35953662798583 0.0366741742845666
1636513586.66074 18.7590181852608 -0.332222863558612 4.0079073549373 2.01179245729308 -0.0410214123092402 -1.56323279965596 0.0439869010775116
1636513587.1631 17.9058188525655 -0.312374347518262 3.98132243690874 1.85970925962171 -0.0420346868133134 -1.74132297105183 0.0461751680537578
1636513587.66127 17.0699179984198 -0.294950167469372 3.81017252803259 1.70156369143236 -0.0497785239245403 -1.89576512475937 0.053860701599813
1636513588.16249 16.2663915010058 -0.273689358342056 3.46842318221066 1.52813140167609 -0.0443027285570077 -2.03814892878156 0.0585142071315283
1636513588.66177 15.5358945792484 -0.269373869609053 3.04099883127562 1.34509956524717 -0.0462093811689368 -2.16298070045487 0.0686266930530561
1636513589.16204 14.8685453551742 -0.267930019104662 2.48198964452407 1.16755467706737 -0.047997000442838 -2.26360590716704 0.0722768422169273
1636513589.66229 14.2811931717538 -0.271646490428685 1.85148673194259 0.998440516302674 -0.0481080929267236 -2.34299973687157 0.0760109248445023
1636513590.16275 13.7533833095206 -0.285117893906442 1.12393731571674 0.844762021315484 -0.0504896595799423 -2.40260057964407 0.0772117684568984
1636513590.66298 13.2890101660232 -0.294949201873637 0.320384771887345 0.707955058310327 -0.0522017025474847 -2.44641799328047 0.0757423309205312
1636513591.26414 12.806117365761 -0.329547535431571 -0.693560231743264 0.570386751603949 -0.0516066665035392 -2.4819944687521 0.0795137945695051
1636513591.76354 12.4658310756286 -0.351611068511049 -1.58065298532137 0.483786078426238 -0.0480022980402976 -2.50029552162182 0.0824159883604351
1636513592.2638 12.1449447141826 -0.374050171526609 -2.49122201303923 0.416876941227988 -0.0523358574304622 -2.51217441655656 0.0841282091447155
1636513592.86412 11.7732668767424 -0.397914991166705 -3.62167732230301 0.378746529781428 -0.0479820593930093 -2.51835354033525 0.0822649069263279
1636513593.46442 11.3650122817057 -0.425719808377623 -4.74945169577535 0.402893583436896 -0.0480972690482713 -2.51469061777743 0.0794845322904438
1636513593.96468 10.9819010033204 -0.445674922147518 -5.66898017566588 0.449130029265592 -0.0483784326011048 -2.50695080496602 0.0759123601724904
1636513594.56498 10.3955984909472 -0.461158528726708 -6.70296903400559 0.560694440090896 -0.0456418679679038 -2.48453977633389 0.0722768664931411
1636513595.06525 9.84827497478861 -0.46138320177462 -7.48458211778234 0.690767596873251 -0.0452431297564149 -2.45156998391842 0.0722570491081429
1636513595.66555 9.07929257794976 -0.465514092926517 -8.3415372119782 0.85484434600982 -0.0503074371410376 -2.39920959985413 0.0716022535042165
1636513596.16582 8.33521976624763 -0.461777818868923 -8.96302820026691 0.994836798720022 -0.0483776390256951 -2.34473242256253 0.0693721515784328
1636513596.76613 7.31298205743328 -0.452286120646746 -9.54113530735722 1.1867575531846 -0.0397035596883867 -2.25401007068842 0.0639688941465254
1636513597.36643 6.2402387427032 -0.43860446902168 -9.90680717028489 1.39051868506403 -0.0332503515911733 -2.1346617109802 0.0565231028670297
1636513597.86669 5.34368369685957 -0.426205643810575 -10.0135745366624 1.57058406024066 -0.0269634654312354 -2.00609327938267 0.0524568064350402
1636513598.36694 4.45663514101386 -0.40339710278021 -9.93528444698938 1.7629002144108 -0.0239749769777366 -1.83962538481889 0.0448303347632278
1636513598.96725 3.47677585508253 -0.386963596541046 -9.62402620577467 1.97038272585246 -0.0232523557212772 -1.61574397046327 0.0323410637269644
1636513599.46751 2.7386949760375 -0.362972743006688 -9.20778693951426 2.12039471301487 -0.0201992181073489 -1.41336819568958 0.0230624564040168
1636513599.96777 2.08313307245834 -0.334703683580096 -8.64284098487635 2.24365804518836 -0.0196112776674688 -1.20823889240495 0.019900598122041
1636513600.46802 1.5281774790599 -0.29978725988823 -7.96365116506158 2.34237405693534 -0.0150116400518386 -1.00376591379031 0.0116490020046507
1636513600.96828 1.08178217059326 -0.262274028675873 -7.20147153477685 2.4172034936428 -0.0126141852115603 -0.807150640423443 0.00996379407151196
1636513601.46853 0.68078895581486 -0.216360518323936 -6.36106139526482 2.46821000518145 -0.00981025079439458 -0.634398844228287 0.00212523390001694
1636513601.96879 0.395296578075591 -0.180667348764221 -5.46682217927993 2.50367031986868 -0.00528682359593814 -0.475616625624668 0.00436866228074297
1636513602.46905 0.177135464346678 -0.147773671035283 -4.54023461785912 2.52428337659527 -0.000863450325300863 -0.350163136402038 0.00132207381841546
1636513602.96931 0.00429463586757115 -0.109942451094276 -3.58302434038491 2.53501840520541 0.00347058034473443 -0.261326272793724 -0.00122489403298725
1636513603.46956 -0.125926034434896 -0.073511481458195 -2.61628835505765 2.54044861599242 0.00513608487506664 -0.201786175019613 -0.000265671017853342
1636513603.96983 -0.223666292760376 -0.0421888221119951 -1.63113833329227 2.54329498418885 0.00438773862728646 -0.162000218595991 0.00325287568013255
1636513604.47008 -0.298343026179558 -0.013199306523275 -0.631846804697867 2.54511016073908 0.00156000183186133 -0.130376635441931 0.00608686319797633
1636513604.97243 -0.345335181437863 0.0265793638633518 0.376812793328536 2.54663869769354 -0.0047118664670978 -0.0957807309985829 -0.00764684047878163
1636513605.47062 -0.30680022381825 0.0415059094736802 1.38293958620942 2.54828463640342 -0.0145968971017048 -0.020124495517226 -0.0158312356187265
1636513605.97086 -0.150182643847336 0.0736081795186946 2.37793758064739 2.54626743854292 -0.0153203338165663 0.104369443141379 -0.00420939448450965
1636513606.4711 0.103915000918722 0.0920098150761021 3.31445328927589 2.53525431388064 0.00360107456131413 0.258818262510211 -0.0104395439828484
1636513606.97226 0.467683230682622 0.125768894109397 4.19607854995134 2.51362499743285 0.00534324453927859 0.419146926018764 -0.0244940258695187
1636513607.47162 0.876357707331234 0.144422665827786 4.9264193615087 2.48783004333584 0.0124750455211457 0.551712730638339 -0.0279712788802755
1636513607.97188 1.25707311883608 0.159019930835562 5.44916531355515 2.46398571739479 0.021413741618796 0.64999453612986 -0.0211239205988824
1636513608.47214 1.5288777454926 0.163917038465354 5.82311176205419 2.44512895434631 0.0185959883980129 0.717564365375293 -0.0268932752219814
1636513608.97241 1.69502586188377 0.168775339780369 6.01751385260034 2.43397699936816 0.0215348589077257 0.754561110424137 -0.0235165454488596
1636513609.5727 1.71708675641651 0.166682856985211 6.05012919683848 2.43174109958933 0.0256647605886288 0.761584923492569 -0.0242534495817077
1636513610.07333 1.71735443213697 0.167161608311773 6.05074428479523 2.43173670117595 0.0259156613598626 0.761597312977989 -0.024037645280881
