1636513053.01285 4.60496370530626e-06 1.80908601890071e-06 -0.000177746717815788 0.999999999836117 1.04100512067252e-05 -1.47225763286139e-05 1.6256853130107e-06
1636513053.48189 1.79382848079686e-05 7.04715657405961e-06 -0.000692398779210178 0.999999998956269 -1.34540794755334e-05 -2.79996899125586e-05 3.35032320914123e-05
1636513053.88366 0.000103806122729752 -0.00107159466450209 -0.00375447807646075 0.999999771088516 -0.000477697209159115 0.000477497626869107 -4.03026976476241e-05
1636513054.28559 -1.56646815595357e-06 0.0332200944422486 -0.00810755112009946 0.999998209626955 -0.000491687940980908 0.00181846330857886 -0.000179379621080058
1636513054.62064 -0.000649548093544054 0.12929183267008 -0.00679117882389012 0.999998276283363 -0.000734919408578623 0.00168612237832622 -0.000253604201758775
1636513054.95531 0.00682271476686688 0.281152715001018 -0.00309036807914281 0.999999262955436 -0.000610791393261874 0.0010451382908378 -9.33188731001494e-05
1636513055.29214 0.0140057224000515 0.480387364539873 9.22239784646819e-05 0.999999048934526 -0.000946914303086381 0.000932929887962636 0.000367593757155008
1636513055.69227 0.0290051126395374 0.777327991238413 0.00704826887669783 0.999999227533562 -0.000581586641805156 0.000390435444080039 0.00102676648874625
1636513056.09415 0.043629409964514 1.12816446964412 0.0151888744505288 0.999999024364437 0.000316268183438161 0.000257372421739721 0.00133604043593744
1636513056.42916 0.0585511620360529 1.45929879775594 0.0167241653281949 0.999999034119996 0.000556307817498326 0.00123227201577166 0.000322158914857525
1636513056.83111 0.0725817257140422 1.91566245698705 0.0217691678741649 0.999990875718929 -0.0012235781868283 0.000909110577291027 -0.00399059560313512
1636513057.23291 0.103321121025843 2.42235374522977 0.0276708524565616 0.999899765749884 -0.0014655252840236 0.000354606043887881 -0.0140778174275126
1636513057.56797 0.151502627623169 2.87650898556163 0.0348890374113055 0.999664890445741 -8.43496379982522e-05 0.00052928367015184 -0.025880872358571
1636513057.96988 0.219106862993975 3.46255965611681 0.0459086011662613 0.99891955931065 -0.00120793060903315 0.000126613098507251 -0.0464568498650594
1636513058.43874 0.355882483539043 4.17949048664206 0.0629290263188701 0.997046281347843 0.00144425827141517 -0.000815888321731374 -0.0767851632460913
1636513058.77381 0.476939282548074 4.713378913472 0.0730060957111301 0.994534099532125 -0.000685544727782316 -0.000507635009088326 -0.104408798493949
1636513059.30974 0.766827500142053 5.56122189823943 0.0912889002124302 0.987775176828 -0.000555107967569935 0.000798074745897782 -0.155882182991698
1636513059.71139 1.04656147677195 6.185966849928 0.110094286572596 0.979864955527312 0.000116454058399803 0.00185935545591904 -0.199652693859113
1636513060.04644 1.31656754680595 6.6630877471274 0.121908403397093 0.970794909289926 0.00248682016995504 0.00322764446815843 -0.239876305902427
1636513060.44848 1.68095932751007 7.20135248448816 0.136688059132531 0.95665760405269 0.00162078858500208 0.00564245799373531 -0.291155910673851
1636513060.78345 2.03312910587183 7.59606557552233 0.152477584652404 0.941391606154942 0.0048676129019566 0.00645280940733461 -0.337218788706098
1636513061.11821 2.41753007015649 7.96279733419669 0.170265571031837 0.924757388722293 0.00634388894088577 0.00682819699632555 -0.380443034898014
1636513061.45301 2.825280275295 8.29088794242588 0.187076665559107 0.905780858497796 0.00653261055207687 0.00631370773886028 -0.423649027466085
1636513061.855 3.36372339070821 8.62345228898933 0.20711626750497 0.878837777563033 0.00780571696705393 0.00530445096161466 -0.477027351742743
1636513062.18975 3.84151725760308 8.85393893971353 0.223118083184808 0.852769211838402 0.00753371059758719 0.00467440015565696 -0.522212662167749
1636513062.52652 4.3268643638031 9.02927557138762 0.241509576772786 0.823103085696007 0.00728477156393328 0.00528949974464897 -0.567820626266274
1636513062.85978 4.83403131202494 9.13815422830254 0.252982292905134 0.789688172580277 0.0100915256446367 0.00528807494330457 -0.613402630790234
1636513063.19492 5.33139145624614 9.19883779613318 0.261454824541688 0.752812109798909 0.0108485012329641 0.00772342410404497 -0.658100741589935
1636513063.52987 5.82810279833037 9.19517636962072 0.270426394536703 0.713921219646429 0.0135591672526729 0.00891513369144229 -0.700037971479572
1636513063.93158 6.41880743306848 9.11693451560277 0.274824550399911 0.66599875753285 0.0170144262117462 0.00959796600665865 -0.745697018442424
1636513064.3335 7.01157141739305 8.96221980338773 0.288265279618192 0.615200889635871 0.017573308751997 0.0090870926084734 -0.788122115511717
1636513064.66844 7.4854731559584 8.77549980035555 0.296519023297685 0.570597585420568 0.0186359557205046 0.0101853768266606 -0.820955147840307
1636513065.00338 7.94165955430646 8.52731950007701 0.307674244510869 0.526908181188702 0.0187538566138798 0.00794899092546747 -0.849678100813353
1636513065.33846 8.38834795982884 8.23320594043633 0.31963718807178 0.482427189522809 0.0169360367934437 0.00672820975069855 -0.875746486524728
1636513065.67322 8.80332812072809 7.88748712065145 0.319829094302845 0.435697950324044 0.0161277913168931 0.0076143681302406 -0.899916224894652
1636513066.00834 9.19184279361908 7.49350792656172 0.32372616726664 0.390389623046945 0.014919507939559 0.00820616131187018 -0.920492264723951
1636513066.40986 9.6120323475973 6.97562000039401 0.325006989590674 0.340231344421828 0.0152361162571704 0.0101311566174307 -0.940163737175555
1636513066.81213 9.96667349557039 6.42089234064997 0.319398648119971 0.292329461987503 0.0183302219537282 0.012087462207767 -0.956065574045316
1636513067.21405 10.2799477016434 5.82631746013767 0.304829463213239 0.25048893994767 0.021033439122895 0.0152424405457356 -0.967770919902415
1636513067.68298 10.6002920638857 5.07608691770353 0.296295332029713 0.2097909928036 0.0214940164292742 0.0153606383209566 -0.977389276279718
1636513068.01784 10.7964458030918 4.52390985083816 0.291303408090117 0.185924572861272 0.0218659913840294 0.0163479178871596 -0.982184645170093
1636513068.41978 10.9813810622454 3.85157204770527 0.295442563584397 0.164352467901754 0.0226828233296849 0.0135827169145431 -0.986047293805737
1636513068.88868 11.1925458958882 3.06843012370218 0.288654560629917 0.141821552419436 0.0248850272297158 0.0164673424450388 -0.989442372916137
1636513069.22359 11.299212052569 2.4920041164261 0.279577942066154 0.129434117050496 0.0266972727756415 0.0134323075295409 -0.991137547509998
1636513069.55837 11.4295269056262 1.90809615415892 0.283867800159341 0.119040559318925 0.0253066250307969 0.016026231290339 -0.992437443810549
1636513070.02718 11.5653504612873 1.07723432693602 0.291590023003336 0.10887334051344 0.023187195469338 0.0145188793715166 -0.993679099022168
1636513070.4963 11.6959492802734 0.237855653179681 0.2930527306488 0.0988802905715752 0.0221762858674153 0.0128035458012435 -0.994769807390897
1636513070.83131 11.7812480698942 -0.372481350413469 0.289837200527429 0.0910150987309753 0.020910825391253 0.0134223141770288 -0.995539467156667
1636513071.3002 11.8861454777682 -1.2286452204866 0.28171852643468 0.0810164098576872 0.0213307799431696 0.0132802640348758 -0.996395992438725
1636513071.70207 11.9680348930185 -1.98187807470683 0.273792939826841 0.0751182082107629 0.0213760735761177 0.0136961532109013 -0.99685141002102
1636513072.03709 12.031961417245 -2.60808597746615 0.267898632475712 0.0703029628220724 0.0210978723419303 0.0148075822236606 -0.997192613645815
1636513072.37185 12.0836383350175 -3.23152908910961 0.253152079180255 0.0665957441051766 0.0227766960816976 0.0141147600181667 -0.997420173513805
1636513072.70826 12.1369351477617 -3.86497123432073 0.250996497924356 0.0651672199646985 0.0216069994040411 0.0142718742941111 -0.997538312358457
1636513073.10876 12.1990511747516 -4.61164592341117 0.245731760227959 0.0668652590979244 0.0221375567194202 0.0130878123844687 -0.997430536365942
1636513073.44362 12.2548878879293 -5.23247855378556 0.240324458095419 0.0739183883591115 0.0217003978149378 0.0141006574897021 -0.996928450820531
1636513073.8456 12.3446711602777 -5.9786092693955 0.234855478620719 0.0885762545624885 0.0209190313030425 0.0130138752110473 -0.995764671149271
1636513074.38143 12.4954028852943 -6.96407959471649 0.224922895720107 0.116839400710989 0.020332643356624 0.0114939087640614 -0.992876139363291
1636513074.71627 12.6259504706417 -7.57270282804377 0.222889820443476 0.140261517887398 0.0199016652591842 0.0105999952367804 -0.989857702107134
1636513075.05144 12.7904339559749 -8.16831779312071 0.219763436772505 0.168645808545149 0.0196985783465019 0.0098942412706428 -0.985430190962789
1636513075.45314 13.0345554264091 -8.85554978955475 0.213040976874225 0.210105174703296 0.0196969404599358 0.00988650781666348 -0.977430357141933
1636513075.8551 13.3356968444207 -9.51188929692931 0.213210487115577 0.257147360156317 0.0198930915533292 0.00821331563342451 -0.966132517576856
1636513076.19004 13.6339154923641 -10.0169979315044 0.213537739203605 0.302994218640365 0.0196623919206074 0.00750233058645515 -0.952759995408207
1636513076.5917 14.0436896124144 -10.5589628490943 0.214905082240514 0.362130674472637 0.0200208519921355 0.00706658915920863 -0.931885509818216
1636513076.99389 14.503522220995 -11.0302608107417 0.219473132885983 0.424713668493216 0.0208453037349383 0.00483420633108709 -0.905074805503049
1636513077.32879 14.9248634330564 -11.3575228451938 0.225790100019256 0.476175128445647 0.0202706602923275 0.00404935042878583 -0.879107473601601
1636513077.73067 15.4666750001059 -11.6738416815747 0.231251806445456 0.537615023672569 0.0200687804545547 0.00412972912647574 -0.842941442634038
1636513078.06581 15.9240063845306 -11.8727303445659 0.23515388645227 0.587424339946996 0.0213733542945948 0.00403269577779709 -0.808986750156514
1636513078.5346 16.5978993266351 -12.0542126380453 0.24925926178979 0.652362980190687 0.0216935048113538 0.00260196502287104 -0.757591686664885
1636513079.00328 17.2965434047884 -12.1180172095837 0.267523733590717 0.713860364042932 0.0201200160949484 0.00216777765394828 -0.6999956188012
1636513079.33835 17.7916006939246 -12.0865178403665 0.283402268155942 0.754338222720796 0.0177784284563326 0.00226076333601792 -0.656241313979235
1636513079.67321 18.2844326973764 -11.9990918087213 0.294983786438232 0.791477722887575 0.0162531676047822 0.00208444311665564 -0.610978316974018
1636513080.07544 18.8619141632482 -11.8232443114357 0.309784555697329 0.831613283615162 0.015207473773984 0.00201132836757676 -0.555143255218344
1636513080.47708 19.4092356189982 -11.5630684092764 0.325604921188002 0.867965513152396 0.0121207392923714 0.00218619196338351 -0.496471727515076
1636513080.87908 19.9302840125803 -11.2333735989311 0.337108381970234 0.899084368821077 0.0114156995142603 0.0012134304503412 -0.437624847480976
1636513081.28101 20.4143272453205 -10.8340583877832 0.34924234134581 0.924485997261414 0.0100712501270981 0.000299426803149957 -0.381082827128219
1636513081.68306 20.8487628517247 -10.3662716455572 0.361694353342585 0.94483267174235 0.00766779053163863 0.000746254656765814 -0.327462777274859
1636513082.08476 21.2493400235256 -9.85057024436999 0.375042281853813 0.960862509593288 0.00731394186968939 0.000812224225859215 -0.276927940454231
1636513082.55362 21.6480519520998 -9.1931662595628 0.384786893486034 0.97547926440244 0.00687537916558484 0.00107088571260087 -0.219981333494445
1636513082.88873 21.8944503919612 -8.6839547674222 0.39478358971262 0.983404129774381 0.00618506992839493 0.000915393341716793 -0.18132077792604
1636513083.22337 22.0971268389838 -8.16314846033977 0.406999726032644 0.989472581713699 0.00522548589796673 0.000840428722659305 -0.144623642650572
1636513083.6256 22.2818215156036 -7.51449975256812 0.42485475978411 0.994691124776407 0.00301925728352702 0.00101213147955427 -0.102856336539716
1636513084.02758 22.4236190989891 -6.84670078211543 0.440234074487573 0.997740690832295 0.00163116977749118 0.00139555631934903 -0.0671483846805897
1636513084.36368 22.5101364975905 -6.2746413095766 0.453510075454893 0.998981676831964 0.000483989749391491 0.0011963228154627 -0.0450992673958463
1636513084.7642 22.5911353747493 -5.56305487950829 0.468914371431825 0.999691454865326 0.000789588838639168 8.38189428348695e-05 -0.0248266911427689
1636513085.16621 22.654005027248 -4.84345252079777 0.484008422980507 0.999952161246206 0.000467356473235888 -0.00125311822787127 -0.00968950420177441
1636513085.50111 22.692464425245 -4.24050840225156 0.498303962250933 0.99999628421556 0.000283246691350732 -0.00185056364190256 -0.00198160051262379
1636513085.90298 22.7130908485003 -3.51845084263818 0.513331548092754 0.999971748119021 -0.00108708621506625 -0.00118184592428123 0.00734332673672564
1636513086.305 22.7337647518126 -2.80224032003206 0.527512959556116 0.99985234931876 0.000777131487419692 -8.63063737384665e-05 0.0171659016546836
1636513086.63988 22.738212571135 -2.18866214745166 0.534162704753351 0.999651999724672 0.00128390488637871 0.000258829747936286 0.0263469930327744
1636513086.97487 22.7191555001129 -1.58131561368128 0.545443159192833 0.999342179838229 -0.0012469852221138 0.000140178294269631 0.0362440750203307
1636513087.44357 22.6935337972453 -0.723794277688537 0.558635581383919 0.998695839867289 0.000307694581923898 -0.000821183243630064 0.0510475309284934
1636513087.84575 22.6378329828532 0.0118851028696351 0.570926515853114 0.998011581888847 -0.000659777058552754 -0.00100215425107968 0.0630193842941335
1636513088.24759 22.5712056687021 0.744799151555867 0.580746472532585 0.997238867072791 -0.00171455502074635 -0.000672399576913335 0.074237794816836
1636513088.8505 22.4432584064063 1.84732854930785 0.589901457543724 0.995793560091451 -0.000707983932356341 0.000313662857496428 0.0916219736458299
1636513089.31919 22.3062545064679 2.69350742349271 0.600833097753989 0.994276260059298 -0.00201216392570047 0.000331146923931434 0.106820223836807
1636513089.65438 22.1918502287998 3.30179048232892 0.606620409020189 0.992678913775556 -0.00185323085643204 0.000195530732834377 0.120768793355355
1636513090.19017 21.9738846739931 4.25098089053501 0.619745633391491 0.988191863566298 -0.0015520854149871 -0.00113619002175375 0.153209467346067
1636513090.59198 21.7549907231033 4.94446311261372 0.627961524757579 0.982685573705466 -0.00308040544722464 -0.00283630204432524 0.185233716488531
1636513091.06086 21.4390890568964 5.71603642476831 0.63159213572981 0.972740290430756 -0.00514109713457254 -0.00320815978342235 0.23181804115242
1636513091.39583 21.1748959999995 6.23734659085891 0.635224934761404 0.962001968354792 -0.00581579675595945 -0.00397395555533182 0.272951638696021
1636513091.73079 20.8602791969622 6.71666836874377 0.628607672567624 0.948475993228422 -0.009305222086644 -0.00494657241214482 0.316673703569856
1636513092.19953 20.3790657566278 7.32809783597979 0.620372074029591 0.92248129314279 -0.00804584668840605 -0.00476296375364279 0.385928545625942
1636513092.53472 19.9899255695362 7.68216435445223 0.610866878527581 0.898992066486155 -0.0106337053301474 -0.00459941997146645 0.437811642195398
1636513092.86948 19.5702767814535 7.98849117732764 0.605207312062297 0.872595431381867 -0.0114204878122927 -0.00571598781014801 0.488276676765313
1636513093.27141 19.0447443654834 8.28667775046201 0.588161019626663 0.839026010905571 -0.0144517536649371 -0.00552020313699187 0.543871333310756
1636513093.61052 18.5669160825406 8.47884010918077 0.580034485430871 0.807437909510892 -0.0166457278681909 -0.0069874066553309 0.589676282528518
1636513093.94121 18.0920241250783 8.61618913584264 0.568773569637916 0.773658383461436 -0.017888406251513 -0.00721586724358197 0.633309278221582
1636513094.34316 17.4981757361171 8.7116363201208 0.549450877514135 0.728192720659316 -0.0196893524136506 -0.00767794729482822 0.685046524044646
1636513094.67803 16.9934289880418 8.72030723551112 0.540454204843514 0.687442475376141 -0.0210399863191235 -0.00977714873945664 0.725868148761841
1636513095.01325 16.4899267973086 8.677894711024 0.533013276903813 0.644510304237572 -0.0209648761987697 -0.0106067704156631 0.764234543918889
1636513095.41498 15.893785284415 8.55513842827234 0.51899419308027 0.589664169520614 -0.0198385085113678 -0.0107024705618144 0.807333919693384
1636513095.74999 15.4095573632173 8.38073155604237 0.505876883037276 0.541621188412585 -0.0205759740667676 -0.0123619331821729 0.840279893941145
1636513096.08498 14.9584985488205 8.15565393198448 0.492838332049607 0.492485914680581 -0.0205752828599715 -0.0133712258521159 0.86997442025365
1636513096.41982 14.5233862543528 7.87460144583077 0.473491794352205 0.44062858178864 -0.0212551551994005 -0.0142907152200664 0.897324047792591
1636513096.82181 14.0371555549995 7.47456674041708 0.456027099277563 0.380939209275109 -0.020820972037289 -0.012857343716054 0.924276200425416
1636513097.15671 13.6770531876421 7.09338454323049 0.439207284445822 0.332337299633554 -0.0208796230850626 -0.0123023770942866 0.942849199039769
1636513097.49173 13.3513676215258 6.67058312489798 0.422756362609989 0.284995643689499 -0.0215498133654151 -0.0119874184660613 0.958211558279508
1636513097.82648 13.0687387529177 6.20679032983086 0.406865467328651 0.240214482651902 -0.0228269485676557 -0.0142174208456741 0.970347256237614
1636513098.16135 12.8204718099238 5.71591032473947 0.392283008117139 0.197760167114031 -0.0233504473885949 -0.0145994791977361 0.979863525250806
1636513098.56334 12.5603687741589 5.09183792236669 0.373441358354812 0.150341412169785 -0.0231399210282355 -0.0134211048017436 0.988272167870523
1636513098.89812 12.3862178495219 4.54752382459623 0.362897977586999 0.112893302506883 -0.023476104315264 -0.0119207988109919 0.993258208791136
1636513099.23349 12.2608769412154 3.99570080989482 0.350351984913005 0.0810868325871173 -0.0251984635501322 -0.0125575465080052 0.996309324979648
1636513099.56826 12.1692028351684 3.4380937559241 0.335202311781091 0.0542970960276573 -0.0275915224506685 -0.0135269088871526 0.998051880408918
1636513099.90314 12.0975739081344 2.85913522326715 0.32824800986298 0.0373453099137962 -0.0282742400943985 -0.0158106194816272 0.998777212137989
1636513100.23792 12.0168433631666 2.26789291762302 0.323674616268841 0.0260262796558209 -0.0263869472407074 -0.0118266081307769 0.999242960006581
1636513100.57295 11.9721678812866 1.67097152354809 0.323195918546292 0.0199342699699039 -0.0250228927683846 -0.0149175320639828 0.999376779275659
1636513100.97498 11.9054307640152 0.952667314557402 0.32005032232908 0.0201420304969877 -0.0233709157392841 -0.0128559632665935 0.999441255458996
1636513101.37675 11.8418357320034 0.223930606010116 0.317326236477964 0.026020413995609 -0.0208879744879454 -0.0147173223050136 0.999334794251385
1636513101.71167 11.7777483764928 -0.382828738698646 0.303151687116138 0.0358157628752896 -0.0223109775882429 -0.0162001550372008 0.998977980931256
1636513102.11355 11.673521454473 -1.11588858272932 0.292557444466911 0.0524130159366462 -0.0219425008019128 -0.0160410212321163 0.998255522427406
1636513102.51546 11.5486621780029 -1.84910951001088 0.279723321344137 0.0745558650901756 -0.0219977141362806 -0.0162422702038427 0.996841869210989
1636513102.85055 11.412303544256 -2.44837614744766 0.265311555865398 0.0959970409295476 -0.023395296869362 -0.0162695982641337 0.994973632007145
1636513103.25249 11.2203120895686 -3.16175690487873 0.254322102967657 0.123580018813905 -0.0231920461785987 -0.0175847104328554 0.991907700294235
1636513103.78813 10.88644081 -4.08393684701065 0.237231587308341 0.15975419297076 -0.023723432105701 -0.0155952221773097 0.98674849158366
1636513104.12313 10.6519243869081 -4.65267016182721 0.225074179814573 0.181657167866646 -0.023683405106298 -0.0163088227792477 0.982941398042017
1636513104.52522 10.3311842027623 -5.31302808608567 0.208563311866616 0.209023212041732 -0.0243434832151766 -0.0162455317745181 0.977472646343657
1636513104.92693 9.98367297663946 -5.95518348835144 0.195805513471367 0.238775994117657 -0.0243021643108343 -0.0162349518743065 0.970634769509404
1636513105.26189 9.65906584256417 -6.46627139835282 0.183541938324942 0.269345257315752 -0.0247485442434423 -0.0175569752346106 0.962565527400578
1636513105.59692 9.30102920214263 -6.9378509737164 0.169221835823155 0.307294194303235 -0.0241202137323941 -0.0166554666418276 0.951163019081362
1636513105.99937 8.83086141769972 -7.45645557921426 0.152875474476197 0.356974887255027 -0.0226193095522243 -0.0162384062495956 0.933698886615548
1636513106.46783 8.22580013392884 -7.9805360418206 0.134021462597378 0.41621005437711 -0.0222979197317805 -0.0170102083070162 0.90883587419533
1636513106.80252 7.75105658877354 -8.29413198276892 0.121929971531254 0.459448907938587 -0.0197568397876099 -0.0160876181090932 0.887838699775597
1636513107.13752 7.25499300616655 -8.56663036494509 0.109009565106187 0.504511938017131 -0.0194573530485963 -0.0171399317860713 0.863015259742787
1636513107.4725 6.75089595569917 -8.77190728913686 0.0921493627805495 0.552048529875096 -0.0193528568615951 -0.017616206655282 0.833401198017569
1636513107.80729 6.2297296700141 -8.91929178966705 0.0729936999924229 0.598753682477678 -0.0189769391184317 -0.01915073563929 0.800479326919558
1636513108.20947 5.60370658930005 -9.00597997007721 0.0504840212405644 0.652079751183694 -0.0193865209501069 -0.0174330449025179 0.75770195317624
1636513108.67836 4.89339279526704 -9.00363771262142 0.0212518316816564 0.711219857450282 -0.0213645841487637 -0.0143674847112117 0.702498003054546
1636513109.21399 4.11295299195649 -8.86455679187572 -0.00575383218992818 0.77211116910278 -0.0225843455770126 -0.010249847410792 0.635003331101225
1636513109.54897 3.63965210602662 -8.7036716537133 -0.0179394587497327 0.806645884873721 -0.0208865938957853 -0.00889699797584941 0.590598857126173
1636513109.88388 3.19794647220191 -8.48944901209127 -0.0296133624257893 0.837843710031482 -0.0190758972588066 -0.00590141397269232 0.545544866182037
1636513110.28792 2.65818946006293 -8.17187412931465 -0.03966826748877 0.871563721398756 -0.0193420666061801 -0.00808990703491461 0.489833765072519
1636513110.62167 2.26271161186462 -7.84781429048869 -0.0474403306173463 0.895988211485382 -0.0166222865571595 -0.00696607578230239 0.443711954151602
1636513110.95576 1.88978531575268 -7.48126268016362 -0.0489734132324882 0.916358080088488 -0.0138128678216973 -0.00738837114368965 0.400053103613662
1636513111.42472 1.40888419518102 -6.91218060637173 -0.0552554113179196 0.93988441613244 -0.0134617761332921 -0.00857554802106321 0.341119516989072
1636513111.82648 1.0449400266126 -6.35796428246224 -0.0629348434810233 0.955755186968464 -0.0115011260909546 -0.00891486938117828 0.293803117385491
1636513112.22847 0.73387768824875 -5.77622911315057 -0.0701110298200774 0.9682421502666 -0.0109944164320917 -0.00697487901693346 0.249675013401679
1636513112.56717 0.517452482258863 -5.25551581923765 -0.0705562216750186 0.976735247004635 -0.00884641291267337 -0.00567292126259917 0.214191074047732
1636513112.8984 0.315106543292489 -4.73612303328228 -0.072798533384753 0.983242653963617 -0.0126037117624601 -0.0052519065758582 0.181789568880371
1636513113.30012 0.149541509446948 -4.09014746315845 -0.0679157611311117 0.989085357277319 -0.00789405462848659 -0.00181912111031652 0.147120803150023
1636513113.63511 0.0269722401681837 -3.53286745563556 -0.0664663765651768 0.992222969636563 -0.00810382689437282 0.00102103522243204 0.124204927447914
1636513114.03711 -0.0992958593429342 -2.84698145424071 -0.058367373228691 0.994768409382761 -0.00747376644640133 0.00147844012660031 0.101871334162212
1636513114.37194 -0.185359731535079 -2.26765414376157 -0.050700474853017 0.996370441020303 -0.00918093167551071 0.00137323629290919 0.0846154180788631
1636513114.70704 -0.235883330398068 -1.68096392838758 -0.0383185399372099 0.99776196276611 -0.0065472709787593 0.0019239941036432 0.0665168936928084
1636513115.04192 -0.265643033894819 -1.09531008141807 -0.0228157018421953 0.998834747350065 -0.00322365961818633 0.000782512655427561 0.0481470993803587
1636513115.44396 -0.287486941308047 -0.394552420860695 -0.0116485395872089 0.999504125379821 -0.00389948451655653 0.000490874318206366 0.0312419015366679
1636513115.84572 -0.275049418861291 0.297270037660071 -0.00318488016561876 0.999804433269965 -0.00162216912169956 0.000269482643480676 0.0197076421768165
1636513116.18066 -0.26173630136312 0.835774726998602 0.00665671645093287 0.999908658201383 -0.0013606268911399 -0.00123868692351087 0.0133899067614173
1636513116.64953 -0.240510399214564 1.48891173794353 0.0170003697764495 0.999976634167927 0.000552527160558391 -0.000503253037551652 0.00679503997790807
1636513116.98434 -0.22600851124658 1.86704970658844 0.0237758393917981 0.999992553829494 -0.00056827887245511 -0.000647678305352291 0.00376162963386063
1636513117.31956 -0.210929341762931 2.14848957511384 0.0314751113603417 0.999994311066127 -0.00126312821953928 -0.00135275988860218 0.00281999701529496
1636513117.72122 -0.203569977422676 2.33488401862613 0.0310261386296867 0.999993430782562 -0.00154075030268256 -0.00165182013366457 0.00283477873435478
1636513118.19028 -0.203569104232095 2.35443690791711 0.0261927565327142 0.99999388760098 -0.00182467043918081 -0.000512120198687201 0.00293820887096358
1636513118.52511 -0.203530726744181 2.35610428699187 0.0242957834038039 0.999993846418622 -0.00195830490160007 -0.000386685878514309 0.00288489875622733
