1636513053.28198 1.2345635204787e-05 4.85217032526743e-06 -0.000476698079746708 0.999999999902846 3.14792356484864e-06 -1.01995668176058e-05 8.96475129576056e-06
1636513053.78225 7.97047672784463e-05 -0.00219431430714851 -0.00252657731086443 0.99999991652988 -0.000338675364859188 0.000226349822591207 -3.17015508607798e-05
1636513054.2825 2.0456604771777e-06 0.0326669218305059 -0.00811215235359737 0.999998213628109 -0.000492448973774939 0.00181614166407755 -0.000178505057159367
1636513054.78276 0.00742019814595467 0.196253556537094 -0.0052144491465521 0.999998608130424 -0.000751850422376617 0.00146319807029298 -0.0002784053967232
1636513055.28301 0.014037190032514 0.4757332945596 2.53004075098835e-05 0.999999062408806 -0.00093726953746963 0.000936941492104616 0.000344743331009759
1636513055.78328 0.0284996368437313 0.851782098787184 0.00819691414275376 0.999999072181001 -0.000504086585102603 0.000541819217433013 0.00114366331902735
1636513056.28353 0.0509734656450759 1.31015922136806 0.0164139761392799 0.999999172327776 0.000457864274817601 0.000817449510478404 0.000881748471781495
1636513056.78379 0.0729630268175118 1.85813634952462 0.0212365909963958 0.999993814937192 -0.000994416319826479 0.000931973683359201 -0.00324232148266134
1636513057.28405 0.111421898504007 2.49011722541789 0.0286403072233204 0.99987496837563 -0.00113617743201596 0.000413006867217778 -0.015766614792151
1636513057.7843 0.183549790452723 3.18865882459072 0.0393555998064892 0.999348986656899 -0.000993236563406096 0.00031740461480943 -0.0360626621766665
1636513058.28456 0.306765021612411 3.93894161757087 0.0597042448430429 0.997791927851768 0.001879312955198 -0.000781172260456934 -0.066386193342948
1636513058.78483 0.482651705791141 4.73021668805862 0.0734265815598848 0.994428344165081 -0.000701229529977755 -0.000495617780595869 -0.105411246844244
1636513059.28508 0.749426875049287 5.5267677181283 0.0906460401537557 0.98813422345 -0.000524087104322243 0.000632275001124061 -0.153590631250396
1636513059.78534 1.10437993439919 6.2924180879117 0.113124814285599 0.978078348680309 0.00105569904491662 0.00201239292663861 -0.208224829492151
1636513060.2856 1.52594630469994 6.98996517622875 0.12874097054366 0.962962077149395 0.00162846559272891 0.00495989083237829 -0.26958632301151
1636513060.78585 2.03510543809467 7.59861816790763 0.152556775608387 0.941282267878638 0.00488983533454582 0.00645746444765358 -0.337523455245048
1636513061.2861 2.61948297821706 8.13355837089739 0.180882802528771 0.915924447873092 0.0061638872703819 0.00664401128280526 -0.40124838865242
1636513061.78637 3.26788305507032 8.56969736425074 0.203837475247907 0.883638398359637 0.00798174978178434 0.00554835993714024 -0.46806910634739
1636513062.28663 3.98161323068905 8.91007572006438 0.228810278032315 0.844482864346918 0.00758059390336535 0.00476360296612582 -0.535507735245046
1636513062.78688 4.7236392209259 9.1192117168323 0.250767917467828 0.797414814583058 0.00936586142132282 0.00521106564463346 -0.603336339795765
1636513063.28713 5.46663523027321 9.20478991690057 0.26321398280525 0.742272576894139 0.0113659693831747 0.00841993451004703 -0.669948760006138
1636513063.78785 6.21083297708774 9.15486777154848 0.27402499781038 0.683271328916703 0.0157689105792657 0.00974259533487986 -0.729929252993526
1636513064.28782 6.94363113343926 8.98325183683089 0.287178749595103 0.621147554514504 0.0175299954419329 0.00892178322298404 -0.783446754134944
1636513064.78809 7.64693982233517 8.69222780272934 0.300174599200191 0.554727795649559 0.0192977742791143 0.00928981292039568 -0.831756195058118
1636513065.28835 8.32284900956641 8.28174680481161 0.318817512972161 0.489268568520912 0.0171070407807087 0.00704551231798713 -0.871936911576407
1636513065.7886 8.94216718855689 7.75755430443462 0.321263530505399 0.420130577554989 0.0155077925656663 0.00756521763563791 -0.90729960523257
1636513066.28886 9.48961541061875 7.13641161990476 0.326423628788133 0.355838896645537 0.0152345345064489 0.0089759992339337 -0.934380019066231
1636513066.78911 9.9474249511362 6.45217440322964 0.319849603671883 0.29483931972826 0.0181276873575462 0.0118829492434187 -0.955300977708346
1636513067.28939 10.3332240139657 5.71092237535722 0.302627827357544 0.243471409203426 0.0214509586334456 0.0150832618380016 -0.969553518113637
1636513067.78963 10.6636027556143 4.90100323232397 0.295720628695221 0.202157778545149 0.0211522940852942 0.0159829020053931 -0.978994055074956
1636513068.28989 10.9187258450366 4.06892853716349 0.295073165942015 0.170568079710395 0.0225194894784308 0.013087717904925 -0.985001580921361
1636513068.79014 11.1572691349552 3.23700842179884 0.290248166553577 0.146366671341181 0.0246192827374758 0.0178858910171038 -0.98876224813679
1636513069.29039 11.328688342773 2.37857260088784 0.279439000496401 0.126967716620684 0.0266329292769643 0.0138063663271363 -0.991453110471241
1636513069.79066 11.4929240260109 1.49800307512362 0.287093165720278 0.113048601393242 0.0243783028801931 0.0132339316063895 -0.99320218240092
1636513070.29092 11.6435471546492 0.608926845766378 0.295235800233849 0.103488145032685 0.0217792070219405 0.0143051910599328 -0.994289309752412
1636513070.79118 11.7738091593367 -0.297472286371248 0.289742786902597 0.0921572024753049 0.0212490267261159 0.013108148867184 -0.995431416687455
1636513071.29143 11.8860966354945 -1.21710612248958 0.281868354736441 0.0811347531892388 0.0213325340851345 0.0132951422824021 -0.996386126963899
1636513071.79168 11.9816244966996 -2.14686460925333 0.270894364494355 0.0741633524770529 0.0218063737388381 0.013627084083168 -0.996914530836579
1636513072.29196 12.069386612841 -3.08125390978503 0.256842224639227 0.0671456045105051 0.0220113431831087 0.014672023045475 -0.997392450495765
1636513072.7922 12.1524793957603 -4.01909085951535 0.249241442650817 0.0655427906932365 0.0217055256068786 0.0148258479135541 -0.997503487201882
1636513073.29245 12.2267981647283 -4.94901736587804 0.24547206367867 0.0701687738329077 0.021519110994657 0.0131721529008452 -0.997216007406992
1636513073.79272 12.3314612692277 -5.87725140803308 0.234796686919566 0.0861940467760961 0.0213047495140544 0.0132879887599082 -0.995961908560373
1636513074.29297 12.4697072739831 -6.80362352663674 0.225075982768134 0.111494985351189 0.0204692779103022 0.0119111109439557 -0.993482763987101
1636513074.79324 12.6598764942582 -7.71075858365115 0.221835809934538 0.146168939689809 0.0196919555354259 0.0107780490262271 -0.989004904748372
1636513075.29356 12.925892806342 -8.58273147057077 0.216114575502388 0.192744846502806 0.0198726716937398 0.0092851344002934 -0.981003714236359
1636513075.79376 13.2820779768738 -9.4152646224729 0.212395377246207 0.249331981181775 0.0200866329573377 0.00838916204764868 -0.968173389582954
1636513076.29401 13.7307083846644 -10.1617233564646 0.213174166759367 0.317778042989892 0.0198342868866558 0.00725448223144995 -0.947929896640446
1636513076.79427 14.2651788888271 -10.8073130113632 0.217750912063193 0.393732971810966 0.0206897658199068 0.00553718132121456 -0.918975309854535
1636513077.29452 14.8780251422447 -11.3243267899334 0.225255333100332 0.470702240771045 0.0202179335876028 0.00414618621332144 -0.882050704231026
1636513077.79478 15.5482009291525 -11.7162157634183 0.232415653457498 0.547547999199999 0.0199415527903299 0.00449026050428279 -0.836524572624733
1636513078.29506 16.2481332704033 -11.9803078503824 0.243010153742278 0.619555264968446 0.0225279574363994 0.00200692759295173 -0.784627132480938
1636513078.796 16.9828966064078 -12.1014532309295 0.258458505369782 0.687125353596247 0.0204569735090823 0.00279492410574226 -0.726245446856175
1636513079.29572 17.7232006994835 -12.093179468801 0.281689753269176 0.749067742018717 0.0181161705737404 0.00210610737091343 -0.662242317088289
1636513079.79599 18.4611027585354 -11.9542096407395 0.299576946065957 0.804046392611111 0.0159139478570115 0.00210355836913452 -0.594349829506874
1636513080.29623 19.1656500791997 -11.6914411194467 0.318081997874009 0.851743233366866 0.0130779244892013 0.00234921770356796 -0.523790906260306
1636513080.79656 19.8229437746173 -11.3099664274441 0.334470896840276 0.893201639115814 0.011670690620969 0.00126662192325176 -0.449503084005167
1636513081.29675 20.4323114873625 -10.8196207776384 0.349709121380637 0.925307895534704 0.00996098658255919 0.000271858887352391 -0.379085746632849
1636513081.79701 20.9712603356123 -10.2223835614816 0.366675574645631 0.949761707361708 0.00732177901641355 0.000421434952043374 -0.312888020182923
1636513082.29727 21.4342287134857 -9.5661111704728 0.379207733483593 0.967811875579301 0.00675443839156057 0.00100382313868043 -0.251582080818163
1636513082.79752 21.8257552633959 -8.82814849914987 0.392008751448217 0.981447292858744 0.00659359320513228 0.000935311543385144 -0.191616442564841
1636513083.29778 22.1267049758523 -8.04857484762921 0.40968544590067 0.990631276873139 0.00428773633800968 0.000859883884825199 -0.136493769812011
1636513083.79804 22.3461713083101 -7.23366108356165 0.430486031577603 0.996245881967261 0.00303185533368959 0.00149793985877218 -0.0865026398018572
1636513084.2983 22.4939568315606 -6.39011886450067 0.450422753854447 0.99880543931225 0.000724382470328786 0.00140660745302587 -0.0488384185429162
1636513084.79858 22.5987838168447 -5.50238845573557 0.470061324668638 0.999728431548383 0.000920730417792108 9.01375492677782e-05 -0.0232853448445696
1636513085.29884 22.6694755613499 -4.61012695444918 0.489126149553559 0.999975711951294 0.000531579599883919 -0.00189701890092461 -0.00668537582499727
1636513085.79907 22.7058272133654 -3.7066990991146 0.510701816537648 0.999983630696436 -0.00188180504916647 -0.00185814916443101 0.00507389698485649
1636513086.29932 22.7338312428513 -2.81182749329322 0.527310335723531 0.999854247306865 0.000784641387038199 -7.68394825747243e-05 0.0170546936650884
1636513086.79959 22.7362463483299 -1.89861340116495 0.538556567856541 0.999524781826211 0.000873957992652639 9.73546542590193e-05 0.0308129394047918
1636513087.29984 22.704497357659 -0.996676124858122 0.552959595809846 0.998930427539994 -0.000698133409349838 -2.1064616246644e-05 0.0462332467039598
1636513087.80011 22.6469243405452 -0.0728873780746552 0.570548679472416 0.998093806194634 -0.0006952583634416 -0.00120817840854837 0.0616993594508862
1636513088.30036 22.5561795346846 0.836160557898466 0.582328721900195 0.997139212783585 -0.00168199949079579 -0.00071320428016741 0.0755648896426152
1636513088.80061 22.455508694485 1.74494798449038 0.589890116796913 0.995948632966891 -0.00063088211012898 0.000241446548251211 0.0899214333888705
1636513089.30086 22.3127864143725 2.65914278533172 0.600358782994836 0.994347299869212 -0.00198317261501299 0.000437238176394192 0.106157068026408
1636513089.80113 22.144495307794 3.56346605498552 0.610702971108954 0.991757549989162 -0.0011779309981496 0.000253613646924814 0.128123027587459
1636513090.30137 21.9178147921 4.44010121020728 0.621600551000188 0.986933760586704 -0.00117747738480234 -0.00121822005276768 0.161117602083378
1636513090.80168 21.6209638610132 5.29352972579212 0.631979653393185 0.978943530320765 -0.0040540138906906 -0.0030284734057128 0.204068512424925
1636513091.30189 21.2591729231978 6.08827235442905 0.635677848607025 0.965398497224269 -0.00589577897077275 -0.00392353666211101 0.260682924656588
1636513091.80216 20.7929983722491 6.81257193388977 0.628038581536967 0.945224995752876 -0.00913666411976882 -0.0053292613531459 0.326248107651475
1636513092.30243 20.2611324259127 7.43449487270285 0.61799070198686 0.916082935277655 -0.00987964273209236 -0.00512971374645574 0.400834297920526
1636513092.90273 19.5265769770219 8.01533432276723 0.6041828050942 0.869847614432794 -0.0118266381142706 -0.00592340740461359 0.493143155220886
1636513093.40434 18.856231485892 8.36829113806533 0.58616575426265 0.827228901497919 -0.0153902472902618 -0.0061975187165508 0.561620045561632
1636513093.90325 18.1486407742007 8.60293407796314 0.570304034980908 0.777826119235617 -0.0178260987831164 -0.00721461667421116 0.628185249542902
1636513094.4035 17.4039018376068 8.71648320403908 0.547696080676059 0.721151194492601 -0.020126294521517 -0.00815085680962297 0.692437326033192
1636513095.00381 16.5003102129845 8.67983990022251 0.533063504687759 0.6456783359034 -0.0209838474994149 -0.0105395070291819 0.763248376009225
1636513095.50475 15.7570457513215 8.51388094899683 0.515795173819931 0.576928896567467 -0.019882155176813 -0.0110613190392417 0.816477431061069
1636513096.00433 15.0603511981003 8.21464628157393 0.496030781521627 0.504400248613011 -0.0205033995174248 -0.0130145051541149 0.863128392803154
1636513096.50458 14.4142594388346 7.79538829490487 0.469000614640871 0.42748533811016 -0.0211055774138392 -0.0140046317738469 0.903667367227427
1636513097.00484 13.8377119699232 7.27114147445695 0.44796317745732 0.353877577730421 -0.0207725718906335 -0.0124711849337597 0.934977876627595
1636513097.60515 13.2468353816701 6.51484790042602 0.4167941966928 0.270091854667047 -0.0219983011817823 -0.0131358010491809 0.962493592455777
1636513098.1054 12.8606747378455 5.8019755076644 0.39447121348273 0.204847271908272 -0.0232950268455747 -0.0145334848926947 0.978408766688482
1636513098.70571 12.4818208391473 4.86015945943634 0.369505399490788 0.133777020202117 -0.0229293618569789 -0.0118900122421925 0.990674810843374
1636513099.30602 12.2360528680044 3.88428048268949 0.346908795825788 0.0753008226263117 -0.025713427643353 -0.0125908457707797 0.99674975613411
1636513099.80628 12.1138549392353 3.03021664153082 0.329703598870048 0.041398050363115 -0.0285821811188998 -0.0152204032551679 0.998617844659993
1636513100.40659 11.9927018436318 1.96789764013886 0.32367092242637 0.0219676322599179 -0.0258998203238676 -0.0128617441383793 0.99934038144058
1636513101.0069 11.8972053184761 0.892725621202759 0.319948637584145 0.0203047748984342 -0.0231715914956037 -0.0131029507329367 0.999439395934528
1636513101.60721 11.7999647684316 -0.194479296945773 0.30797383734715 0.0324896131362864 -0.0219711256826402 -0.0152757391553935 0.99911378054141
1636513102.20752 11.6472305167966 -1.2849275812506 0.289280996671349 0.0568977253361543 -0.0220415294126282 -0.0158239231349123 0.99801123404967
1636513102.808 11.4302259179698 -2.37160598121957 0.266507375364885 0.0930774927869877 -0.0233353891327321 -0.016004476476963 0.99525669888889
1636513103.4083 11.1264839232222 -3.43495349401826 0.248929224571836 0.134442314582034 -0.0231875041641195 -0.0167747000030729 0.99050805808952
1636513104.00861 10.7349434564481 -4.46080739180934 0.226764007162236 0.174229274913426 -0.0241661083289148 -0.0165411542291245 0.9842695510825
1636513104.60892 10.2696629091424 -5.4492541664856 0.205750734075332 0.21483258523539 -0.0245943458348203 -0.0163212604071909 0.976204740273657
1636513105.20923 9.71180773146587 -6.38785551777119 0.184856805746353 0.263955330987313 -0.0248812706626286 -0.0172693555873012 0.964059269428592
1636513105.80955 9.05651636069577 -7.21957327836699 0.161012249676983 0.333565559749787 -0.0232105162780075 -0.0166484475985398 0.942294072185259
1636513106.41329 8.29681206744305 -7.92459131917357 0.135967194180389 0.409128993885406 -0.0224179143221538 -0.0170380345379875 0.912041999503774
1636513107.01016 7.44712800748532 -8.46827341520229 0.113114732758866 0.486712730265358 -0.0199836244118587 -0.0163008557093564 0.873181341449844
1636513107.61047 6.53929153305145 -8.83869896954857 0.0832190417682327 0.571552063762431 -0.0191913666746172 -0.0177422708226732 0.820149463012762
1636513108.11073 5.75999479656315 -8.99680918197912 0.0554842214729928 0.639468566916094 -0.0199262691658763 -0.018769508847482 0.768329747739231
1636513108.71104 4.84208236200339 -8.99794891364683 0.0199319659651294 0.715222050441412 -0.0212382111115207 -0.0141497853593413 0.698431199564746
1636513109.21129 4.1160033653367 -8.86552985428083 -0.00566029395492596 0.771831683548776 -0.0225744999622185 -0.0102567964607626 0.635343247660728
1636513109.8116 3.28829303999888 -8.53971248973718 -0.0272781964231956 0.831488834934094 -0.0195181592512279 -0.00666869347004353 0.55515843447325
1636513110.31185 2.63146824683753 -8.15321945263277 -0.0396809216242584 0.873230194298453 -0.0192688871131239 -0.0081651836830429 0.486858364958772
1636513110.91217 1.93507326933942 -7.52974532240571 -0.048190326449019 0.913850106201047 -0.0140040802980635 -0.00760230817501046 0.405738923498538
1636513111.41243 1.41995051543417 -6.92688508410978 -0.0552714230026625 0.939353200699032 -0.0135460049313786 -0.00849345724641597 0.342578357855375
1636513112.01274 0.893311587439014 -6.09107607338407 -0.0652117384600376 0.961807051221844 -0.0111025414977264 -0.00851315715080525 0.273370546964297
1636513112.513 0.54609201443174 -5.33957058953315 -0.0713151416371492 0.975591550366477 -0.00922411179899161 -0.00578037852181692 0.219323117429965
1636513113.01325 0.256148263598604 -4.55076033728113 -0.0729503140329121 0.985184806109261 -0.0128716339643399 -0.00464093573433744 0.170949350879307
1636513113.61356 0.0369567284508373 -3.56824543891913 -0.0671145212997987 0.992064428299997 -0.00816520927498923 0.00103352065749099 0.125460875552286
1636513114.21513 -0.144590267625674 -2.53935066401953 -0.0538590653216647 0.995656940529897 -0.00847100396458227 0.00108180809714731 0.0927056015444513
1636513114.71412 -0.235964270756479 -1.66970569813162 -0.0379711796341906 0.997788151164259 -0.00647782405237807 0.00191058306311516 0.0661301207024077
1636513115.21439 -0.282791955335438 -0.795208143841358 -0.0171336332249125 0.999171665421172 -0.00415997932266312 0.000424745538664995 0.0404783544965019
1636513115.8147 -0.276899513241331 0.244866981149433 -0.00427606448247464 0.99978917078326 -0.00172860557409741 0.000422232253475529 0.0204559924524512
1636513116.31496 -0.254458915554947 1.03349472144944 0.00988166433931047 0.999935301236345 -0.000652752534955831 -0.00101709526173083 0.0113107370554142
1636513116.81521 -0.233276234952056 1.68602010979436 0.0193755847077097 0.999985970728261 -0.000300789623280664 -0.000205210736566879 0.00528448302243196
1636513117.31546 -0.210907886883045 2.14538243526928 0.0314136753024413 0.999994330242609 -0.00125890121559015 -0.00135065056195649 0.00281609542181782
1636513117.81572 -0.203677591546717 2.3531787205223 0.030665347595028 0.999993245513622 -0.00156245887903507 -0.00171741677673615 0.00284923305452976
1636513118.41604 -0.203560093111707 2.35609275024841 0.0254292940623242 0.999993923720451 -0.00200262679080936 -0.000566488904644768 0.00279662268370055
