1636513053.28198 0.0080536990742056 -0.00493735401049183 -0.00377039375906918 0.99999995384547 7.86505430759934e-05 -0.000278279181589686 9.31871557041267e-05
1636513053.78225 -0.0102722167550522 -0.0097836846129194 -0.00589679619697692 0.999999871198822 0.000169502028039179 -0.000455021867107299 0.000147737953668924
1636513054.2825 -0.0173538641439946 -0.0168345862049218 -0.0141781556191014 0.999998808800567 0.00131875806591033 -0.000801284927330571 3.48866154710396e-05
1636513054.78276 -0.015555661531153 0.127729499280181 -0.00618124311264356 0.999998941897742 0.0011086785701171 -0.000941331027540682 -3.0514273307414e-05
1636513055.28301 -0.00464763476622887 0.397823232444265 -0.00272802736828304 0.999999013899673 0.00064251934309815 -0.00109123509224441 0.000607103409100847
1636513055.78328 0.0265532444704243 0.751195373563394 0.0012140842944508 0.999998226019235 0.000300778900945789 -0.00104545398254936 0.00153769841177362
1636513056.28353 0.0511002944357134 1.20036730438736 0.00545697924156641 0.999998665972608 0.000472946348497275 -0.000450660936992022 0.00149709033634801
1636513056.78379 0.0418364686853957 1.74804299764937 0.016943544588057 0.999997107735037 0.000753529425717595 -0.00121282677075574 -0.0019353981989349
1636513057.28405 0.0630047127416529 2.38137309770114 0.0252478239160039 0.999905607881111 0.000518918237859035 -0.00211957973636919 -0.0135651551229307
1636513057.7843 0.114459809954501 3.07703440176707 0.0356476797381742 0.999461388142609 0.00100798485662128 -0.00171194602507005 -0.0327564775179666
1636513058.28456 0.234090659933596 3.83079265535893 0.049283080656864 0.998052379099634 0.000861852147010167 7.12619023609116e-05 -0.0623754816107953
1636513058.78483 0.370307296504918 4.63939175362374 0.0658630335804156 0.994994983494456 0.00117935744040083 -0.00215824687733474 -0.0998946140055149
1636513059.28508 0.620149325583294 5.4425458147912 0.0816911536278226 0.989039316391689 0.0024983796174381 -0.0025481995905728 -0.147609266001812
1636513059.78534 0.944587289212321 6.22316571375714 0.106797008858111 0.979604607422098 0.00460034521066865 -0.00256606318099807 -0.200865789175489
1636513060.2856 1.34188515248828 6.93032591442679 0.119968911129994 0.965167526319614 0.00760303333269456 -0.00247629413991865 -0.261510435718254
1636513060.78585 1.82438793716937 7.56054624828255 0.148707317911766 0.944467606244235 0.010541406948373 -0.0019260889416645 -0.328429763688101
1636513061.2861 2.3901094430966 8.11851039536735 0.183763820166443 0.919735893129849 0.0119316263163837 -0.000488047305988625 -0.392356069141173
1636513061.78637 3.02355865454883 8.57789806085984 0.212581497353457 0.888706129812544 0.0126913948310397 0.00169492978500322 -0.458298451387168
1636513062.28663 3.71983091076214 8.94961346442654 0.238360907947835 0.850891418610092 0.0113838627417266 0.00349863387683993 -0.525206588844598
1636513062.78688 4.44905869310724 9.19195017314253 0.26894915407453 0.805213635652085 0.0128771486399825 0.00536954944572213 -0.59282067098036
1636513063.28713 5.20019873903718 9.30804637752166 0.291457685673858 0.751523483493143 0.0156320233268883 0.00547209803021619 -0.659498407691927
1636513063.78785 5.94935624080332 9.27450974450329 0.314243244583962 0.693372080786995 0.0197741589262316 0.00626552397102713 -0.720281114172266
1636513064.28782 6.71622074340441 9.12933110814446 0.330167268325071 0.632087253322077 0.0222261200671991 0.00850510237507041 -0.774531708200575
1636513064.78809 7.43222590294352 8.86205925010411 0.355538334265945 0.566695654035198 0.0239414830690025 0.00906992919010305 -0.823529342203763
1636513065.28835 8.11910409103086 8.47101333995578 0.371874823720195 0.501833180891883 0.0243077746053398 0.0136815436542391 -0.864514549335583
1636513065.7886 8.75248177710808 7.97090327295538 0.376257285832303 0.433255011569995 0.0243438464666866 0.016127951466903 -0.900798180099278
1636513066.28886 9.30426554085216 7.36123602270303 0.384312375569851 0.368599367628864 0.0244746440700756 0.0179228090387743 -0.92909325199218
1636513066.78911 9.78435412326101 6.69303399099772 0.377014414355503 0.307285765762171 0.0249998124485453 0.0159629892148358 -0.951154903531923
1636513067.28939 10.18534795128 5.95756940493379 0.369366234850697 0.254820940507911 0.0243525827484209 0.012366217293247 -0.966602460508973
1636513067.78963 10.5255765854307 5.1578411743027 0.361989893705353 0.212228705428973 0.0244630771612576 0.0128831296741893 -0.976828828105284
1636513068.28989 10.793490880605 4.31945932029913 0.371894425282739 0.17927257458204 0.0270210396654408 0.0134631556840752 -0.983336133200215
1636513068.79014 11.0523263835922 3.48290948992169 0.360475370210245 0.154400163272931 0.0237001767223034 0.0107732666061142 -0.987665342072535
1636513069.29039 11.2473046820608 2.62396227443838 0.351873691058528 0.13429956915996 0.0280868588305637 0.0101547379700786 -0.990490603378568
1636513069.79066 11.4180390161167 1.73112056988483 0.360074990651244 0.119133845489998 0.0276913074360364 0.0119966043113631 -0.992419467683018
1636513070.29092 11.586525769664 0.834650021838612 0.367409083290345 0.109105606687983 0.0262258316706828 0.0146041164962517 -0.993576817424698
1636513070.79118 11.7345767954497 -0.0684661076010022 0.350105978769397 0.0985179726066182 0.0280311011945038 0.0152350322955838 -0.99462372796463
1636513071.29143 11.8629438089573 -0.995035362350364 0.343585771739811 0.0868504921349671 0.0274725481070058 0.0156705048964278 -0.995719180488512
1636513071.79168 11.9714978456255 -1.92291735780714 0.331485220842804 0.0793485145375151 0.0274810246516761 0.0154208693851366 -0.996348735790933
1636513072.29196 12.0856498389256 -2.85420809470173 0.322109587177869 0.0722623867142408 0.0264912780065437 0.0153233641762181 -0.996916021621814
1636513072.7922 12.1569181314164 -3.79794938694729 0.3126175101308 0.0695543985760294 0.0268936259734542 0.0151977705567541 -0.997099767471054
1636513073.29245 12.2223230103194 -4.73326249867259 0.307731037034942 0.0731306117043311 0.0282201602245079 0.0153536688878758 -0.996804795855405
1636513073.79272 12.3165160248826 -5.66547355313155 0.299929114748396 0.0877458913161151 0.0274916743161668 0.0150885440086138 -0.995649136111781
1636513074.29297 12.441372248292 -6.5885998748574 0.287759768898113 0.111805220686047 0.0282506027576015 0.0159630172228195 -0.993200220576053
1636513074.79324 12.6396494563577 -7.50241042906028 0.282283439461059 0.145426133059993 0.0288514551259798 0.0165632876285517 -0.988809633277946
1636513075.29356 12.8927896588024 -8.38480379503243 0.274478624718166 0.190471130963073 0.0293560293963274 0.0164312631201688 -0.981116193628464
1636513075.79376 13.2446654737999 -9.21594502532193 0.272992128009907 0.246092652685152 0.0289684162755049 0.0158720849731337 -0.968683288836697
1636513076.29401 13.6751603394402 -9.97337572818721 0.273633193963948 0.313555009491155 0.028801078661782 0.0157907521105732 -0.949001794539242
1636513076.79427 14.199100631114 -10.6292510622812 0.282724200308172 0.388885179956017 0.0289770913123583 0.0149208765311049 -0.920709515772046
1636513077.29452 14.7953854599497 -11.1683633870278 0.292106218671003 0.466687415002137 0.0281688754939035 0.0148274938921745 -0.883849261218739
1636513077.79478 15.452300516699 -11.5726959700051 0.297200545668523 0.543428040319905 0.026507178785907 0.0136328201566329 -0.838926385734444
1636513078.29506 16.1694178501981 -11.8458918716974 0.326588577827192 0.616889812950113 0.0281742087523855 0.013008986521095 -0.786437498412458
1636513078.796 16.90989756364 -11.9686100476435 0.338421130029964 0.684893418060461 0.025006506716648 0.0117801481146491 -0.728118746242456
1636513079.29572 17.6757759768455 -11.9575536358513 0.366697778872402 0.747772981241066 0.0215294082267606 0.0113471297398784 -0.663508323801533
1636513079.79599 18.4289127722449 -11.8223621291227 0.393083969657205 0.803217663777349 0.0181403204595607 0.00966539970975892 -0.595330910853898
1636513080.29623 19.1433008545442 -11.5484184564458 0.417209141518554 0.851490196333195 0.0151571003917789 0.00740860345777015 -0.524099055953143
1636513080.79656 19.8236944190603 -11.1699440533656 0.445038143259862 0.893169967187402 0.0121649497507676 0.00649187317967521 -0.449507818947163
1636513081.29675 20.4383908690022 -10.6700972938201 0.469784575481336 0.925623304794522 0.00947106103120729 0.0055160104807395 -0.378287417518196
1636513081.79701 20.963071091399 -10.0509985227577 0.496219731914762 0.950233953985153 0.00705579903577281 0.00304272225830417 -0.311442434865526
1636513082.29727 21.4321553693341 -9.37530918085845 0.514954722258477 0.968430952618454 0.00634476909588538 0.00231433505889125 -0.249190444778423
1636513082.79752 21.8107931183491 -8.62521051695164 0.532703424915294 0.981971836190037 0.00529581069469758 0.00237302880329288 -0.188938180506092
1636513083.29778 22.1005551000668 -7.84029959329491 0.555714803701731 0.991039852769741 0.0038983668688189 0.000872858711006137 -0.133506745430918
1636513083.79804 22.3136717198512 -7.01399367001709 0.57605258128647 0.996534596980752 0.00299237734067533 -0.000336579164892409 -0.0831247821815282
1636513084.2983 22.4364561846865 -6.16510420037215 0.595481277004273 0.999013603288038 0.00210093771421609 -0.00199145334873744 -0.0443107280433466
1636513084.79858 22.5331300358171 -5.29425528871151 0.615974707021812 0.99982986969306 0.000391831957568352 -0.00165610973009632 -0.0183666937100247
1636513085.29884 22.5875710887149 -4.40253125589189 0.633947367136785 0.999996981829963 -0.001673714538185 -0.00144819639540523 -0.00106664793089581
1636513085.79907 22.6136732902994 -3.52359824533689 0.641865999743467 0.999937069280444 -0.00216968870958675 -0.00359459753231725 0.0104033070857989
1636513086.29932 22.6394880434541 -2.62203390445089 0.655126375373652 0.999743129910765 -0.000531107335685089 -0.000920651601468643 0.0226394461472354
1636513086.79959 22.6344648374732 -1.73537662322066 0.664320197457331 0.999355491131246 -0.000686791095140852 -0.000484672845891936 0.0358872645384284
1636513087.29984 22.5914305394035 -0.814848800648166 0.681329797880256 0.998683191063505 -0.000790610145015811 -0.00224038629940931 0.0512468486059606
1636513087.80011 22.5171309894989 0.0866204170995317 0.694334178338733 0.997768482544328 -0.00261806143828341 -0.00183191171922432 0.0666921666685645
1636513088.30036 22.4233068592245 0.99745884941836 0.702492441755927 0.99673497383607 -0.00225159603666117 -0.00245736157894375 0.0806739339648621
1636513088.80061 22.3066194816633 1.89605116928457 0.714041976494845 0.99547716768698 -0.002004218354149 -0.00120513479550577 0.0949723084526323
1636513089.30086 22.1665852861822 2.80270154640328 0.724500583981699 0.993809448786389 -0.00191383458421612 -0.00212763786521319 0.111061198882381
1636513089.80113 22.0028401157431 3.69460180123191 0.739992887490333 0.991199128491712 -0.00276957493938824 -0.00112816691017074 0.132345549118015
1636513090.30137 21.7863457344194 4.56528191119683 0.750188129292807 0.986356002860778 -0.00537627505513353 -0.00114289526577539 0.164534571070801
1636513090.80168 21.4952594879551 5.4109439070479 0.751779165367067 0.978384249233587 -0.00782573571969863 -0.00343679730667775 0.206618506277505
1636513091.30189 21.12476156501 6.21059098094872 0.756227967543295 0.964932494068794 -0.00951440580908934 -0.00489000656648603 0.262280090376787
1636513091.80216 20.6501511911946 6.93006069994136 0.749646929080161 0.944769688207495 -0.011049686745617 -0.00750540421248021 0.327462684247752
1636513092.30243 20.1207107907258 7.56513810353931 0.730470901861759 0.915522614515824 -0.0143827661240893 -0.00651686848049992 0.40195647621843
1636513092.90273 19.391061736195 8.14942980017659 0.725756777486157 0.869211039102775 -0.0173668377140532 -0.00764777979061395 0.494076991888877
1636513093.40434 18.7125697751618 8.50496741934591 0.703737519211651 0.826280158449424 -0.017730382507382 -0.00894816256528636 0.562909107827935
1636513093.90325 18.0099822246401 8.73344335899916 0.695825509703986 0.776430159622168 -0.0188070663972314 -0.0103726265376284 0.629837209206741
1636513094.4035 17.2837491872369 8.84223629715905 0.661708230412124 0.719219367164794 -0.0203437474670871 -0.0106097666194644 0.694404109064995
1636513095.00381 16.3728584549694 8.80199222117992 0.64119186314467 0.642944651732322 -0.0228003974391002 -0.0126715581287309 0.765468319592661
1636513095.50475 15.6291084120041 8.63287051046149 0.615556270289352 0.573651525347491 -0.0266017105119208 -0.0135592789057987 0.818555082092764
1636513096.00433 14.9368647575247 8.33116686033616 0.586552128683831 0.500181825992322 -0.0272717176450608 -0.0153927173431184 0.865353949905164
1636513096.50458 14.2925248419713 7.90355516576999 0.556896875101983 0.422462027049407 -0.0274849821015252 -0.0165336267718534 0.905812922543035
1636513097.00484 13.7146238623709 7.37101956590819 0.526913195804227 0.347588585155296 -0.0297761293880673 -0.0159276675773606 0.937038882327702
1636513097.60515 13.152077456921 6.59834329669469 0.484802273996472 0.262582997327108 -0.0297344849637611 -0.0158002887623642 0.964321720585862
1636513098.1054 12.7847822004043 5.88280883345675 0.465405651386427 0.196948045565134 -0.0277853535847697 -0.0154377492647622 0.979898524017605
1636513098.70571 12.427492677204 4.93705387357991 0.442591552828104 0.124947675090092 -0.0298814196820272 -0.0150616379429174 0.991598873693311
1636513099.30602 12.2195464601999 3.94366957374813 0.414321235800822 0.0641443715259845 -0.0292523153185617 -0.0128191421805833 0.997429431711233
1636513099.80628 12.1339973266421 3.07994121541121 0.387913748049667 0.0285764281230177 -0.0268720247622779 -0.00962964747891063 0.999183942990648
1636513100.40659 12.049092889878 2.01156108455358 0.38110232151042 0.00784338732089834 -0.02935198434744 -0.0118076491793451 0.999468619673004
1636513101.0069 11.9942486807443 0.930544752308746 0.378300359845059 0.0048909865599266 -0.0290350096616479 -0.0140343785323025 0.999467899776491
1636513101.60721 11.9376113707529 -0.172280853456556 0.367293115063648 0.0163945395745171 -0.0274990453882599 -0.015905859751757 0.999360808317212
1636513102.20752 11.8023667315618 -1.27640361279169 0.348861324033691 0.040609522893338 -0.0268461183367844 -0.0158955875221486 0.998687880610328
1636513102.808 11.614234290888 -2.37028870312237 0.326275036200145 0.0766257307570812 -0.0269303987214796 -0.0152170980714544 0.996579997259091
1636513103.4083 11.3410125126983 -3.44436692805637 0.303372179328402 0.118077032551198 -0.0262421322853542 -0.0157203978919283 0.992533139984323
1636513104.00861 10.9797966899516 -4.48057462868592 0.272211818634053 0.158367920965114 -0.0264412484459263 -0.015023315223199 0.986911729583509
1636513104.60892 10.5300905238757 -5.4887659531315 0.244099508390024 0.199065364948187 -0.0264210768146314 -0.0148740087700552 0.979517060107229
1636513105.20923 9.99496694439474 -6.44983186248509 0.215321014401996 0.246899781067315 -0.0253440036810995 -0.015009237261931 0.968593259517708
1636513105.80955 9.33241341804479 -7.31698319380522 0.192379079002677 0.315493581608388 -0.0256994258071787 -0.0163354959726144 0.948438975922237
1636513106.41329 8.58821811402783 -8.0382463010879 0.158813446937652 0.390553234379448 -0.0253610164612261 -0.0173044015392943 0.920068229886878
1636513107.01016 7.74997375191592 -8.61074285020064 0.119159703400531 0.4688791516205 -0.0268924597012445 -0.0177792577300123 0.882673798626325
1636513107.61047 6.82052544818718 -9.0212246728113 0.0843106827906807 0.553860425396053 -0.0251898152982094 -0.0194136883337399 0.832001929739725
1636513108.11073 6.04134831552627 -9.2057265928544 0.0493483972652644 0.622768151613964 -0.0230948392852831 -0.0206603374355325 0.781792560843836
1636513108.71104 5.11928750309795 -9.24636089139 0.00646436848432108 0.699251704429763 -0.0199525218712139 -0.0163860506681782 0.71440916012223
1636513109.21129 4.39934692240621 -9.14475972313603 -0.0314719121875866 0.757080024444027 -0.0163645838684502 -0.0134732340595873 0.652978184127632
1636513109.8116 3.56350616354135 -8.86137163195271 -0.0546872428767224 0.818406786862092 -0.0145337716549591 -0.0112490138304984 0.574345331997561
1636513110.31185 2.89230973386534 -8.49568760656504 -0.0731060606505324 0.861846436531395 -0.0122589095261607 -0.0129069003667228 0.506856834715966
1636513110.91217 2.17305365137911 -7.90497396117321 -0.0771605900697507 0.904093229359731 -0.0131806395459233 -0.0111394530056484 0.426986669527034
1636513111.41243 1.6240326102215 -7.32158542641317 -0.0879299374680754 0.931223363932042 -0.0119024695701241 -0.0117925420478634 0.364063612075242
1636513112.01274 1.05608507561609 -6.5138507741677 -0.0899824396365023 0.955548378299154 -0.0120457832225084 -0.011137514132117 0.294377566426808
1636513112.513 0.686865440014263 -5.7761517404506 -0.0982686377716214 0.970648996853252 -0.00924289621808121 -0.00921472609708211 0.240146169239139
1636513113.01325 0.367425169150006 -4.99205363627677 -0.104509599443838 0.981392437315086 -0.00638055700002532 -0.0122414970547939 0.19151584326886
1636513113.61356 0.111782102712166 -4.01327035857324 -0.105320108958104 0.989490858979727 -0.00140200467378015 -0.00683010661051104 0.14442722742664
1636513114.21513 -0.106494514833684 -2.98071435457767 -0.0983133610950665 0.993797301740739 -0.000523906107641669 -0.00758041266391943 0.110946770656304
1636513114.71412 -0.21416743998158 -2.10899624432596 -0.0842854962960474 0.996405444488192 0.000386664316486061 -0.00722231657886096 0.0844030735709902
1636513115.21439 -0.296433608181721 -1.22714073791408 -0.0675963713241969 0.99831793548031 -0.000433853882003431 -0.0046063568618566 0.0577918069072331
1636513115.8147 -0.323973030074314 -0.183603766075364 -0.0544641281154251 0.999318049009804 -0.000192946131248704 -0.00338339656686782 0.0367689042901854
1636513116.31496 -0.329375303889737 0.626097289012493 -0.0353779374524862 0.99964063051642 -0.00152464994779278 -0.0027598437781418 0.026620828792361
1636513116.81521 -0.33441557637747 1.29493737451516 -0.0286735874334316 0.999793696400134 -0.00056596783655414 -0.00162069245072592 0.0202390136851013
1636513117.31546 -0.33583999662138 1.76738136718778 -0.0203197361170738 0.999848520795284 -0.00156268528166314 -0.00287698897613152 0.0170943386132156
1636513117.81572 -0.340434790362314 2.00737040662206 -0.0182195520302428 0.999847595599938 -0.001962140834921 -0.00325884341348136 0.0170386477154961
1636513118.41604 -0.343421312708098 2.01385831779919 -0.017742489984419 0.999844895406379 -0.000888694452098955 -0.0035955435505078 0.0172182292514236
