1636513053.28198 0.00763098909988336 -0.00505962899386575 -0.00378158822635011 0.99999995384547 7.86928081289101e-05 -0.000278267287728956 9.31869913097208e-05
1636513053.78225 -0.0109631819126323 -0.0100493578020904 -0.0059154792161952 0.999999871198822 0.000169571062935843 -0.000454996442260644 0.000147737037179083
1636513054.2825 -0.0185738406528949 -0.0188516203524992 -0.0142291701512004 0.999998808800567 0.00131887605651408 -0.000801091479401764 3.48688441663747e-05
1636513054.78276 -0.017011607415262 0.126035789062721 -0.00623426024945462 0.999998941897742 0.00110881605530464 -0.00094116862582595 -3.05281735894766e-05
1636513055.28301 -0.0063619365128912 0.396819147169023 -0.00277986806153616 0.999999013899673 0.000642688903543768 -0.00109113853985148 0.000607097473438429
1636513055.78328 0.0248709696961896 0.750683335046644 0.00116769800887651 0.999998226019235 0.000300956491282276 -0.00104540390531636 0.00153769771007112
1636513056.28353 0.0502599560204466 1.19959905065947 0.0054279788575492 0.999998665972608 0.00047303610903598 -0.000450585787694693 0.00149708459725885
1636513056.78379 0.0396986404630152 1.74697050757827 0.0168791561417387 0.999997107735038 0.000753676545165914 -0.00121272382914321 -0.00193540541985899
1636513057.28405 0.0592160130161205 2.38111425582683 0.0251478538355916 0.999905607881111 0.000519014104564186 -0.00211955638493813 -0.0135651551040124
1636513057.7843 0.110900383623914 3.07676766370608 0.0355530913168027 0.999461388142609 0.00100771705575237 -0.00171192559671522 -0.0327564868252967
1636513058.28456 0.232771682854127 3.83175747144432 0.0492550868218793 0.998052379099634 0.000860853922188028 7.11457477300573e-05 -0.0623754955280351
1636513058.78483 0.365050296830236 4.64163208533835 0.0657379240724265 0.994994983494456 0.00117809186587537 -0.00215846232339924 -0.0998946242838952
1636513059.28508 0.613548851695559 5.44490328336127 0.0815229017031851 0.989039316391689 0.00249641558499413 -0.0025484071804089 -0.147609295647427
1636513059.78534 0.936937293568708 6.22473977324941 0.106585278312692 0.979604607422098 0.00459754041057335 -0.00256616969866407 -0.200865852032268
1636513060.2856 1.33286037003737 6.93021265751532 0.119690886492139 0.965167526319614 0.00759925498100566 -0.00247619627984763 -0.261510546467622
1636513060.78585 1.81442800098295 7.5591055259197 0.148375020971027 0.944467606244235 0.0105364881899569 -0.00192582052881274 -0.328429923099583
1636513061.2861 2.38117098983932 8.11739259289463 0.183460655787137 0.919735893129849 0.0119254844259636 -0.000487823643156134 -0.392356256147316
1636513061.78637 3.01709325275336 8.57739505619035 0.212352555631644 0.888706129812544 0.0126838886963805 0.00169500844077283 -0.458298658897812
1636513062.28663 3.71703944670573 8.95239279355758 0.23824997635033 0.850891418610092 0.0113750326856231 0.00349826075012193 -0.525206782647398
1636513062.78688 4.44797357041313 9.19393218319563 0.268860620744522 0.805213635652085 0.0128669736008788 0.00536913233562827 -0.592820895691327
1636513063.28713 5.19736083498029 9.30926427243501 0.291307931832093 0.751523483493143 0.0156207773264391 0.00547182551960798 -0.659498676419848
1636513063.78785 5.9437709403401 9.27283662677412 0.31397476894433 0.693372080786995 0.0197618340333619 0.00626562231421295 -0.720281451571374
1636513064.28782 6.71069793781723 9.12494062602996 0.329846243784347 0.632087253322077 0.0222126077646806 0.00850534920409796 -0.774532093123946
1636513064.78809 7.42566014716439 8.85751569627519 0.355170965449919 0.566695654035198 0.0239271120353843 0.00907023697319021 -0.823529756480308
1636513065.28835 8.11617508436868 8.46187121597545 0.371502221008287 0.501833180891883 0.024292078560216 0.0136817457490993 -0.864514987324347
1636513065.7886 8.7513189292528 7.95966501119113 0.375863494383905 0.433255011569995 0.0243272172435348 0.0161280177705238 -0.900798628159181
1636513066.28886 9.30390659590404 7.34824667921325 0.383878318214236 0.368599367628864 0.0244573036779692 0.017922784498535 -0.929093709093019
1636513066.78911 9.78211135455472 6.68324919281096 0.376611860010264 0.307285765762171 0.0249824099560487 0.015962955910387 -0.951155361332389
1636513067.28939 10.1826217704243 5.95385035188416 0.369068298456428 0.254820940507911 0.0243354628529104 0.0123660291042009 -0.966602894083497
1636513067.78963 10.5230637497479 5.15367588697936 0.361683761931894 0.212228705428973 0.0244457195520402 0.0128829179209373 -0.976829265436579
1636513068.28989 10.7874377190195 4.3139611578628 0.371460756653624 0.17927257458204 0.0270034939592923 0.0134632935738929 -0.983336613293159
1636513068.79014 11.0507299496893 3.48251464689984 0.360238644090048 0.154400163272931 0.0236829567798517 0.0107729009226481 -0.987665759123584
1636513069.29039 11.2391261843544 2.62371080932358 0.351444858404202 0.13429956915996 0.0280696847640015 0.0101550043103942 -0.990491087495569
1636513069.79066 11.4109627277286 1.72832997096788 0.359643057794555 0.119133845489998 0.0276738328474618 0.0119968051534674 -0.992419952691604
1636513070.29092 11.5822339990334 0.828261569280027 0.366993337701918 0.109105606687983 0.0262079565608328 0.0146040980015466 -0.993577289355848
1636513070.79118 11.7277208911865 -0.0759983493525447 0.349585138333967 0.0985179726066182 0.0280131170065551 0.0152352743408316 -0.994624230935894
1636513071.29143 11.8570597891876 -1.00303644797893 0.343082056805575 0.0868504921349671 0.0274544827460411 0.0156706608056612 -0.995719676306025
1636513071.79168 11.9656544429784 -1.93046692297922 0.330990101672991 0.0793485145375151 0.0274629859126789 0.0154210240921547 -0.996349230772724
1636513072.29196 12.0813914591413 -2.86142993292978 0.321666704455167 0.0722623867142409 0.0264732445871694 0.0153233716017994 -0.996916500550644
1636513072.7922 12.1521539168556 -3.80499624138012 0.312161606551944 0.0695543985760294 0.0268756080494657 0.0151978362455814 -0.997100252283666
1636513073.29245 12.2157165193607 -4.74070898836476 0.307206876732428 0.0731306117043311 0.0282021241056309 0.0153539301652545 -0.996805302281324
1636513073.79272 12.311214693551 -5.67253255183969 0.299452395661467 0.087745891316115 0.0274736953681301 0.0150887029999219 -0.995649629971176
1636513074.29297 12.4353401133787 -6.59728797934907 0.287220322985387 0.111805220686047 0.0282325344015915 0.0159632969686778 -0.993200729851975
1636513074.79324 12.6331951741307 -7.51242750295822 0.28169317049227 0.145426133059993 0.0288333683044641 0.0165636725093358 -0.988810154401966
1636513075.29356 12.8859765825322 -8.39522905693574 0.273860145315391 0.190471130963073 0.0293380837537945 0.0164317518711127 -0.981116722231228
1636513075.79376 13.2386727519977 -9.22607090123592 0.272400834632622 0.246092652685152 0.0289507494874448 0.0158725652465467 -0.9686838091302
1636513076.29401 13.6697815654321 -9.98422119474643 0.273033926788448 0.313555009491155 0.0287837354708645 0.015791284368165 -0.949002311869338
1636513076.79427 14.1933547878673 -10.6401833384061 0.282099833783345 0.388885179956017 0.0289603236588167 0.0149215445840333 -0.9207100325137
1636513077.29452 14.7909967924408 -11.1801759220893 0.291488645680952 0.466687415002136 0.0281527052513026 0.0148281867717263 -0.883849764803227
1636513077.79478 15.4494076108596 -11.5834026415745 0.296644910473335 0.543428040319905 0.0264918950695511 0.0136334441147123 -0.838926858368036
1636513078.29506 16.1641912398104 -11.8594263589474 0.325865900670391 0.616889812950113 0.0281598476666236 0.0130100588894815 -0.786437995029144
1636513078.796 16.9074719519238 -11.979955313836 0.337832484464091 0.684893418060461 0.0249932493166927 0.0117809828878898 -0.728119187927531
1636513079.29572 17.6768443294359 -11.9670377526253 0.366235397512413 0.747772981241066 0.0215172374986011 0.0113477060168771 -0.663508708747995
1636513079.79599 18.4314231221638 -11.8285963491169 0.392716441127076 0.803217663777349 0.0181294759249903 0.00966574427121086 -0.595331235604537
1636513080.29623 19.1455725016572 -11.5514544793038 0.416884784141787 0.851490196333195 0.0151477147094266 0.00740878767610813 -0.524099324701634
1636513080.79656 19.8270162388302 -11.1709446732732 0.444756533049509 0.893169967187402 0.0121568796923699 0.00649190879102266 -0.44950803675891
1636513081.29675 20.4421438801487 -10.669215541459 0.469526089521245 0.925623304794522 0.00946426188105634 0.00551592810089596 -0.378287588886418
1636513081.79701 20.9646461275776 -10.0477452287715 0.495930675910163 0.950233953985153 0.00705042099516735 0.00304254573509216 -0.311442558384339
1636513082.29727 21.4331598405828 -9.37300617544849 0.514634320856584 0.968430952618454 0.00634048364440165 0.00231429632483669 -0.249190554215422
1636513082.79752 21.8126061485227 -8.62357067384883 0.532387086136831 0.981971836190037 0.00529247079816056 0.00237307054242578 -0.188938273567373
1636513083.29778 22.1009080200193 -7.83820914247241 0.555364254369422 0.991039852769741 0.00389612468752046 0.00087291111811624 -0.133506810540618
1636513083.79804 22.3128342633436 -7.01221005093026 0.575665042540135 0.996534596980752 0.00299111029093034 -0.000336463685294817 -0.0831248282514057
1636513084.2983 22.4336042625914 -6.16329436990572 0.595038016850041 0.999013603288038 0.00210052790011561 -0.00199131762930207 -0.0443107535716862
1636513084.79858 22.5311171217549 -5.29085011777136 0.615569737113262 0.99982986969306 0.00039178385361513 -0.00165612367791494 -0.0183666934785347
1636513085.29884 22.5860022096134 -4.39662340784588 0.633572997957273 0.999996981829964 -0.00167351913442415 -0.00144844585967223 -0.00106661579858704
1636513085.79907 22.6088362610878 -3.51739210126505 0.641401602494297 0.999937069280444 -0.00216899704391353 -0.00359487508408611 0.0104033554101835
1636513086.29932 22.6388123228859 -2.61872390412009 0.65475250062505 0.999743129910765 -0.000530613865375827 -0.000920641430653316 0.0226394581319632
1636513086.79959 22.6345288461641 -1.73227926996632 0.663961642605669 0.999355491131246 -0.000686151738278096 -0.000484633999105257 0.0358872772930187
1636513087.29984 22.5889337326525 -0.812268857930917 0.68090263464431 0.998683191063505 -0.000789470201916657 -0.00224030294128115 0.051246869823881
1636513087.80011 22.5152140155414 0.0914464186090783 0.693943942205194 0.997768482544328 -0.00261673675958095 -0.00183203618992215 0.0666922152377555
1636513088.30036 22.4205751497207 1.00113522577177 0.70207283275869 0.99673497383607 -0.00224995826998119 -0.00245737797236045 0.0806739791586681
1636513088.80061 22.305948192673 1.89899798982888 0.713668693009307 0.99547716768698 -0.00200253771459902 -0.00120505935690908 0.0949723448618403
1636513089.30086 22.1647023053265 2.8047909303694 0.724090850230492 0.993809448786389 -0.00191176394345653 -0.00212748662278974 0.111061237442176
1636513089.80113 22.0026026069475 3.69743136159578 0.739632807874636 0.991199128491712 -0.00276731373579112 -0.00112805837024125 0.132345597343742
1636513090.30137 21.7859728230046 4.57097091591659 0.749851986764769 0.986356002860778 -0.00537350192322859 -0.00114304368146515 0.164534660630315
1636513090.80168 21.4913728511343 5.41821259813124 0.751368636698418 0.978384249233587 -0.00782195988500378 -0.00343714113890482 0.206618643534358
1636513091.30189 21.1190202542848 6.21785022002451 0.755771278392148 0.964932494068794 -0.00950953549490785 -0.00489038152451376 0.262280260014725
1636513091.80216 20.6411570225084 6.93596280147008 0.749089360825177 0.944769688207495 -0.0110434008264 -0.00750575078715897 0.327462888351673
1636513092.30243 20.1128189113655 7.57362102618056 0.7299695581309 0.915522614515824 -0.0143754453945444 -0.00651741403483796 0.40195672925592
1636513092.90273 19.3815883216574 8.15803622161718 0.725215967654634 0.869211039102775 -0.0173578923746129 -0.00764840462046568 0.494077296564967
1636513093.40434 18.70285908021 8.51069403957388 0.703188736986562 0.826280158449424 -0.0177201565373886 -0.00894857308523037 0.562909423304339
1636513093.90325 17.9995502662838 8.73704924326037 0.695248799974208 0.776430159622168 -0.0187955717528145 -0.0103729346801761 0.629837547259371
1636513094.4035 17.273629217501 8.84540612168523 0.661151197167696 0.719219367164794 -0.0203311955730536 -0.0106100490029682 0.694404472365924
1636513095.00381 16.3604256874967 8.80330157642692 0.640548296214969 0.642944651732322 -0.022786417937193 -0.0126719243244624 0.76546872979914
1636513095.50475 15.6132926340867 8.63489194371917 0.614797809862749 0.573651525347491 -0.0265867601714953 -0.013559995914437 0.81855555594039
1636513096.00433 14.9206614991597 8.32968318500786 0.585745663134449 0.500181825992322 -0.0272557574509668 -0.0153933506114952 0.865354441480317
1636513096.50458 14.2772775276422 7.89917761049509 0.556094144985705 0.422462027049408 -0.0274682139674839 -0.0165341340043225 0.905813421922787
1636513097.00484 13.6982603467802 7.36756964300307 0.526088890154001 0.347588585155296 -0.029758955560556 -0.0159283892622527 0.937039415632658
1636513097.60515 13.1375195744038 6.59377605285477 0.484042853499911 0.262582997327108 -0.0297168977604933 -0.0158008982825419 0.964322252732804
1636513098.1054 12.7744047896954 5.87735914671382 0.464795084100928 0.196948045565134 -0.0277675728715866 -0.0154380125302464 0.979899023886651
1636513098.70571 12.4151418388372 4.9319670213263 0.441920224238178 0.124947675090092 -0.0298635087913335 -0.0150621629690033 0.991599405293764
1636513099.30602 12.2091701063001 3.94128183518765 0.413771294259456 0.0641443715259845 -0.0292346408081579 -0.0128195523503416 0.997429944635658
1636513099.80628 12.1277318927858 3.08198150482807 0.387555708322105 0.0285764281230177 -0.0268547900101934 -0.00962970195907227 0.999184405827782
1636513100.40659 12.0391816015 2.01017747534552 0.380584046168485 0.00784338732089834 -0.0293344258084528 -0.0118080660421453 0.999469130245736
1636513101.0069 11.9849739129476 0.925722794463211 0.377748898605184 0.0048909865599266 -0.0290171247431508 -0.014034748911781 0.999468413980699
1636513101.60721 11.9307172508653 -0.179902455578343 0.366765126858426 0.0163945395745171 -0.027480887860317 -0.015906005385632 0.999361305468258
1636513102.20752 11.7963811074217 -1.28390843633784 0.348366403682236 0.040609522893338 -0.0268279729780369 -0.0158956400660213 0.998688367381515
1636513102.808 11.6079535819818 -2.37657493557305 0.325799188125295 0.0766257307570812 -0.0269123861950733 -0.01521717117083 0.996580482729211
1636513103.4083 11.335366029087 -3.45133976211122 0.302906519783304 0.118077032551198 -0.0262241100781542 -0.0157203858318571 0.9925336165107
1636513104.00861 10.973614700093 -4.48629465716515 0.271760543731689 0.158367920965114 -0.0264234174349657 -0.0150233542102818 0.986912206555637
1636513104.60892 10.5235570758329 -5.49410070498473 0.243651711387662 0.199065364948187 -0.026403384790262 -0.0148740735487086 0.979517536180813
1636513105.20923 9.98937450689502 -6.45554439819153 0.214905515376517 0.246899781067315 -0.0253264648344822 -0.0150091866278368 0.968593719061129
1636513105.80955 9.32453230284708 -7.32411603072268 0.191870757908625 0.315493581608388 -0.025682011714047 -0.0163355757717084 0.9484394462497
1636513106.41329 8.57860490747803 -8.0463020153328 0.158236144887859 0.390553234379448 -0.0253439096248154 -0.0173045420149688 0.920068698623279
1636513107.01016 7.73585195948257 -8.61736486817838 0.118445675075731 0.4688791516205 -0.0268758754169569 -0.0177797680502755 0.8826742934652
1636513107.61047 6.80465459231453 -9.02957635028685 0.0834992501621945 0.553860425396053 -0.025173793890331 -0.0194141460491703 0.832002403971558
1636513108.11073 6.02424163243173 -9.21565317647243 0.0484578813392332 0.622768151613964 -0.0230794302750656 -0.0206606832443257 0.781793006748835
1636513108.71104 5.10677134528761 -9.25222931851403 0.00588025676833079 0.699251704429763 -0.0199388064954241 -0.0163861978742026 0.714409539666736
1636513109.21129 4.39114522042013 -9.14973721619549 -0.031861006493956 0.757080024444027 -0.0163522683056009 -0.0134730941890859 0.652978495543356
1636513109.8116 3.55658888133472 -8.86423095400926 -0.0549832110917597 0.818406786862093 -0.0145230273580173 -0.011248911307919 0.574345605788719
1636513110.31185 2.88260887739115 -8.50070977911428 -0.0735220360397583 0.861846436531395 -0.0122489909795749 -0.0129067267378485 0.506857078931558
1636513110.91217 2.16238565923932 -7.90462782176225 -0.0775283723550522 0.904093229359731 -0.0131722448754134 -0.0111397249977555 0.426986921483328
1636513111.41243 1.61141702147438 -7.32096547330628 -0.0883620361074629 0.931223363932042 -0.0118949756248188 -0.0117928712916012 0.364063846335606
1636513112.01274 1.04259857127238 -6.50976004304872 -0.0904154886511113 0.955548378299154 -0.0120394888287441 -0.0111381352938336 0.294377800421118
1636513112.513 0.676152544677515 -5.77309403233989 -0.098588194696921 0.970648996853252 -0.00923774249859658 -0.00921514725617452 0.240146351382552
1636513113.01325 0.352029843683937 -4.99210178507614 -0.105039349150515 0.981392437315086 -0.006375729750472 -0.0122416876694162 0.191515991849007
1636513113.61356 0.104595694515108 -4.01736860924258 -0.105576122824677 0.989490858979727 -0.00139871636992722 -0.00682975058325433 0.144427276146335
1636513114.21513 -0.115578965379641 -2.98492210756369 -0.0986311915429328 0.993797301740739 -0.000521038025430978 -0.00758005807185597 0.110946808389565
1636513114.71412 -0.223296383173873 -2.11340449683304 -0.0846048906653001 0.996405444488192 0.000389059556542287 -0.00722193170757427 0.0844030954963235
1636513115.21439 -0.302339985466142 -1.22891324728537 -0.0677702159728291 0.99831793548031 -0.000432263493333445 -0.00460619574144461 0.0577918316667368
1636513115.8147 -0.328526794773671 -0.18482188484237 -0.0545898786085404 0.999318049009804 -0.000191867922822604 -0.00338328187370468 0.0367689204859529
1636513116.31496 -0.333321961970796 0.627335744757948 -0.0354623626662105 0.99964063051642 -0.00152382382894467 -0.00275996374353612 0.026620863656312
1636513116.81521 -0.336782701517913 1.29499493533493 -0.0287255919921255 0.999793696400134 -0.00056540976669397 -0.0016206967139048 0.0202390289419932
1636513117.31546 -0.340267838174828 1.76904360398339 -0.0204141031016972 0.999848520795284 -0.00156199285147729 -0.00287715154965247 0.0170943745359065
1636513117.81572 -0.345491756417232 2.00963375232288 -0.0183277012554527 0.999847595599938 -0.00196139331002118 -0.00325906475163134 0.0170386914477173
1636513118.41604 -0.34896217245033 2.01446690759112 -0.0178777450935733 0.999844895406379 -0.000887894741474681 -0.00359560684103476 0.0172182572921923
