1636513053.28198 0.00768710410388061 -0.00504320768232552 -0.00377952387076147 0.99999995384547 7.86957792825874e-05 -0.000278262937895233 9.31974706610617e-05
1636513053.78225 -0.0108713773961331 -0.0100165561688443 -0.00591762610183877 0.999999871198822 0.000169576940565469 -0.000454985761905887 0.000147763181140847
1636513054.2825 -0.0184131206663716 -0.018596281581137 -0.0142407898882619 0.999998808800567 0.00131893599061506 -0.000800980965144856 3.51396250068681e-05
1636513054.78276 -0.016838171591763 0.126249949948311 -0.00623972974400616 0.999998941897742 0.00110890222940043 -0.000941074237685167 -3.03071100437841e-05
1636513055.28301 -0.00617783381131726 0.396946216477266 -0.00277198712288185 0.999999013899673 0.000642647307585274 -0.00109109922500013 0.000607212155181649
1636513055.78328 0.0250230303238344 0.750750467417108 0.00119371100134946 0.999998226019235 0.000300706062187453 -0.00104541637973342 0.00153773822206589
1636513056.28353 0.0502571567198488 1.19970131764667 0.00546664822661957 0.999998665972608 0.000472744389174108 -0.000450582732625429 0.00149717766061288
1636513056.78379 0.0397675475186398 1.74711172923298 0.0169300631366179 0.999997107735038 0.000754205243028433 -0.00121261248877737 -0.0019352692224014
1636513057.28405 0.0593108944806412 2.38116068494667 0.0252245641718172 0.999905607881111 0.000522181038560409 -0.00211917827412904 -0.0135650926392343
1636513057.7843 0.110699242572997 3.07683763279075 0.0356521288435514 0.999461388142609 0.00101507676690529 -0.00171103330307499 -0.032756306205707
1636513058.28456 0.231908225554915 3.83172424160171 0.0493932318979572 0.998052379099634 0.00087458714565973 7.27555104229085e-05 -0.0623753026246851
1636513058.78483 0.364229749407669 4.64152759341292 0.0659305351326878 0.994994983494456 0.00120027758966314 -0.00215590120949837 -0.0998944154822941
1636513059.28508 0.612348856182816 5.44494886218226 0.0817798166675557 0.989039316391689 0.00252914416414052 -0.00254455894669884 -0.147608804889896
1636513059.78534 0.935281657007088 6.22512756143955 0.106915389975395 0.979604607422098 0.00464200108663522 -0.0025608316799369 -0.200864897591433
1636513060.2856 1.33075606651494 6.93116346644835 0.120103469963447 0.965167526319614 0.00765706599284429 -0.00246911036765813 -0.261508927137202
1636513060.78585 1.81180682040571 7.56069834696698 0.148889395709796 0.944467606244235 0.0106089927635732 -0.00191683754798667 -0.328427641591936
1636513061.2861 2.37786416196972 8.11948892648526 0.184103705467172 0.919735893129849 0.0120119483774947 -0.000477148090732736 -0.392353631708074
1636513061.78637 3.01297449032847 8.58006389600313 0.21314395805201 0.888706129812544 0.012784693216278 0.00170737299296621 -0.458295812036765
1636513062.28663 3.71203850643064 8.95539538308535 0.23921545853388 0.850891418610092 0.0114904226028292 0.00351216353452042 -0.525204178040713
1636513062.78688 4.44245005204786 9.19788648204678 0.269996544113497 0.805213635652085 0.0129970986331501 0.00538482725796715 -0.592817914728015
1636513063.28713 5.19189634403399 9.3142429699774 0.292609516639959 0.751523483493143 0.0157655805162921 0.00548939606944799 -0.659495084712622
1636513063.78785 5.9386536035833 9.27910823412062 0.315444782636527 0.693372080786995 0.0199199585048275 0.00628504036734971 -0.720276926678801
1636513064.28782 6.70571890242488 9.13245078870127 0.331506097840127 0.632087253322077 0.0223824926449969 0.00852631105551337 -0.774526971919335
1636513064.78809 7.42110095556837 8.86589814829556 0.357001155773848 0.566695654035198 0.0241077417261635 0.00909255101130768 -0.823524242510559
1636513065.28835 8.11155037530482 8.47159271430888 0.37353330727341 0.501833180891883 0.0244813464930549 0.0137051005547069 -0.864509278405158
1636513065.7886 8.74698687609678 7.97034489361251 0.378068163033312 0.433255011569995 0.0245242706748037 0.0161522696426806 -0.900792850372794
1636513066.28886 9.30003769328914 7.35970691003314 0.386231032738037 0.368599367628864 0.0246604380087543 0.0179477446017727 -0.929087857764015
1636513066.78911 9.77907707511783 6.69474688529736 0.379047446206439 0.307285765762171 0.0251905692287221 0.015988504010653 -0.951149442054922
1636513067.28939 10.1802033446257 5.96489492224733 0.371541919473096 0.254820940507911 0.0245473284796924 0.0123919032491709 -0.966597205498256
1636513067.78963 10.5211039103023 5.16499558798095 0.364230057699019 0.212228705428973 0.0246597940559722 0.0129090533746619 -0.976823539586362
1636513068.28989 10.7863309552506 4.32559381526244 0.374072043867777 0.17927257458204 0.0272189527331921 0.0134898053679625 -0.983330309593866
1636513068.79014 11.0493885181246 3.49359847131542 0.362846190138937 0.154400163272931 0.0238995964141259 0.0107992390092999 -0.987660252976374
1636513069.29039 11.2389118520442 2.63484616938632 0.354092312054277 0.13429956915996 0.0282869987831287 0.0101817824520535 -0.990484630233802
1636513069.79066 11.4108487735018 1.7398379249366 0.362330080138158 0.119133845489998 0.0278914162047638 0.0120235973923964 -0.99241353722458
1636513070.29092 11.5819560746751 0.840263105479498 0.369724016353866 0.109105606687983 0.0264255746989873 0.0146307949661066 -0.9935711325465
1636513070.79118 11.7279719632471 -0.0638183246693975 0.352347485450328 0.0985179726066182 0.0282309123989217 0.0152621495358136 -0.994617660938188
1636513071.29143 11.8574009998489 -0.990766691496284 0.345856112588313 0.0868504921349671 0.0276724826763983 0.0156975158201576 -0.995713218610416
1636513071.79168 11.9661641514813 -1.9182338186969 0.333764016862484 0.0793485145375152 0.0276811455943277 0.0154478953392612 -0.996342777335623
1636513072.29196 12.0818687629804 -2.84921869479674 0.324438047735318 0.0722623867142408 0.0266915374937398 0.015350173250919 -0.996910267513455
1636513072.7922 12.1528222204443 -3.79279702462019 0.314926673406489 0.0695543985760294 0.0270939520205765 0.0152246764001801 -0.997093933704916
1636513073.29245 12.2166807709844 -4.7284557729189 0.309972165935968 0.0731306117043311 0.028420389890165 0.0153808750665822 -0.996798687675916
1636513073.79272 12.3119639017716 -5.66033587000029 0.302203341967932 0.087745891316115 0.0276917290147294 0.0151155579129534 -0.99564318237524
1636513074.29297 12.4360392275415 -6.58490887593783 0.289985383209356 0.111805220686047 0.0284499547570453 0.0159901556109977 -0.993194093631855
1636513074.79324 12.6337094056205 -7.49993143315437 0.284481063888371 0.145426133059993 0.029049770843837 0.0165904736923572 -0.988803371161224
1636513075.29356 12.8861884054448 -8.38278805693397 0.27666921167074 0.190471130963073 0.0295528028113917 0.0164584060914377 -0.98110983125467
1636513075.79376 13.2383365033951 -9.21385329715979 0.275240244131813 0.246092652685152 0.0291627772195428 0.0158988803868577 -0.968677017545927
1636513076.29401 13.6688321325668 -9.97222170399518 0.275927057241415 0.313555009491155 0.0289914348897497 0.0158171004101376 -0.94899555955792
1636513076.79427 14.1918850133113 -10.6286251167834 0.285059441332263 0.388885179956017 0.0291618646692913 0.0149466783570365 -0.920703263416437
1636513077.29452 14.7888299447201 -11.169090826134 0.294539046219554 0.466687415002137 0.0283461350721545 0.0148523440288928 -0.883843176803409
1636513077.79478 15.4466195112799 -11.573152148066 0.299790779319199 0.543428040319905 0.0266755308029449 0.0136563541327066 -0.838920666715424
1636513078.29506 16.161389703451 -11.8495884631211 0.32914046962578 0.616889812950113 0.0283319744397648 0.0130318163163675 -0.786431452617592
1636513078.796 16.9041486959319 -11.9712056514546 0.341233319898656 0.684893418060461 0.0251526342704806 0.0118010358173545 -0.72811337471602
1636513079.29572 17.6730547478188 -11.959355326439 0.369786492258853 0.747772981241066 0.0216624275903687 0.0113658732772607 -0.663503673449805
1636513079.79599 18.4275736576861 -11.8221247949094 0.396419092148144 0.803217663777349 0.0182597909116558 0.00968194542091321 -0.595326989615611
1636513080.29623 19.1420065180482 -11.5461357883583 0.420740522179517 0.851490196333195 0.0152625303458773 0.00742298173334168 -0.524095792826163
1636513080.79656 19.8236905789752 -11.1665680918114 0.44877428272667 0.893169967187402 0.0122553428513555 0.00650401220193445 -0.449505188080547
1636513081.29675 20.4391976115035 -10.6656332863227 0.473698942591275 0.925623304794522 0.0095471200297733 0.00552604911311466 -0.378285359089674
1636513081.79701 20.962433530208 -10.0449007031286 0.500244295472521 0.950233953985153 0.0071187643392193 0.00305081571520352 -0.311440922827262
1636513082.29727 21.4314811770824 -9.37036875188442 0.51907192566445 0.968430952618454 0.00639517645348353 0.00232097233180763 -0.249189094496683
1636513082.79752 21.811293839613 -8.62110099461756 0.53693315658025 0.981971836190037 0.00533388709129824 0.00237817330255047 -0.188937044726037
1636513083.29778 22.1002241213084 -7.83597146874823 0.560005951533906 0.991039852769741 0.00392545799099237 0.000876530018533086 -0.133505927571838
1636513083.79804 22.3127060736768 -7.01004388833241 0.580384529726882 0.996534596980752 0.00300944826799274 -0.00033416272566032 -0.083124175645866
1636513084.2983 22.4340273410685 -6.16118649533772 0.599819053103081 0.999013603288038 0.00211045619744793 -0.00199004833132994 -0.0443103388356291
1636513084.79858 22.5315992121081 -5.28896379941665 0.620406147848381 0.99982986969306 0.000395969274657521 -0.00165563799218073 -0.0183666475093123
1636513085.29884 22.586505796743 -4.3950616351352 0.638460272554443 0.999996981829964 -0.0016731618281496 -0.00144856088798336 -0.00106702006265524
1636513085.79907 22.6097792547718 -3.51587005117601 0.646331087741443 0.999937069280444 -0.00217098491512275 -0.0035953145892812 0.0104027888731673
1636513086.29932 22.6392532026922 -2.61683177662645 0.659683113472557 0.999743129910765 -0.000535522826246507 -0.000921244120025782 0.0226393180286148
1636513086.79959 22.634915762475 -1.73035880487274 0.668912494127777 0.999355491131246 -0.000694015570898199 -0.000485576279741533 0.0358871133401804
1636513087.29984 22.5897030982539 -0.810280845315404 0.685875814130412 0.998683191063505 -0.000800568976927663 -0.00224163243386088 0.0512466395050336
1636513087.80011 22.5159691645791 0.0931520581459712 0.698936824599634 0.997768482544328 -0.00263127205940273 -0.00183390059202746 0.0666915921024323
1636513088.30036 22.4214790900303 1.00299192998753 0.707067584447509 0.99673497383607 -0.00226752049009135 -0.00245955594145867 0.0806734210716687
1636513088.80061 22.306638153785 1.90095446971529 0.718651372452862 0.99547716768698 -0.00202335515481269 -0.00120756878102168 0.0949718717593003
1636513089.30086 22.1656118557577 2.80686819853293 0.729069154496035 0.993809448786389 -0.00193604733840241 -0.00213038484381646 0.111060761225618
1636513089.80113 22.0034191650272 3.6994402431514 0.744599076498212 0.991199128491712 -0.00279636974697676 -0.0011315533341661 0.132344956762851
1636513090.30137 21.7870320848034 4.57267577236259 0.754815453468962 0.986356002860778 -0.0054096467808494 -0.00114755193015027 0.164533444827438
1636513090.80168 21.4932003458696 5.41982599838155 0.756326199936831 0.978384249233587 -0.00786718064810423 -0.00344289317685453 0.206616830889577
1636513091.30189 21.1215251204209 6.21966707394668 0.76069381870806 0.964932494068794 -0.00956689389701179 -0.00489764768625504 0.262278038498233
1636513091.80216 20.6445874703918 6.93826616480119 0.753961960705059 0.944769688207495 -0.0111148958948913 -0.00751475270706547 0.327460262971416
1636513092.30243 20.1166621948586 7.57606405959322 0.734765758857488 0.915522614515824 -0.0144634323599105 -0.00652853302002877 0.401953392436345
1636513092.90273 19.3862293016206 8.16119373212982 0.7299039403173 0.869211039102775 -0.0174660748558139 -0.00766204550286703 0.494073272693147
1636513093.40434 18.707890031657 8.5148662754637 0.707746693444797 0.826280158449424 -0.0178433906483792 -0.00896394072855226 0.56290528593146
1636513093.90325 18.0049273315696 8.7422134330467 0.699677501886231 0.776430159622168 -0.0189334275970382 -0.0103900423860307 0.62983313628908
1636513094.4035 17.2791053713766 8.85140936722197 0.665431521847631 0.719219367164794 -0.0204832533054689 -0.0106288774523993 0.694399715720851
1636513095.00381 16.366177158497 8.81049781995626 0.644664430860389 0.642944651732322 -0.0229539545803555 -0.0126927112730259 0.765463379828497
1636513095.50475 15.6193069137247 8.64278041657076 0.618783759842572 0.573651525347491 -0.0267659149816992 -0.0135824119497127 0.818549345700867
1636513096.00433 14.9264270962858 8.33875804983436 0.589586076254301 0.500181825992322 -0.0274450656622356 -0.0154169763596554 0.865348037588176
1636513096.50458 14.2824981503287 7.909299798915 0.559780313736385 0.422462027049408 -0.0276663376082705 -0.0165587746869661 0.905806942149108
1636513097.00484 13.7031357950259 7.3781211865558 0.529627291527814 0.347588585155296 -0.0299640083441625 -0.015953992862515 0.93703244542835
1636513097.60515 13.1415466219935 6.60496787867177 0.487410253122546 0.262582997327108 -0.0299279708170594 -0.0158271706409583 0.964315294261678
1636513098.1054 12.777384482549 5.88895702050794 0.468021988284616 0.196948045565134 -0.0279821076744098 -0.0154645041283409 0.979892503344237
1636513098.70571 12.4177891529085 4.94374654463291 0.445035695282613 0.124947675090092 -0.0300806524823714 -0.0150891198797002 0.991592432049112
1636513099.30602 12.2110764559587 3.95284010175117 0.416762177569694 0.0641443715259844 -0.0294532581772606 -0.0128465998432771 0.997423164989037
1636513099.80628 12.1288549010146 3.09301769228421 0.390439609641078 0.0285764281230177 -0.0270740632743807 -0.0096565917353987 0.999178228890923
1636513100.40659 12.0406715103824 2.0216571353151 0.383460966301358 0.00784338732089835 -0.0295535777586746 -0.0118351722152034 0.999462353475924
1636513101.0069 11.9864647754485 0.937635879407167 0.380613444628526 0.0048909865599266 -0.0292360885036371 -0.0140618282645872 0.99946165227353
1636513101.60721 11.9321367223369 -0.167646367315991 0.36960930969805 0.0163945395745171 -0.0276996700456446 -0.0159329523667149 0.999354836071944
1636513102.20752 11.7980458302168 -1.27170526553383 0.351156209001197 0.040609522893338 -0.0270466078308999 -0.015922515330104 0.998682042073842
1636513102.808 11.6101326380062 -2.36460402553299 0.328521593907021 0.0766257307570812 -0.0271306140443322 -0.0152440016227603 0.996574155586049
1636513103.4083 11.3379879803197 -3.43940856631658 0.305556455858479 0.118077032551198 -0.026441404060084 -0.0157470584377602 0.992527428681844
1636513104.00861 10.9768076203186 -4.47468888302181 0.274307752892926 0.158367920965114 -0.0266395320644496 -0.0150499051251602 0.986905992127061
1636513104.60892 10.5272883208952 -5.48275339688326 0.246083876656864 0.199065364948187 -0.0266178832259328 -0.0149004405515832 0.979511330022264
1636513105.20923 9.99352698487871 -6.44443796040376 0.217202659963461 0.246899781067315 -0.0255385457348927 -0.0150351935044854 0.968587747055961
1636513105.80955 9.32965871313608 -7.31331244006182 0.194041392846419 0.315493581608388 -0.0258895412738041 -0.0163611160211704 0.948433363763151
1636513106.41329 8.58461571852282 -8.03601794888266 0.160256736872632 0.390553234379448 -0.0255451082299232 -0.0173293545925102 0.920062667447539
1636513107.01016 7.743023791986 -8.60805186826999 0.120310607115952 0.4688791516205 -0.0270687970983079 -0.0178037885099452 0.882667914061672
1636513107.61047 6.81253372182262 -9.02103542792028 0.0851793619958339 0.553860425396053 -0.0253554162588587 -0.0194367741060304 0.831996360484104
1636513108.11073 6.03253179461764 -9.20782033098072 0.049975421158392 0.622768151613964 -0.0232498879661208 -0.020681897171064 0.781787395123697
1636513108.71104 5.11457460381898 -9.24602982653692 0.0071073136005928 0.699251704429763 -0.0200947829033598 -0.0164054861355073 0.714404726731841
1636513109.21129 4.39830819889488 -9.14456958988981 -0.0308587333014942 0.757080024444027 -0.0164949595973302 -0.0134905658059581 0.652974545851482
1636513109.8116 3.56327679866455 -8.8603808553833 -0.0541973037942879 0.818406786862092 -0.014648586309263 -0.0112642907785357 0.574342115720641
1636513110.31185 2.88925082117181 -8.49737437157595 -0.0728735675526901 0.861846436531395 -0.0123595445064541 -0.0129202511087781 0.506854050599395
1636513110.91217 2.16854552016819 -7.90277903187339 -0.0770331352923972 0.904093229359731 -0.0132653548477122 -0.0111513591617347 0.426983735258737
1636513111.41243 1.61727140232076 -7.31968909398427 -0.0879788794125475 0.931223363932042 -0.011974170605954 -0.0118028470329842 0.364060926916507
1636513112.01274 1.0478787446105 -6.50942097612616 -0.090143031617951 0.955548378299154 -0.012103389569853 -0.0111464060233639 0.294374867003858
1636513112.513 0.680507293426177 -5.77293239350257 -0.0984287286644989 0.970648996853252 -0.0092898603198656 -0.00922184502182053 0.240144083785977
1636513113.01325 0.35643757650302 -4.99176970206203 -0.104932775230708 0.981392437315086 -0.00641688040611405 -0.0122469453861014 0.19151428133515
1636513113.61356 0.107397276602423 -4.01668627895674 -0.105596112078497 0.989490858979727 -0.00142995211153482 -0.00683342767524133 0.144426796332012
1636513114.21513 -0.112976379741421 -2.98432034632413 -0.0986770823295136 0.993797301740739 -0.000544835790786398 -0.00758283601435262 0.110946504247624
1636513114.71412 -0.221046888144462 -2.11282930169247 -0.0846644716027899 0.996405444488192 0.000371078223249016 -0.00722397870418792 0.0844030012909647
1636513115.21439 -0.300863499618652 -1.22870879818517 -0.0678384225801063 0.99831793548031 -0.000444604119676274 -0.00460765634338283 0.0577916216118796
1636513115.8147 -0.327545071691124 -0.184701846372251 -0.0546481333029208 0.999318049009804 -0.000199681178525953 -0.00338420412974027 0.0367687940116924
1636513116.31496 -0.332607829960687 0.62713998781102 -0.0354941835747467 0.99964063051642 -0.0015294544052972 -0.00276074840643337 0.0266204593911101
1636513116.81521 -0.336404427975858 1.2949487916039 -0.0287558124707354 0.999793696400134 -0.00056973087269582 -0.0016212431869942 0.0202388639952665
1636513117.31546 -0.339709539156846 1.7687928303489 -0.0204185560980987 0.999848520795284 -0.00156551516038577 -0.00287770468155599 0.0170939592116611
1636513117.81572 -0.34487916519347 2.0093058733876 -0.0183217991329562 0.999847595599938 -0.00196487109054808 -0.00325965023664338 0.017038178745239
1636513118.41604 -0.348286755606188 2.01434936238419 -0.0178799233417933 0.999844895406379 -0.000891383683688514 -0.00359610609975372 0.0172179727568357
