1636513052.78173 1.73472347597681e-18 0 0 1 0 0 0
1636513053.28198 0.00751966222715686 0.00345379729866821 -0.00497694243878416 0.999999953845471 9.03143149681251e-05 -0.000106169650585978 -0.000269963676495359
1636513053.78225 -0.0110456390593878 0.00499554377211379 -0.010825134462033 0.999999871198822 0.000188504258943311 -0.000168571046737402 -0.000440059412547418
1636513054.2825 -0.0183114397820839 0.0108948408784057 -0.020762633291306 0.999998808800567 0.00134962724825839 -6.18626531542036e-05 -0.000746375743183655
1636513054.78276 -0.0223579041396836 0.0104836563482891 0.124372686610952 0.999998941897742 0.00114474050636221 -5.58777054564635e-06 -0.000897630963167534
1636513055.28301 -0.023459878149709 0.021380898778442 0.395364286434425 0.999999013899673 0.000689879554624716 -0.00065442519069786 -0.00103343773495732
1636513055.78328 -0.00764082858529938 0.0359337167920201 0.750044727897007 0.999998226019235 0.00035389835998603 -0.00158488575548963 -0.000954385391390105
1636513056.28353 0.000428594641320777 0.0540595711722349 1.19920123177076 0.999998665972608 0.000502101784873691 -0.00151298841680442 -0.000356107922007297
1636513056.78379 -0.0264035856128589 0.0693482214024085 1.74554619141351 0.999997107735038 0.000785684755226636 0.00187981845000546 -0.00127808592048738
1636513057.28405 -0.0135115443230296 0.0933234721899179 2.37949881664358 0.999905607881111 0.000495981747286892 0.013447046421088 -0.00277601739206449
1636513057.7843 0.0418841445388676 0.117482683894413 3.07487857687079 0.999461388142609 0.000818181276727276 0.0326386968218311 -0.00331355718526006
1636513058.28456 0.182378742233017 0.143226946079617 3.82959012857809 0.998052379099634 0.000369635917590043 0.0623069133058251 -0.00302663132038213
1636513058.78483 0.341597970764245 0.167449142592542 4.6343521386741 0.994994983494456 0.000481037697507299 0.099669540814324 -0.00712278438968511
1636513059.28508 0.633266064245981 0.191443691587339 5.42752528825866 0.989039316391689 0.00144056440108072 0.147316049085834 -0.00985581490321248
1636513059.78534 1.00761493876799 0.204117573472665 6.18957821462265 0.979604607422098 0.00312427443206226 0.200523496158254 -0.0124651319745121
1636513060.2856 1.465032546629 0.223786409982807 6.86409878189859 0.965167526319614 0.00564583749197535 0.261123719291321 -0.0153027409492038
1636513060.78585 2.01477773014945 0.224654207030416 7.44791776489205 0.944467606244235 0.0080357809840939 0.328012843911285 -0.0179983668284423
1636513061.2861 2.64153338323699 0.219122752390402 7.95466000675234 0.919735893129849 0.00886718990522309 0.391941899522587 -0.0197181954156681
1636513061.78637 3.33481550753918 0.216713986457575 8.34957012848793 0.888706129812544 0.00902342459879125 0.457915386962591 -0.0208204472819325
1636513062.28663 4.08465514813751 0.215958110031021 8.64706858264599 0.850891418610092 0.00712145945334711 0.524814207506487 -0.0224304736975865
1636513062.78688 4.85548169777285 0.200072917087112 8.79584120370379 0.805213635652085 0.00800985110860404 0.59244886802763 -0.0238994145942575
1636513063.28713 5.62896294910156 0.182807335006306 8.80625499796577 0.751523483493143 0.0102360287640473 0.659072596277759 -0.0270368324544072
1636513063.78785 6.38181818382456 0.157430367069882 8.66377521846083 0.693372080786996 0.0138672241268814 0.719856952438671 -0.0291346135350327
1636513064.28782 7.13831828503687 0.13802428933294 8.41491838185726 0.632087253322077 0.0158036436094103 0.774173164220215 -0.0295272897110239
1636513064.78809 7.82621793634428 0.102094711430137 8.05056130340096 0.566695654035198 0.0171114047560554 0.823152484024251 -0.0313563959918783
1636513065.28835 8.48009952545962 0.0761502528114011 7.57002374339507 0.501833180891883 0.0169740375717427 0.864318258071194 -0.0287973847636208
1636513065.7886 9.06478677141455 0.0542808493975716 6.98952984872543 0.433255011569995 0.0166291232446535 0.900677343187446 -0.0281760657012532
1636513066.28886 9.56414665633645 0.0222906769097382 6.31695306884789 0.368599367628864 0.0164671957208276 0.929026633119435 -0.0278002266800095
1636513066.78911 9.98639100206513 -0.00314790414186279 5.60556815338591 0.30728576576217 0.0168965404027163 0.950967227363389 -0.0308431120862282
1636513067.28939 10.3406580827772 -0.0339378855069818 4.84708885318074 0.254820940507911 0.0162709510545482 0.966209165662679 -0.0352334020479451
1636513067.78963 10.6493516208342 -0.0625876095338615 4.02909712291717 0.212228705428973 0.0162808058260195 0.976449178280718 -0.0352266119362678
1636513068.28989 10.8955543912919 -0.111294739872312 3.18055775990458 0.17927257458204 0.0187627854448261 0.983002071264308 -0.0348744860199897
1636513068.79014 11.1539571057089 -0.14244039896256 2.34868389999224 0.154400163272931 0.0155170040322458 0.987159026939803 -0.0379060377567619
1636513069.29039 11.342567330654 -0.176165578765597 1.48913900668144 0.13429956915996 0.0199024331829907 0.989992803964996 -0.03849372642875
1636513069.79066 11.5260679312321 -0.224117811470271 0.595605249446272 0.119133845489998 0.0194193005408945 0.992007127187086 -0.0367678832038489
1636513070.29092 11.7177069388002 -0.270187942774015 -0.300472364766017 0.109105606687983 0.0178428987609329 0.993278615988271 -0.0342810235185541
1636513070.79118 11.8809988737157 -0.295454477848556 -1.20206715978383 0.0985179726066182 0.019613566547754 0.994373326106578 -0.0336333972191384
1636513071.29143 12.0283512034757 -0.332951848445324 -2.1261849370267 0.0868504921349671 0.0190296745267743 0.995483599075596 -0.0332756288418013
1636513071.79168 12.1612575750305 -0.36630147859569 -3.05000942094047 0.0793485145375151 0.019043077276773 0.996099978468695 -0.0335560328880798
1636513072.29196 12.3025485948942 -0.40223524665603 -3.97669078373154 0.0722623867142408 0.0180535430383881 0.99665196789405 -0.0337204973723795
1636513072.7922 12.4058052103313 -0.439254702053665 -4.91665052288758 0.0695543985760294 0.0184590881433384 0.99683315900788 -0.0338393381438348
1636513073.29245 12.5112968962254 -0.480217372896435 -5.84756276261276 0.0731306117043311 0.0197806953274782 0.996559344807149 -0.0336171087641119
1636513073.79272 12.6670246225602 -0.518676470494826 -6.77022671064952 0.0877458913161151 0.0190723329461326 0.995384818459045 -0.0338521469686509
1636513074.29297 12.8654123803452 -0.550454727740038 -7.68163078409809 0.111805220686047 0.0198152730155095 0.99299010358612 -0.0328268451528823
1636513074.79324 13.1518732186775 -0.588270212452834 -8.57390596102615 0.145426133059993 0.0204263144219272 0.988641004739195 -0.0319838904861255
1636513075.29356 13.50857648379 -0.622814521552764 -9.42111241246785 0.190471130963073 0.020995973250041 0.980955866741958 -0.0317096969627037
1636513075.79376 13.9770454748044 -0.660390300879204 -10.1972501861209 0.246092652685152 0.0207281829094317 0.968507343312336 -0.0316587219852658
1636513076.29401 14.5333745348692 -0.69447542535316 -10.8762488105313 0.313555009491155 0.0207183962381614 0.948845576088346 -0.0307583617557065
1636513076.79427 15.1799366767746 -0.731661456628679 -11.4245687979777 0.388885179956017 0.0211503079581485 0.920548199168019 -0.0301992432416567
1636513077.29452 15.8866930500476 -0.760131740379498 -11.8324970318101 0.466687415002137 0.0206352320018455 0.883722978083935 -0.0284735295549064
1636513077.79478 16.6309263913886 -0.776972082797629 -12.0835413595184 0.543428040319905 0.0193740600053769 0.838782277947227 -0.0274754616819632
1636513078.29506 17.4028234843322 -0.812355474860007 -12.1928784153055 0.616889812950113 0.0214756308204045 0.786346430020957 -0.0253977942454921
1636513078.796 18.1728874899577 -0.818211402103455 -12.1401628360792 0.684893418060461 0.0188159806275187 0.728010689925042 -0.0238201621603658
1636513079.29572 18.9381881708872 -0.831402689201012 -11.9500764183245 0.747772981241066 0.0158650286292292 0.663428049810697 -0.0211445528876302
1636513079.79599 19.6581692030219 -0.837474515383689 -11.6416129678345 0.803217663777349 0.0130793113829335 0.595221633705492 -0.0195326132089421
1636513080.29623 20.3092816971754 -0.835322442922822 -11.2063182695194 0.851490196333195 0.0107457897606597 0.523940029272017 -0.0183253725013791
1636513080.79656 20.9033436311394 -0.830638254673167 -10.6808855478243 0.893169967187402 0.00837670585975877 0.449370104722211 -0.0156124788340325
1636513081.29675 21.4155939357253 -0.818317599484693 -10.0593538530548 0.925623304794522 0.00628156874700407 0.378166637415834 -0.013116167921474
1636513081.79701 21.8251729773893 -0.804248930476364 -9.34244674874141 0.950233953985153 0.00448972944471807 0.311261013000118 -0.0123230194918151
1636513082.29727 22.1785593374636 -0.782355270731114 -8.59390055777963 0.968430952618454 0.00429579517874754 0.249046148606024 -0.00995248807089802
1636513082.79752 22.4385227062293 -0.756305867581289 -7.78797475408762 0.981971836190036 0.00371743409755442 0.188864354967371 -0.0069100677317407
1636513083.29778 22.6094881793371 -0.73499827792348 -6.96292861161834 0.991039852769741 0.00281470616778696 0.13341602869577 -0.00567899096389058
1636513083.79804 22.7086729226086 -0.710667096334129 -6.11186793915389 0.996534596980752 0.00235198217711286 0.0830299643235455 -0.00439206382911742
1636513084.2983 22.733221251423 -0.685378451588883 -5.25107494767659 0.999013603288038 0.00183076740965635 0.0441748018876063 -0.00412984434732292
1636513084.79858 22.7548994752536 -0.658758086223127 -4.37258396902997 0.99982986969306 0.00031306327290121 0.0182642438198487 -0.00255950359156434
1636513085.29884 22.7468690566133 -0.628397162745455 -3.4759935363365 0.999996981829964 -0.00162348021585821 0.000976661620775498 -0.00156421706636323
1636513085.79907 22.7156690041018 -0.591565474364479 -2.59741275797107 0.999937069280444 -0.00194436148493399 -0.0105903506230614 -0.00314982712760741
1636513086.29932 22.6919254222833 -0.562547980340743 -1.70005409248223 0.999743129910765 -0.000316916364641781 -0.02266130935727 0.000197024005664316
1636513086.79959 22.6317164230743 -0.52755784496451 -0.816416105328222 0.999355491131246 -0.000385909320431748 -0.0358718056933444 0.00129111429486367
1636513087.29984 22.5246205924564 -0.499141393194943 0.0984666455002738 0.998683191063505 -0.00029991923801815 -0.0513001004121012 0.000305995707853588
1636513087.80011 22.3908450637772 -0.465168778944083 0.995735349651479 0.997768482544328 -0.00202101841689757 -0.0667230174245047 0.00141762883613745
1636513088.30036 22.2379554235561 -0.429723865996222 1.89667390386146 0.99673497383607 -0.0015205884023438 -0.0807143145546151 0.00150969165666849
1636513088.80061 22.0660090495934 -0.398521397380491 2.78463616103635 0.99547716768698 -0.0012108741889017 -0.0949293639890342 0.00348686825740399
1636513089.30086 21.8634261627396 -0.365638932479672 3.67802293691904 0.993809448786389 -0.000958053261094955 -0.111042578782744 0.0033774745180673
1636513089.80113 21.6333540808146 -0.337635273320308 4.55516349180509 0.991199128491712 -0.0016858387723449 -0.132257995433079 0.00541001561256625
1636513090.30137 21.3323002003753 -0.303328744704824 5.40424193082508 0.986356002860778 -0.00403764541797151 -0.1644317267663 0.00690943359772139
1636513090.80168 20.9392024131628 -0.262684099770685 6.21337744406181 0.978384249233587 -0.00606474309009764 -0.206599679129495 0.00663719266484277
1636513091.30189 20.4529669616878 -0.230261377252197 6.95484099724422 0.964932494068794 -0.0072585135351142 -0.262278370742836 0.00791530870657037
1636513091.80216 19.8553870511181 -0.192445400272383 7.58993982821926 0.944769688207496 -0.00817849463367666 -0.327522212260706 0.00851756688800557
1636513092.30243 19.2078990900109 -0.146986490367505 8.11762068962017 0.915522614515824 -0.0109642895820247 -0.401903170917212 0.0131136520756668
1636513092.90273 18.354586387142 -0.122607998525519 8.53872426071543 0.869211039102775 -0.0131794979935856 -0.493990330725291 0.0164931344634223
1636513093.40434 17.6047936294273 -0.0946994243318514 8.74492149402632 0.826280158449424 -0.0129520700642711 -0.562801932484716 0.018636749322628
1636513093.90325 16.8543608714267 -0.0867493991572077 8.81353800604404 0.776430159622168 -0.0134472161525056 -0.629725156131299 0.0205330792199862
1636513094.4035 16.1078400542797 -0.0599027303494446 8.75357159795976 0.719219367164794 -0.0144674082634342 -0.694235542375159 0.0234778128512747
1636513095.00381 15.2080517475035 -0.0547020009246757 8.50677138948803 0.642944651732323 -0.0162838073295981 -0.765334834896336 0.0248918243978517
1636513095.50475 14.5035026917349 -0.0476705754649593 8.17245397872006 0.573651525347491 -0.019631026659305 -0.818434547948608 0.0265224618569764
1636513096.00433 13.8825324891683 -0.0455137976932757 7.71122241356077 0.500181825992322 -0.0198613723846159 -0.865270941948046 0.0270159925660429
1636513096.50458 13.3377440548994 -0.0493396252676662 7.13866233417077 0.422462027049408 -0.0197123867466671 -0.905736625845414 0.0279002170640405
1636513097.00484 12.8715586201773 -0.0573035270081509 6.49143929039532 0.347588585155296 -0.0217809716039241 -0.93691450067837 0.0299830479492927
1636513097.60515 12.4589881741979 -0.0661425874396912 5.61147925569516 0.262582997327108 -0.0215306390447667 -0.964155339121089 0.0314814729854536
1636513098.1054 12.2226501939067 -0.0918742875521968 4.83272422820365 0.196948045565134 -0.0194753763559549 -0.979674840162358 0.0327014467069246
1636513098.70571 12.0116960459982 -0.123542832405469 3.83693411379081 0.124947675090092 -0.0214929343807052 -0.991361872845793 0.0335822770069105
1636513099.30602 11.9418610523134 -0.153418536535618 2.82130609279882 0.0641443715259845 -0.020907282369162 -0.997066930769719 0.0361375249695547
1636513099.80628 11.9523174649103 -0.17767504526552 1.95552236107594 0.0285764281230177 -0.0186412262346671 -0.998636826636684 0.0395016572464025
1636513100.40659 11.9384511257564 -0.2220030385267 0.879736355018247 0.00784338732089834 -0.0210308677791356 -0.99905403284455 0.0372454471423387
1636513101.0069 11.9319774718268 -0.270339007630093 -0.205936331682027 0.0048909865599266 -0.0206261562840403 -0.999161222283063 0.0350355792478674
1636513101.60721 11.9033622497508 -0.311781970208107 -1.31247892259698 0.0163945395745171 -0.0190183176548037 -0.999132516637387 0.0332225354776327
1636513102.20752 11.7736298404296 -0.349027766462515 -2.41817126552294 0.040609522893338 -0.0183715989513299 -0.998453545404129 0.0332245191428259
1636513102.808 11.5702101870898 -0.38251099197564 -3.50996396744719 0.0766257307570812 -0.0184991395180642 -0.996315384250983 0.0337925188148209
1636513103.4083 11.274192455757 -0.413485081472632 -4.58156597178365 0.118077032551199 -0.0178232479848874 -0.992292099711654 0.0331139708432684
1636513104.00861 10.889864759356 -0.436617369836909 -5.6117786810765 0.158367920965114 -0.0180937937149985 -0.986645148645468 0.0335196493500297
1636513104.60892 10.4169893880295 -0.461230009651925 -6.61295198984557 0.199065364948187 -0.0181374748670565 -0.979252389239038 0.0332982079566894
1636513105.20923 9.84978217855665 -0.483088713464079 -7.56042442698673 0.246899781067315 -0.0171415179726815 -0.968338882273763 0.0326569372002667
1636513105.80955 9.12180807770544 -0.503092998537319 -8.39262971117777 0.315493581608388 -0.0176021431323988 -0.94828023784 0.0303076730081995
1636513106.41329 8.30705960744057 -0.505837948374551 -9.05899138172748 0.390553234379448 -0.0174479971156407 -0.91999112632304 0.0279296616390249
1636513107.01016 7.39774876815494 -0.494070672960291 -9.5548971565319 0.4688791516205 -0.0192524090964967 -0.882683684158386 0.0255186136026263
1636513107.61047 6.40691418558699 -0.47979339524608 -9.86465067938077 0.553860425396053 -0.0178835594129814 -0.832142062796109 0.0214101566613113
1636513108.11073 5.59169628869843 -0.455082545842365 -9.95214147800789 0.622768151613964 -0.0161343980955543 -0.782039164799424 0.0177272460704304
1636513108.71104 4.65673438320635 -0.423356709070547 -9.86201453895683 0.699251704429763 -0.0136914871262055 -0.714498900018503 0.0187328295965464
1636513109.21129 3.94689393168543 -0.388048655763728 -9.65312423403566 0.757080024444027 -0.0107028762728271 -0.65296688025674 0.0186959438140902
1636513109.8116 3.14112829168234 -0.355386046347474 -9.24523799663258 0.818406786862092 -0.00957752486361511 -0.574306759493824 0.0170396078374744
1636513110.31185 2.50605088518609 -0.321269088519571 -8.79241788450926 0.861846436531395 -0.0077677502143087 -0.506965791615586 0.0120858605951752
1636513110.91217 1.84456238534081 -0.288511744293149 -8.10391278486698 0.904093229359731 -0.00938434873552082 -0.427119711886281 0.00980399627106563
1636513111.41243 1.34630001706498 -0.251558369467201 -7.46293770514841 0.931223363932042 -0.00857439698755759 -0.364297962095759 0.0060432604004555
1636513112.01274 0.838911110753402 -0.211103529675672 -6.60056026318568 0.955548378299154 -0.00928945794034939 -0.294670677121182 0.0031929212290744
1636513112.513 0.522332896862693 -0.172659987514277 -5.83321505913658 0.970648996853252 -0.00698972763765156 -0.240385991158853 0.00249877367981045
1636513113.01325 0.239233515288851 -0.132583925923886 -5.03359354461186 0.981392437315086 -0.00439110466398379 -0.19194132368552 -0.00285139306938053
1636513113.61356 0.0288534222966613 -0.0939102319215274 -4.04555543417449 0.989490858979727 6.1810139721378e-07 -0.14459493731178 0.000379603718360839
1636513114.21513 -0.179548879015049 -0.0520994181060925 -3.00960267594214 0.993797301740739 0.000645342522998687 -0.111186526195825 -0.00201568310026167
1636513114.71412 -0.279122790442373 -0.0247813253271909 -2.134948736197 0.996405444488192 0.00133305686388731 -0.0846503358639917 -0.00295529893580402
1636513115.21439 -0.349191894192085 0.00330753196945845 -1.24759833865398 0.998317935480309 0.000201328476337441 -0.0579510650823064 -0.00171266488360256
1636513115.8147 -0.382093210945754 0.0418235525603838 -0.202564466641923 0.999318049009804 0.000228999025757827 -0.0368919841072545 -0.00153817792057932
1636513116.31496 -0.402175895440769 0.0654729414423542 0.610394956787468 0.999640630516419 -0.00120577447119186 -0.026738983592865 -0.00147739130915498
1636513116.81521 -0.421051057343999 0.0905389910272779 1.27713549902871 0.999793696400133 -0.000342890053541861 -0.0202992204433704 -0.000623469614502492
1636513117.31546 -0.438681618515721 0.107469829223223 1.75107169655937 0.999848520795285 -0.00131378763911745 -0.0172310119344278 -0.0020740427277396
1636513117.81572 -0.453455034266952 0.117971084311036 1.99121961281028 0.999847595599938 -0.00169826439539854 -0.0171983465265824 -0.00247352942520394
1636513118.41604 -0.457516345400721 0.115966636347771 1.99551138231083 0.999844895406379 -0.000610976276829405 -0.0173839596637796 -0.00275858373166431
