1636513052.78173 2.60208521396521e-18 0 0 1 0 0 0
1636513053.28198 0.00760604728167772 0.00350136460178119 -0.00494478491861416 0.99999995384547 9.08110744193348e-05 -0.000105622799265776 -0.000270011536528845
1636513053.78225 -0.0109021653824485 0.00496513904323401 -0.0107572766617462 0.999999871198822 0.000189291643056792 -0.000167478646620035 -0.000440138520019175
1636513054.2825 -0.0181049796715912 0.0109578307940939 -0.0202961676284882 0.999998808800567 0.0013498594667348 -5.49971961477417e-05 -0.000746493252208002
1636513054.78276 -0.0220935008188521 0.0104473150880332 0.124769017709661 0.999998941897742 0.00114469036940058 3.38548381870079e-07 -0.000897712225442936
1636513055.28301 -0.0231120223568236 0.0211832856392772 0.395613039610337 0.999999013899673 0.000692984780191963 -0.000650652944323798 -0.00103374200002123
1636513055.78328 -0.0072640654175267 0.035638146734114 0.750188354871873 0.999998226019235 0.000361544211216097 -0.00158276950373453 -0.000955031341809089
1636513056.28353 0.000536799369121266 0.0536454072683228 1.19940126592607 0.999998665972608 0.000509438267255142 -0.001510385746729 -0.000356735969321863
1636513056.78379 -0.026386132794147 0.068615105243561 1.74583375889652 0.999997107735038 0.000776430563426866 0.00188412285696309 -0.00127740291207216
1636513057.28405 -0.0143175114794089 0.0923639345373905 2.37964825931544 0.999905607881111 0.000430296125180254 0.0134503889712248 -0.00277077781010878
1636513057.7843 0.0390998443326945 0.116549977799264 3.0751245252357 0.999461388142609 0.000658996866738788 0.0326435899823172 -0.0033008132702362
1636513058.28456 0.176177270111341 0.142628021980151 3.82982267068708 0.998052379099634 6.60031379979005e-05 0.0623091557096402 -0.00300222116078637
1636513058.78483 0.332659972083689 0.167332225494682 4.6349275365166 0.994994983494456 -4.83063688027227e-06 0.0996734848610908 -0.00708372876226961
1636513059.28508 0.620088548367715 0.192571301798062 5.4292235707699 0.989039316391689 0.0007224683115468 0.147325168028948 -0.00979813942749849
1636513059.78534 0.989777571595261 0.207006873787134 6.19323710028214 0.979604607422098 0.00214687091695196 0.200541201704374 -0.0123867058425316
1636513060.2856 1.44210010721001 0.228994727534165 6.87083174368125 0.965167526319614 0.00437310010350236 0.261154092751142 -0.0152007227752279
1636513060.78585 1.98653780380649 0.23267861375074 7.45872556692749 0.944467606244235 0.00643709656961525 0.328055113654296 -0.0178702811479
1636513061.2861 2.60826839775474 0.23020715160183 7.9697810574008 0.919735893129849 0.0069570607971528 0.391988128945738 -0.0195650954335421
1636513061.78637 3.29658808701857 0.231160917694497 8.36988403141857 0.888706129812544 0.00679194699538709 0.457962021791918 -0.0206414845851712
1636513062.28663 4.04186400826963 0.23392793609826 8.67288889961404 0.850891418610092 0.0045641156331516 0.524851412878322 -0.0222251430551643
1636513062.78688 4.8094781355767 0.221999062186127 8.82903219451036 0.805213635652085 0.00512303471386673 0.592490168038515 -0.0236676203485509
1636513063.28713 5.58169815850558 0.208958189688063 8.84758756422264 0.751523483493143 0.00702452828826146 0.659125171361689 -0.0267790634280261
1636513063.78785 6.33491584500585 0.187801860846759 8.71377362136036 0.693372080786995 0.0103595325138447 0.719927306906843 -0.028853257027003
1636513064.28782 7.09241543615828 0.172416284078546 8.47325914591656 0.632087253322078 0.0120313997484151 0.774252454111413 -0.0292247653592071
1636513064.78809 7.78291350098657 0.140239742658005 8.11639431159471 0.566695654035198 0.0131005028921513 0.823238274506877 -0.0310347532378084
1636513065.28835 8.43918879232337 0.117519662537443 7.64345816116799 0.501833180891883 0.0127628558912101 0.864401885638881 -0.02845958835579
1636513065.7886 9.02772036370019 0.0986790268173986 7.06951803718652 0.433255011569995 0.0122409334789897 0.900758613773882 -0.0278239862205221
1636513066.28886 9.53159543065247 0.0693489234076004 6.40224769522949 0.368599367628864 0.0119409832247176 0.929106629588176 -0.0274370180327237
1636513066.78911 9.95920281630307 0.0464985634049851 5.69407602005493 0.30728576576217 0.0122632634405586 0.951050245089747 -0.030471328236181
1636513067.28939 10.3181627373539 0.0180625303031063 4.93700530870697 0.254820940507911 0.0115631465765789 0.966290675353799 -0.0348555970284906
1636513067.78963 10.6306455113025 -0.00877453015804036 4.12098360511216 0.212228705428973 0.0115231363522172 0.976530611099011 -0.0348447916788553
1636513068.28989 10.8808084736173 -0.055957695433604 3.2739758311865 0.17927257458204 0.0139732012038153 0.983095374366272 -0.03449026747481
1636513068.79014 11.1406507224695 -0.0853252285196052 2.44166800805029 0.154400163272931 0.0107069999563831 0.987237662375197 -0.0375199643014577
1636513069.29039 11.3327432201217 -0.117717040215958 1.58267720315487 0.13429956915996 0.0150785358212043 0.99009299152295 -0.0381068447666888
1636513069.79066 11.5175833396116 -0.164585024277489 0.690051683317614 0.119133845489998 0.014585722454536 0.992104261751757 -0.0363801783014452
1636513070.29092 11.7096871729652 -0.209597982833511 -0.20503906867828 0.109105606687983 0.0130033243311185 0.993367084352342 -0.0338927111767967
1636513070.79118 11.8746303721679 -0.23377311153268 -1.10615878755521 0.0985179726066182 0.0147686862649904 0.994470150237683 -0.0332447780219595
1636513071.29143 12.023006466129 -0.270236223559235 -2.02999414707051 0.0868504921349671 0.0141794199361573 0.995577426399164 -0.0328865338794582
1636513071.79168 12.1567441676611 -0.302560763584878 -2.95382193672569 0.0793485145375151 0.0141898010491299 0.996193973576644 -0.033166697098938
1636513072.29196 12.2984909159449 -0.337438715912539 -3.88050996591446 0.0722623867142409 0.0131975788619109 0.996741202137402 -0.0333308766796313
1636513072.7922 12.4022638992289 -0.373578722811782 -4.82048703993106 0.0695543985760293 0.0136022283755935 0.996924412532442 -0.033449674419786
1636513073.29245 12.5079908431144 -0.413675749751122 -5.75135960061636 0.073130611704331 0.0149251690559941 0.996656950333024 -0.0332276438116979
1636513073.79272 12.6621934740403 -0.45097829642354 -6.67436564257692 0.0877458913161151 0.0142225179191131 0.995479080596165 -0.033463093649501
1636513074.29297 12.8585804630466 -0.481490558330884 -7.58586595447318 0.111805220686047 0.0149771834624583 0.993087610433722 -0.0324387824357863
1636513074.79324 13.1421336194748 -0.517591638068665 -8.47868010875319 0.145426133059993 0.0156094561342858 0.988741208765915 -0.031597575706479
1636513075.29356 13.494919549403 -0.550036259565724 -9.32725459403275 0.190471130963073 0.0162165516817187 0.981058829101288 -0.0313264355395252
1636513075.79376 13.958418807177 -0.584984103990632 -10.1058098309653 0.246092652685152 0.0160093881925516 0.968609130200633 -0.0312803241041291
1636513076.29401 14.5090625304685 -0.616120928557454 -10.7882809362269 0.313555009491155 0.0160954116887128 0.948947197162187 -0.0303876742052142
1636513076.79427 15.1500568673948 -0.649936839712572 -11.3416633036673 0.388885179956017 0.0166651565621017 0.920652042126441 -0.0298396832381051
1636513077.29452 15.8513855728741 -0.674935747071294 -11.75579287725 0.466687415002137 0.0163295355560644 0.88382407604769 -0.0281283761634447
1636513077.79478 16.591180310186 -0.688186406219782 -12.0145357741282 0.543428040319905 0.0152872952720683 0.838877379630476 -0.0271478459852458
1636513078.29506 17.3609117362233 -0.719807061006035 -12.1314033295829 0.616889812950113 0.0176443334267981 0.786451577341478 -0.0250908882545024
1636513078.796 18.1290666164321 -0.722221560845337 -12.0876960983634 0.684893418060462 0.0152689019723213 0.728102963573795 -0.0235359504816489
1636513079.29572 18.8938754201515 -0.732170183816693 -11.9067026819216 0.747772981241066 0.01263267044001 0.66350567555941 -0.020885465373154
1636513079.79599 19.6152919202237 -0.73521978357488 -11.6072368132108 0.803217663777349 0.0101792426828769 0.595285876226767 -0.0193000823674469
1636513080.29623 20.2695204715081 -0.730393836621772 -11.1803269279902 0.851490196333195 0.00819295155148599 0.523993285891343 -0.0181206355883355
1636513080.79656 20.8676189973943 -0.72341900810774 -10.6623410900528 0.893169967187402 0.00618721852630819 0.449411651532641 -0.0154368231209211
1636513081.29675 21.3846428866079 -0.709191638049812 -10.0469035035262 0.925623304794522 0.00443902015736007 0.378197853142954 -0.0129682920760706
1636513081.79701 21.7998658858188 -0.693661112400736 -9.33494647451204 0.950233953985153 0.0029730659760823 0.311283990683065 -0.0122012588231497
1636513082.29727 22.1585053256707 -0.670445988327459 -8.58953781535897 0.968430952618454 0.00308226754708219 0.249067995483268 -0.00985511355733388
1636513082.79752 22.4235098569948 -0.643573869534251 -7.78600743402991 0.981971836190036 0.00279719423615006 0.18888291146746 -0.00683625552103519
1636513083.29778 22.5998229688204 -0.621872885573492 -6.96277096583279 0.991039852769741 0.00216457886960531 0.133430368519056 -0.00562686211982358
1636513083.79804 22.7039173508077 -0.597449168282626 -6.11268155715896 0.996534596980752 0.00194731470668909 0.0830421478548046 -0.00435966346219756
1636513084.2983 22.7325204538238 -0.572432340921176 -5.25235011514854 0.999013603288038 0.0016153361098879 0.0441848082073997 -0.00411264615278741
1636513084.79858 22.7564051659129 -0.546208301909772 -4.37437492646341 0.99982986969306 0.000223937097381233 0.0182665532889332 -0.00255236217608969
1636513085.29884 22.7498393346808 -0.51644163966851 -3.47837099508744 0.999996981829963 -0.00162832809939477 0.00096935704666923 -0.00156372167609039
1636513085.79907 22.7203339445998 -0.480147009511697 -2.59980385785354 0.999937069280444 -0.00189299081564531 -0.0105984584480825 -0.00315384576880907
1636513086.29932 22.6966829550904 -0.451394071685776 -1.70178893860227 0.999743129910765 -0.000206545777957056 -0.0226626594072133 0.000188158606318944
1636513086.79959 22.6374340429864 -0.417036912156243 -0.818023521030318 0.999355491131246 -0.000211129584891345 -0.0358737627724247 0.00127707269692346
1636513087.29984 22.532276701793 -0.389489188933395 0.0971377357595406 0.998683191063505 -5.0079987538781e-05 -0.0513010686221917 0.000285897587012186
1636513087.80011 22.3997320137806 -0.356688507851293 0.994088672642776 0.997768482544328 -0.00169597544581203 -0.066732618373187 0.00139160106892402
1636513088.30036 22.248206465822 -0.322275993532455 1.89550450161038 0.99673497383607 -0.00112741199078153 -0.0807213476713587 0.00147814218923345
1636513088.80061 22.077022663584 -0.292192162587103 2.78386497100153 0.99547716768698 -0.000748338551220964 -0.0949354939886034 0.00344972237448111
1636513089.30086 21.8760977217243 -0.260605998143079 3.67778803383669 0.993809448786389 -0.000417062545052634 -0.111047242468033 0.00333399189749793
1636513089.80113 21.647551635688 -0.234097048923974 4.5552569789437 0.991199128491712 -0.00104138319716872 -0.132266746451947 0.00535826290171877
1636513090.30137 21.3494038126694 -0.201783555047414 5.40462994662791 0.986356002860778 -0.00323638035225116 -0.164452133919485 0.00684522549322044
1636513090.80168 20.9607724587057 -0.16354066904708 6.21496442619673 0.978384249233588 -0.00505812981064552 -0.206629347714682 0.00655658733283183
1636513091.30189 20.4797126753217 -0.133795110525015 6.95896521881036 0.964932494068794 -0.00598065909850827 -0.262313688973036 0.00781294978102705
1636513091.80216 19.8880996965018 -0.0991138967474246 7.59810407148785 0.944769688207495 -0.0065828712921343 -0.327561467892966 0.00838968424129613
1636513092.30243 19.2458165582065 -0.0569974008002061 8.13042448344835 0.915522614515824 -0.00900609683207289 -0.401956905771009 0.0129567909976597
1636513092.90273 18.3986728324794 -0.0367840066199994 8.55944279414805 0.869211039102775 -0.0107726058872097 -0.494055078210959 0.0163003115993329
1636513093.40434 17.6522195861176 -0.012270712666698 8.77327492024576 0.826280158449424 -0.0102099393829819 -0.562865591236267 0.0184169240873166
1636513093.90325 16.9042119924852 -0.00771960429178886 8.85003681267589 0.776430159622168 -0.0103790516511679 -0.629791170496909 0.0202870421710637
1636513094.4035 16.1585113942635 0.0158463312051106 8.7983785898684 0.719219367164794 -0.0110848789256277 -0.694306908762428 0.0232065464694624
1636513095.00381 15.2585368826278 0.0170157233416814 8.56199057838076 0.642944651732323 -0.0125549267404652 -0.765414752157562 0.0245927998186771
1636513095.50475 14.5525817225661 0.0208849451134487 8.23564093102794 0.573651525347491 -0.0156434130738903 -0.818530770382174 0.0262028439574859
1636513096.00433 13.928152357334 0.0204910066256936 7.78277768600764 0.500181825992322 -0.0156456437750352 -0.865367920542675 0.0266780222935969
1636513096.50458 13.3783441787332 0.0145721636204942 7.21774538953423 0.422462027049408 -0.0152995430356354 -0.905832742491744 0.027546366622351
1636513097.00484 12.9070040662475 0.00489079007976323 6.57586101474295 0.347588585155296 -0.0172161297937769 -0.937021134745511 0.0296171130412417
1636513097.60515 12.4871084804102 -0.0052298938803565 5.70111967049457 0.262582997327108 -0.0168330401766635 -0.964261016201428 0.0311048373619227
1636513098.1054 12.244163485498 -0.0314728900699688 4.92541660079102 0.196948045565134 -0.0147021405243621 -0.979770801585351 0.0323185824700602
1636513098.70571 12.0271726431756 -0.0635942003176374 3.93178887521487 0.124947675090092 -0.0166627001896559 -0.991467864814626 0.0331949687738369
1636513099.30602 11.9512967564322 -0.0930589458882708 2.91662929927656 0.0641443715259845 -0.0160490919056547 -0.997171003957474 0.0357479386396388
1636513099.80628 11.957565003451 -0.116556394532106 2.05010979332693 0.0285764281230177 -0.0137751787864126 -0.998731164303015 0.0391112983046563
1636513100.40659 11.9426819972818 -0.160705942308168 0.975198578854361 0.00784338732089834 -0.016162920630501 -0.999159118266671 0.0368550899686214
1636513101.0069 11.9359425481754 -0.208825867033112 -0.10971110973851 0.0048909865599266 -0.0157578489576692 -0.999263469698316 0.0346451522320352
1636513101.60721 11.9080227345182 -0.250134524420041 -1.21567961508643 0.0163945395745171 -0.0141502979895471 -0.999226224307265 0.0328320087048203
1636513102.20752 11.7805399722332 -0.287608654753405 -2.32155417014455 0.040609522893338 -0.0135068931726577 -0.998544112637158 0.0328342139371132
1636513102.808 11.5807476534927 -0.32166429991936 -3.4140386373104 0.0766257307570812 -0.0136448039876703 -0.996406820646563 0.0334030609239322
1636513103.4083 11.2885985030533 -0.353777788783642 -4.48627259682371 0.118077032551198 -0.0129885606976545 -0.992380026860037 0.0327260441266361
1636513104.00861 10.9082197192069 -0.378423031500381 -5.5178336677422 0.158367920965114 -0.0132865731196421 -0.986734619616071 0.0331339559221763
1636513104.60892 10.4392128788675 -0.40504845936451 -6.52048277112871 0.199065364948187 -0.013366269697248 -0.979342074377406 0.0329154168526692
1636513105.20923 9.87608604213008 -0.42942508772121 -7.46991611521319 0.246899781067315 -0.0124235152215765 -0.968423596380108 0.0322783573415333
1636513105.80955 9.15442733685928 -0.453022877559728 -8.30545805605723 0.315493581608388 -0.0129819805626878 -0.948366513890437 0.0299369917640673
1636513106.41329 8.3457955537265 -0.459860423722613 -8.97664374808648 0.390553234379448 -0.0129657636219315 -0.920076057531357 0.0275700643272269
1636513107.01016 7.44264903821632 -0.452851128977022 -9.47923565108253 0.4688791516205 -0.0149519999863159 -0.882776902763967 0.0251737724329572
1636513107.61047 6.45659201926935 -0.443788732421984 -9.79685803494105 0.553860425396053 -0.0138295788396872 -0.832227608836514 0.0210850425534051
1636513108.11073 5.64399709631181 -0.423390212629103 -9.89170019978453 0.622768151613963 -0.012324683903923 -0.782115347786093 0.0174216606393921
1636513108.71104 4.70908180341509 -0.396239824449807 -9.81216123047373 0.699251704429763 -0.0102106284688532 -0.714564386831575 0.0184535630802907
1636513109.21129 3.99759886547763 -0.364425579891469 -9.61152998393863 0.757080024444027 -0.0075216955833459 -0.653018533329408 0.0184406022594817
1636513109.8116 3.18907553146333 -0.336071830200353 -9.21332367289547 0.818406786862092 -0.00677952309504539 -0.574353222154619 0.0168150374747309
1636513110.31185 2.5512689312084 -0.305474623585698 -8.76692374748796 0.861846436531396 -0.00529804934022649 -0.507002303807816 0.0118875752317501
1636513110.91217 1.88504205225511 -0.276634919763129 -8.08669609625306 0.904093229359731 -0.00730361391956151 -0.427164155148179 0.00963713682321289
1636513111.41243 1.38256179828069 -0.242534302469393 -7.45048091031413 0.931223363932043 -0.0067998594047289 -0.364337737248123 0.00590098263716865
1636513112.01274 0.86970751643707 -0.20515732081498 -6.59321274366561 0.955548378299154 -0.0078541754566108 -0.294713648440029 0.00307799949970915
1636513112.513 0.547719096469467 -0.168383789820732 -5.82840794170194 0.970648996853252 -0.00581886960837733 -0.240418139341057 0.00240498233674324
1636513113.01325 0.261165158594441 -0.129890286911292 -5.03002073455866 0.981392437315086 -0.0034565665236851 -0.191959299119711 -0.00292636465471039
1636513113.61356 0.0444256579196694 -0.0921017451514606 -4.04264659044194 0.989490858979727 0.00070477298416277 -0.144593357483808 0.000322896520768925
1636513114.21513 -0.166835540704106 -0.0516988623024156 -3.00743815750907 0.993797301740739 0.00118663204524102 -0.111181266886417 -0.00205933259771475
1636513114.71412 -0.26900418311833 -0.0251553786858352 -2.13321567955962 0.996405444488192 0.00174504929918705 -0.0846416761013442 -0.00298858896261542
1636513115.21439 -0.342408915377801 0.00213100787919163 -1.24682786785817 0.998317935480309 0.000483406292568654 -0.0579487220149111 -0.00173540586822754
1636513115.8147 -0.377764210086863 0.0400743076429358 -0.202099887876626 0.999318049009804 0.000408538383896097 -0.0368898259775767 -0.00155266189882635
1636513116.31496 -0.399014661072867 0.0631471691786559 0.610256247319783 0.999640630516419 -0.00107565542114349 -0.0267439573410829 -0.00148779430317118
1636513116.81521 -0.418965849293423 0.0879569684350461 1.2772290914566 0.999793696400133 -0.000244080015873814 -0.0203004036651424 -0.000631406790982331
1636513117.31546 -0.436479097901475 0.104499680706561 1.75082275214743 0.999848520795285 -0.00123001026889729 -0.0172363913480431 -0.00208070937833527
1636513117.81572 -0.45115144605717 0.114789847452514 1.99084680561065 0.999847595599938 -0.00161466991615479 -0.0172054420769533 -0.00248015665249275
1636513118.41604 -0.455091801654252 0.112881431888831 1.99551209271488 0.999844895406379 -0.000526511071103027 -0.0173856465526451 -0.00276535890001139
