1636513052.78173 0 -4.33680868994202e-19 1.11022302462516e-16 1 0 0 0
1636513053.28198 0.00749567090540371 0.0034189493278526 -0.0049620481031909 0.99999995384547 9.05247844367327e-05 -0.000105934922314673 -0.000269985393044636
1636513053.78225 -0.0110814857924455 0.00496855587696013 -0.0108358438118457 0.999999871198822 0.000188853269737662 -0.000168243666467028 -0.000440035056799584
1636513054.2825 -0.0183391720096821 0.0107285292682553 -0.0208796666031716 0.999998808800567 0.0013505167631113 -6.26856740534956e-05 -0.000744696197072053
1636513054.78276 -0.0225814700409779 0.010144699396972 0.124262311357209 0.999998941897742 0.00114590306175086 -5.93767083261568e-06 -0.000896144136430215
1636513055.28301 -0.024111701910951 0.020730821623401 0.395353375809675 0.999999013899673 0.000690353276033165 -0.000653986630030165 -0.00103339901497674
1636513055.78328 -0.00884142599106225 0.0348418957907682 0.750171364751217 0.999998226019235 0.000353026210184461 -0.00158410011687913 -0.00095601134777779
1636513056.28353 -0.00127600110465143 0.0523932567999191 1.19934399520508 0.999998665972608 0.000500544283336095 -0.00151318873344929 -0.000357446892916629
1636513056.78379 -0.0284710977209695 0.0668942728080849 1.74539151230997 0.999997107735038 0.000789863886513464 0.00188044641769632 -0.00127458144921361
1636513057.28405 -0.0151264294064352 0.0899344896055513 2.37851737347916 0.999905607881111 0.000517572824384852 0.0134500134242866 -0.00275764123184115
1636513057.7843 0.0415788799750584 0.113017298212556 3.07241489253861 0.999461388142609 0.000866116684635978 0.0326419065570792 -0.00326946329792622
1636513058.28456 0.18447751054135 0.13764477633253 3.82480066488232 0.998052379099634 0.000456838838767041 0.0623102931831297 -0.00294401685941267
1636513058.78483 0.346310116596869 0.160214239388258 4.62629595101138 0.994994983494456 0.000623510988175499 0.0996780978698743 -0.00699076962558035
1636513059.28508 0.641419439181582 0.182386581592667 5.41491200144621 0.989039316391689 0.00165026764728071 0.147326836155463 -0.00965974101999619
1636513059.78534 1.01921925526061 0.193086504499326 6.17133958292541 0.979604607422098 0.00340847512130611 0.200535371728651 -0.0121967249865371
1636513060.2856 1.48002617018125 0.210672409585681 6.83881875464559 0.965167526319614 0.00601471014015341 0.261135849914043 -0.0149511634890858
1636513060.78585 2.03264459121541 0.209487212264994 7.41420867338046 0.944467606244235 0.00849754338949113 0.328025207698323 -0.0175555013058591
1636513061.2861 2.66113517908466 0.202156692289561 7.91248711758208 0.919735893129849 0.00941661559434759 0.391955302307078 -0.0191899774037005
1636513061.78637 3.35511563383835 0.198138188386475 8.29820047892776 0.888706129812544 0.00966244007179192 0.457929915486204 -0.0202050634313987
1636513062.28663 4.10429655532205 0.195897192033229 8.58613373256761 0.850891418610092 0.00785196768251654 0.524833282169039 -0.0217293871724881
1636513062.78688 4.87271017048632 0.178541388976958 8.72467249432047 0.805213635652085 0.00883264620897307 0.592468568665403 -0.0231080173201156
1636513063.28713 5.64172537013819 0.159747741583563 8.7248737995558 0.751523483493143 0.0111519361356107 0.659093331204596 -0.0261547097171283
1636513063.78785 6.38853379666439 0.133237353631993 8.57308320065789 0.693372080786995 0.0148670815726612 0.719875483661631 -0.0281676320189835
1636513064.28782 7.13791979370933 0.113192964517905 8.31631507240596 0.632087253322077 0.0168765853152207 0.774189525990837 -0.0284861879150939
1636513064.78809 7.81745907008064 0.0767475140005072 7.94542410605183 0.566695654035198 0.0182521764176093 0.823169417673893 -0.0302490257704678
1636513065.28835 8.46296979539433 0.0511163634087661 7.45989231247105 0.501833180891883 0.0181664721161599 0.864331934402416 -0.0276359370922012
1636513065.7886 9.03845274788701 0.029537158145125 6.87590015897116 0.433255011569995 0.0178693285547913 0.900690599047126 -0.0269671436124247
1636513066.28886 9.52911250398711 -0.00196598700617911 6.20148051350144 0.368599367628864 0.017744789660341 0.929039560943445 -0.0265541489323998
1636513066.78911 9.94307144957027 -0.0272010883150867 5.48984217956041 0.30728576576217 0.0182074226844192 0.950983547677902 -0.0295675491899241
1636513067.28939 10.2905893673454 -0.0578621921124583 4.73225426962321 0.254820940507911 0.0176079323500851 0.966232075311036 -0.033938556792352
1636513067.78963 10.5942356841684 -0.0856726347985628 3.91529411256884 0.212228705428973 0.0176314604924411 0.976472047769984 -0.0339182563929828
1636513068.28989 10.8366703858474 -0.13326948680349 3.06781273816852 0.17927257458204 0.0201217317030949 0.983021145107924 -0.0335542573558323
1636513068.79014 11.0929214741091 -0.164121697123689 2.23742203810569 0.154400163272931 0.0168854685333605 0.987186426536291 -0.0365845567994066
1636513069.29039 11.2795186441135 -0.196677646210986 1.37888997871201 0.13429956915996 0.0212754437328949 0.990015105027833 -0.0371627909897303
1636513069.79066 11.4621647646599 -0.243443942566634 0.486079784272754 0.119133845489998 0.0207927499841706 0.992027799234762 -0.0354349256002436
1636513070.29092 11.6537504029669 -0.288343507897717 -0.409518555423442 0.109105606687983 0.0192148028184865 0.993298121211508 -0.0329484497295674
1636513070.79118 11.8166581596868 -0.312395826236666 -1.31046202866006 0.0985179726066183 0.0209860846258578 0.99438960795799 -0.0322970727885944
1636513071.29143 11.96370560467 -0.348815170367969 -2.23382392369721 0.0868504921349671 0.0204032099904786 0.995500189192304 -0.0319386029137924
1636513071.79168 12.0968050742098 -0.381123883680077 -3.15706452013145 0.0793485145375151 0.020417802414152 0.996116918682368 -0.0322181765469768
1636513072.29196 12.2384346282174 -0.416082622047472 -4.08316673508573 0.0722623867142409 0.0194292221845724 0.996670447503424 -0.03238320343927
1636513072.7922 12.3424900185788 -0.451975725279277 -5.02286904521991 0.0695543985760294 0.0198351638494744 0.996851252167313 -0.0325012763788163
1636513073.29245 12.4494881509211 -0.491751102335006 -5.95394189134373 0.0731306117043311 0.0211561127083118 0.996575377769288 -0.0322776850289048
1636513073.79272 12.6082995832344 -0.529351365200722 -6.87726907296319 0.0877458913161151 0.0204464890975087 0.995402110585912 -0.0325151946301714
1636513074.29297 12.8109256685307 -0.560134667532932 -7.7898240084097 0.111805220686047 0.021184889441392 0.993005056299695 -0.0314920823373171
1636513074.79324 13.1029628765054 -0.597173911846913 -8.68337748092922 0.145426133059993 0.021789018077809 0.988654037980987 -0.0306540649557426
1636513075.29356 13.4668922455612 -0.631222519036486 -9.53175458673658 0.190471130963073 0.0223480493598547 0.980967790449422 -0.0303892589616188
1636513075.79376 13.9442429338135 -0.668665492809179 -10.3084619517226 0.246092652685152 0.0220635597608645 0.968519580114455 -0.0303550417555859
1636513076.29401 14.5112610411951 -0.702781820075588 -10.9869944628219 0.313555009491155 0.0220263263366788 0.948856675413397 -0.0294806121806863
1636513076.79427 15.1696054946891 -0.740344661571754 -11.5330351683629 0.388885179956017 0.0224196975642968 0.920558034487708 -0.0289582304678528
1636513077.29452 15.8884223840278 -0.769317771622913 -11.9365790940366 0.466687415002137 0.0218531650379858 0.883731295705676 -0.0272817310083551
1636513077.79478 16.6440879928777 -0.786984967767289 -12.1809320662526 0.543428040319904 0.0205306443007411 0.838791048195188 -0.0263445460443599
1636513078.29506 17.4259620552228 -0.823247268684661 -12.28180800051 0.616889812950113 0.0225594362084904 0.786349746022187 -0.02433325804679
1636513078.796 18.2045142380467 -0.830175830564525 -12.2186991674808 0.684893418060461 0.0198197851272637 0.728015590217049 -0.0228359894878647
1636513079.29572 18.9764060008792 -0.844366864386806 -12.0168344857345 0.747772981241066 0.0167790523090366 0.663433489784049 -0.0202493595557215
1636513079.79599 19.7005957148164 -0.8515905776762 -11.6958488954681 0.803217663777349 0.0139001008371516 0.595228798856098 -0.0187309584672042
1636513080.29623 20.3535711041757 -0.850662728804636 -11.247751462635 0.851490196333195 0.0114697636765125 0.523948852766537 -0.0176207194600727
1636513080.79656 20.9474105472835 -0.846998980405489 -10.7094972274045 0.893169967187402 0.00899750468924397 0.449378657942877 -0.0150092108147217
1636513081.29675 21.4574673408945 -0.835725195207266 -10.0763389043942 0.925623304794522 0.00680397291180738 0.378174833028392 -0.0126094899908868
1636513081.79701 21.8632504235614 -0.822881948950342 -9.34918363395176 0.950233953985153 0.00492170478980447 0.311270679642063 -0.0119068682226611
1636513082.29727 22.2119981218255 -0.802148745293904 -8.5919205722451 0.968430952618454 0.00464154694453179 0.249053063808124 -0.00961859970376928
1636513082.79752 22.4665389121733 -0.777125497167265 -7.77827815242085 0.981971836190036 0.0039788021822767 0.188868145013073 -0.00665626487479236
1636513083.29778 22.6315560731023 -0.75690413707607 -6.94676398065265 0.991039852769741 0.00300038082388787 0.133419503597639 -0.00549945422750963
1636513083.79804 22.7246790218204 -0.733645228938901 -6.09046821499789 0.996534596980752 0.00246865368539229 0.0830324529755512 -0.00427954696833811
1636513084.2983 22.7439143756149 -0.709428073061069 -5.22605482588973 0.999013603288038 0.00189518089613123 0.0441777111213823 -0.00406922288616264
1636513084.79858 22.7616399436081 -0.683682004173718 -4.34522537714232 0.99982986969306 0.000340808498347032 0.0182671620492059 -0.00253501672469019
1636513085.29884 22.7505161329754 -0.654177476725643 -3.44709598562783 0.999996981829963 -0.0016201300429787 0.000980890992856149 -0.0015650439186976
1636513085.79907 22.716689764542 -0.618535560266665 -2.56761923758435 0.999937069280444 -0.00195439578435357 -0.0105835843381167 -0.00316631623710485
1636513086.29932 22.6906142020322 -0.590613627351587 -1.66951655359025 0.999743129910765 -0.000347452105342786 -0.0226611048034298 0.000166740365061271
1636513086.79959 22.6277474411133 -0.556618152282415 -0.784992694916414 0.999355491131246 -0.000435524756284281 -0.035872925788319 0.00124332594257021
1636513087.29984 22.5174669820227 -0.529343088489544 0.130784925223466 0.998683191063505 -0.000368863181693478 -0.0513000116014162 0.000237985003695361
1636513087.80011 22.3806692143768 -0.496081282339914 1.02901896909287 0.997768482544328 -0.00211201821709637 -0.066722062147433 0.00132704296614535
1636513088.30036 22.2248387087297 -0.461673879665503 1.93057215120285 0.99673497383607 -0.00163040383536559 -0.0807141253346309 0.00140131609854065
1636513088.80061 22.0500629686505 -0.431321270057941 2.81911060403786 0.99547716768698 -0.00134226524603571 -0.0949321667743712 0.00336015616313194
1636513089.30086 21.8441959047304 -0.399387112112786 3.71306542407588 0.993809448786389 -0.00111083169399038 -0.11104554742758 0.00322985330157794
1636513089.80113 21.6102916463287 -0.372019389301597 4.59098676877122 0.991199128491712 -0.00186961688950412 -0.132262628588267 0.00523347770411529
1636513090.30137 21.3038017523719 -0.338050444018637 5.44115961318995 0.986356002860778 -0.00426636631436085 -0.164435130609362 0.00668741807151998
1636513090.80168 20.9036470250874 -0.297711392877136 6.25117368298285 0.978384249233588 -0.00634944794992197 -0.206599938328622 0.00635695249080213
1636513091.30189 20.4084314901589 -0.265421252808349 6.99293215099812 0.964932494068794 -0.00761928053795417 -0.262278617222438 0.00756011918861881
1636513091.80216 19.8003590064113 -0.227535295301327 7.62708769076713 0.944769688207496 -0.00862722233491207 -0.327521905793863 0.0080751782798756
1636513092.30243 19.1412703998453 -0.18146236119677 8.15231254221818 0.915522614515824 -0.0115183980008091 -0.401905056515691 0.0125695809287264
1636513092.90273 18.273805648342 -0.156296251409359 8.56745736811205 0.869211039102775 -0.0138610578772257 -0.493993539083023 0.0158247881700778
1636513093.40434 17.5139930362361 -0.12785990466637 8.76683491576708 0.826280158449424 -0.0137283722518944 -0.562808145688032 0.0178779947227628
1636513093.90325 16.7544853787469 -0.119159579866649 8.8269078140072 0.776430159622168 -0.0143154133403953 -0.629733085275777 0.0196854636480589
1636513094.4035 16.0002721921163 -0.091415599342842 8.75681851310668 0.719219367164794 -0.0154256444885134 -0.694245869345985 0.0225438302695976
1636513095.00381 15.0935056988804 -0.0848541184743164 8.49607992400625 0.642944651732323 -0.0173388863749383 -0.765344467875258 0.0238617543533075
1636513095.50475 14.3853319466995 -0.0764114157782736 8.14931564349039 0.573651525347491 -0.020759178452522 -0.818441755752333 0.0254180333132062
1636513096.00433 13.7631349320421 -0.0731985963691561 7.67505736379323 0.500181825992322 -0.021052748895808 -0.865278408748285 0.0258495273641958
1636513096.50458 13.2194502117303 -0.076022432722888 7.08939943299899 0.422462027049408 -0.0209589864967999 -0.905745384656425 0.0266806064383479
1636513097.00484 12.7562174006628 -0.0828199964894837 6.43049026715566 0.347588585155296 -0.0230719457587289 -0.936923178830402 0.0287196406485124
1636513097.60515 12.3493205202628 -0.0905706587520602 5.53828794853363 0.262582997327108 -0.0228599681090216 -0.964166276678693 0.0301824831369472
1636513098.1054 12.1188785058912 -0.115643835906013 4.75099708721448 0.196948045565134 -0.0208270383762204 -0.979690105998065 0.0313846782690119
1636513098.70571 11.9153285597227 -0.145994706362296 3.74686915262468 0.124947675090092 -0.0228613586613472 -0.991375578350011 0.0322474715430463
1636513099.30602 11.8529649294094 -0.175095401731379 2.72531157204761 0.0641443715259845 -0.0222866668560949 -0.99708477339105 0.0347959588702504
1636513099.80628 11.8685954727942 -0.198980880989661 1.85666919357539 0.0285764281230177 -0.0200271047833039 -0.99866212661509 0.0381609708256138
1636513100.40659 11.8582343840955 -0.2415382230608 0.778904314614681 0.00784338732089833 -0.02241435372094 -0.999073165053102 0.0359010987768371
1636513101.0069 11.8534942094248 -0.288234321258424 -0.307269139969492 0.00489098655992661 -0.0220069007726858 -0.999177986765223 0.0336916211044819
1636513101.60721 11.8250791429317 -0.328048831431134 -1.41313843460995 0.0163945395745171 -0.0203966593382758 -0.999149045630897 0.0318807147794065
1636513102.20752 11.6940700483744 -0.363601001350749 -2.51700803826477 0.040609522893338 -0.019749037141943 -0.99847094343336 0.0318844366680269
1636513102.808 11.4881545166669 -0.395248159958664 -3.60578002438767 0.0766257307570812 -0.0198744621954051 -0.996333363107399 0.0324550873899201
1636513103.4083 11.1893874632557 -0.424198084025309 -4.67374768858974 0.118077032551198 -0.0191923101393276 -0.992310096696487 0.0317827250189176
1636513104.00861 10.8026359840459 -0.445272935096779 -5.70009995746567 0.158367920965114 -0.019455839876526 -0.986663327640989 0.0321954933538403
1636513104.60892 10.3276212338733 -0.467699139562442 -6.69721317361984 0.199065364948187 -0.0194893539411944 -0.979270231318476 0.0319837398447785
1636513105.20923 9.75816932819288 -0.487348138603915 -7.63956902955006 0.246899781067315 -0.0184779793428828 -0.968357231895535 0.0313581540262169
1636513105.80955 9.02710599453243 -0.504675339336834 -8.46369781831084 0.315493581608388 -0.0189087348334285 -0.948294914046446 0.0290347327274581
1636513106.41329 8.21021569565646 -0.50490545095846 -9.12035792209528 0.390553234379448 -0.0187136854981122 -0.92000292825604 0.026694214563088
1636513107.01016 7.30016083667843 -0.49049097476496 -9.60530679769682 0.4688791516205 -0.0204650977111192 -0.882689963909054 0.0243299931267495
1636513107.61047 6.31089847498446 -0.474019858400238 -9.90266772848467 0.553860425396053 -0.0190233545964427 -0.832144854692865 0.0202899474664505
1636513108.11073 5.49898742982149 -0.447883437995467 -9.97980450449109 0.622768151613964 -0.0172024423418877 -0.78203953705278 0.0166753650357319
1636513108.71104 4.57053363356926 -0.415112953755365 -9.87784648967778 0.699251704429763 -0.0146706042795507 -0.714503983257629 0.0177731576014518
1636513109.21129 3.86782324370341 -0.379326426589388 -9.6603530582475 0.757080024444027 -0.0115997341060487 -0.652976021707776 0.0178212746790586
1636513109.8116 3.07194277448188 -0.346026834600658 -9.2439667180115 0.818406786862092 -0.0103671198267473 -0.574315364731772 0.0162700915048337
1636513110.31185 2.44568171874574 -0.311777696212365 -8.78610455240711 0.861846436531395 -0.00846090228991581 -0.506970415781878 0.0114074752914855
1636513110.91217 1.79496775673017 -0.278731950584595 -8.09335322083006 0.904093229359731 -0.0099678317899378 -0.427119310119908 0.00922875278647496
1636513111.41243 1.30513889543923 -0.242113031468399 -7.45078725945109 0.931223363932043 -0.00906903148141425 -0.364293804097391 0.00555188538534291
1636513112.01274 0.806905878912364 -0.202098736829658 -6.58793387175284 0.955548378299154 -0.00968733664320562 -0.294661933015524 0.00279239506025387
1636513112.513 0.497407502289706 -0.164593539570231 -5.82133373821106 0.970648996853252 -0.00731417121262167 -0.240379505668247 0.00217280048255448
1636513113.01325 0.21994164492936 -0.125821752993592 -5.02323237255428 0.981392437315086 -0.00464383753507014 -0.19193135738779 -0.00311011333943224
1636513113.61356 0.0152968776735092 -0.0885873071879554 -4.03725814871315 0.989490858979727 -0.000193078926790185 -0.144595183151249 0.000189012029591467
1636513114.21513 -0.190037372611589 -0.0480949377835468 -3.00305308820554 0.993797301740739 0.000499410696121585 -0.111184540370441 -0.00216139408666561
1636513114.71412 -0.287261284729375 -0.0219513162717565 -2.12991938702053 0.996405444488192 0.00122380716352272 -0.0846480799774883 -0.00306513400036155
1636513115.21439 -0.35489065893542 0.00527845589094131 -1.24407613864072 0.998317935480309 0.000126132657512894 -0.0579489778710657 -0.0017887852258059
1636513115.8147 -0.386422723687697 0.0424659089718812 -0.200391215842894 0.999318049009804 0.000181713550804879 -0.0368902006968123 -0.00158650432506067
1636513116.31496 -0.406268678800008 0.0652485790130086 0.611998692058169 0.999640630516419 -0.00123957081821089 -0.026735378535722 -0.00151420588875555
1636513116.81521 -0.425113721928902 0.0894179926061208 1.27822458303493 0.999793696400133 -0.000369198327314831 -0.0202979052321051 -0.000650672222520745
1636513117.31546 -0.443085300432492 0.105758567991358 1.75201813894317 0.999848520795285 -0.00133410062866731 -0.0172264937056601 -0.00209846458226573
1636513117.81572 -0.4581877596255 0.115980630776959 1.9921890454842 0.999847595599938 -0.0017180114659814 -0.0171927881036679 -0.00249840886317025
1636513118.41604 -0.462302608544003 0.113823328584118 1.99639575352468 0.999844895406379 -0.000630601063068853 -0.0173794803339124 -0.00278228960206837
