1636513053.01285 -0.000777041759030414 -0.00123533148171406 0.000127368166383146 0.999999999688536 -1.06713257789007e-05 1.51884764064112e-05 -1.66841243124497e-05
1636513053.48189 -5.23477713160192e-06 -0.000952498586496042 -0.000484827585054526 0.999999993402125 -1.28941023621384e-05 6.36046276341708e-05 9.47836638254188e-05
1636513053.88366 -0.00222129938602712 -0.000650396394529018 -0.00132989650121418 0.999999780008564 0.000497062161626342 -0.000438172966669654 3.02734513549056e-05
1636513054.28559 -0.000640206385742123 0.0423991877593515 -0.00490891386392983 0.999998152593704 0.00184454032259648 -0.000524970302104 -0.000129947525220018
1636513054.62064 0.00154881389353981 0.146284190580917 -0.00416163925039248 0.999998205718044 0.00171581051920958 -0.000765195811356039 -0.000242961570208064
1636513054.95531 0.00942186100432989 0.302475724951549 0.00302714734642084 0.999999299596278 0.00102022484966841 -0.000596684935959135 -6.2572340542165e-05
1636513055.29214 0.020688776131428 0.504261663481206 0.0065663022442724 0.999999024206765 0.000921259640879203 -0.000930418413429549 0.000487019267908541
1636513055.69227 0.0386020608357248 0.807900498563444 0.015677351663116 0.999999015554587 0.000406121846880312 -0.000588241465754343 0.00120744642979624
1636513056.09415 0.064274490762894 1.16497302576934 0.0247411005870636 0.999998576543075 0.000345366747805728 0.00032700087743996 0.00161885887585944
1636513056.42916 0.092827600230397 1.50295804019135 0.0264654107025882 0.999998616099921 0.00138050422189082 0.000579689248257424 0.000725235624854764
1636513056.83111 0.128346368727979 1.96748296329191 0.0336785473351015 0.999991647881056 0.00103193062930333 -0.00142150435841109 -0.00369034045390667
1636513057.23291 0.176321482338231 2.47790243001914 0.0461932025573635 0.999901490810382 0.000542733513851244 -0.00175528369756313 -0.0139152109092384
1636513057.56797 0.230647523430787 2.94042109793712 0.0520895071818523 0.99966852613375 0.00102050116082367 -0.000792229179883683 -0.0257132029876195
1636513057.96988 0.319211540752229 3.52797265576334 0.0601308865109011 0.998914891211575 0.000742569777904887 -0.00215437009706029 -0.0465171731232274
1636513058.43874 0.458889973771991 4.24536660144404 0.0806472470526182 0.997032794544035 0.000414990999765176 -0.000243518879879485 -0.0769764579903294
1636513058.77381 0.592504281653597 4.76977211664715 0.0957018835801033 0.994467808400015 0.00030746847044238 -0.00287600621530862 -0.10500196239814
1636513059.30974 0.872532529680323 5.60697033849545 0.126493651335576 0.987568972632795 0.00143403534479266 -0.00408825382236321 -0.157126554141301
1636513059.71139 1.15196440157132 6.20049205391127 0.148815124598208 0.97966650726773 0.0023356014313408 -0.00409925412776541 -0.200577355699484
1636513060.04644 1.42203911072519 6.66132712255324 0.167013602617459 0.970555284462326 0.00422367435825042 -0.00337484764748431 -0.240817795813608
1636513060.44848 1.77727911173239 7.16163799409745 0.188543483548468 0.956315781687055 0.00524882201878647 -0.00561099767118676 -0.292234652751563
1636513060.78345 2.11668339143497 7.54761138190624 0.205901882611959 0.94106647080861 0.00767559232165418 -0.00356962251104866 -0.338115720719207
1636513061.11821 2.48812716508725 7.9179969231431 0.223615163019588 0.924432558203327 0.00860922848675168 -0.00290977013686183 -0.38123727487782
1636513061.45301 2.90011646435958 8.23691237511482 0.243707226838677 0.905250482185586 0.00809225425985942 -0.00226872210639294 -0.424795165725508
1636513061.855 3.44177007987603 8.57196572913162 0.264948680196363 0.878399848129991 0.00828403777598045 -0.000254977366949269 -0.477854597665312
1636513062.18975 3.93848664045801 8.80424180802567 0.285183411863537 0.852246985324727 0.00775108187254967 0.000877399516356115 -0.523081472530627
1636513062.52652 4.42951945140007 8.98539980805248 0.299519072720032 0.822364449991974 0.00780657496012789 0.00127950923609807 -0.56890608331508
1636513062.85978 4.92649579614819 9.08573552223385 0.318135395343959 0.789111868517644 0.0105520347315141 0.00335698104371719 -0.61414969201807
1636513063.19492 5.4176326443317 9.15275659421617 0.336004477209374 0.752081723922825 0.011560929746439 0.00241778564360724 -0.658964020077919
1636513063.52987 5.91890003952063 9.15990946187841 0.348292977078426 0.71315938250154 0.0144744378868931 0.00295429176625254 -0.700846244163469
1636513063.93158 6.51658162573947 9.0918586718225 0.357593524006028 0.665087798382812 0.0179229531197929 0.00355269456919197 -0.746541604034945
1636513064.3335 7.11062576401069 8.95523460296026 0.393171942674675 0.614014137012995 0.0185410322692567 0.00545034109988184 -0.789058403068158
1636513064.66844 7.60378453447453 8.77541911502019 0.395799453055947 0.5695376282435 0.0200522625007335 0.00556328836097338 -0.821701799076759
1636513065.00338 8.08942523797596 8.5193155543282 0.401949656327722 0.526152506038333 0.0216278665479715 0.00876197333475723 -0.850069999236207
1636513065.33846 8.53104114428483 8.21370527440609 0.413723262511233 0.481709417663253 0.0218114633470344 0.0120012599449097 -0.875977320917
1636513065.67322 8.94334610320007 7.89229396887714 0.423755825668735 0.434894014675367 0.0216415101542207 0.0131795304187056 -0.900125069651839
1636513066.00834 9.34580990210489 7.51277059760213 0.43947448560641 0.389689399785404 0.0217479256934009 0.014910051193745 -0.920568786021081
1636513066.40986 9.77460450005058 6.99431169356051 0.445011654086354 0.339528250682687 0.021898238161599 0.0147400406561329 -0.940225380084599
1636513066.81213 10.2487632103686 6.45626264786431 0.407780829578159 0.290959219835725 0.0238516827710309 0.0114738446424351 -0.956369269953138
1636513067.21405 10.5977770705426 5.88206531816187 0.400835760907161 0.249003539016546 0.0235079242014371 0.00894128645887041 -0.968175949119495
1636513067.68298 10.9433923076921 5.1565362989976 0.403621034592679 0.208704448392646 0.0239987976613184 0.00970065649024452 -0.977636132820177
1636513068.01784 11.1565322009238 4.61255167923807 0.411253967427426 0.184801643687826 0.0241332078134992 0.00978165929520662 -0.982430791410948
1636513068.41978 11.3617929697877 3.94831050150374 0.432086115192427 0.163637790071467 0.0264667480056266 0.0102880806586062 -0.986111728105338
1636513068.88868 11.576487359231 3.17598377301968 0.430178289833992 0.141148512152327 0.0254407387390115 0.00794878652280529 -0.989629568637888
1636513069.22359 11.6934528664314 2.59769593816225 0.426652329721451 0.12904976377698 0.0283468755441552 0.00725696674240892 -0.991206310285447
1636513069.55837 11.8234040787406 2.01068117773641 0.427388424583702 0.118723065914724 0.0258748527927411 0.00828313772779751 -0.992555648435968
1636513070.02718 11.9654618394743 1.17498137545927 0.438125166153927 0.108845732741297 0.0266354186525477 0.0108828517374057 -0.993642151116425
1636513070.4963 12.0878624692267 0.32963978609465 0.439375078293899 0.0991223073398204 0.0285671462727707 0.0122127620785578 -0.994590134067231
1636513070.83131 12.1678313335641 -0.289046720535391 0.432872366834116 0.0912258030531719 0.0275439811935719 0.0135101764733495 -0.995357552384555
1636513071.3002 12.2713529952919 -1.16139491032171 0.4271035575666 0.0815982392618979 0.0283288972529065 0.0131559410630942 -0.996175748622971
1636513071.70207 12.3492545383193 -1.91760181393343 0.423721103512749 0.0759974590141565 0.0280468281192366 0.0128200975822064 -0.996631028392065
1636513072.03709 12.4132943421219 -2.54771298701563 0.419105150158762 0.0711859607210902 0.02673237159201 0.0132191114800416 -0.997017148496935
1636513072.37185 12.4629797542699 -3.17940309221845 0.407613151807453 0.0676325035601543 0.0278460960218033 0.0114804372414581 -0.997255553486305
1636513072.70826 12.5209386142059 -3.8085850771571 0.407000944238 0.0663127573795657 0.0273584768794736 0.0127922748185038 -0.997341711579598
1636513073.10876 12.5848002826304 -4.55584378223901 0.394740860212719 0.0682612462021751 0.0289685484978187 0.012345705629082 -0.997170401193986
1636513073.44362 12.652989180157 -5.17483541767147 0.393783195176423 0.0756643768886455 0.0277211193740071 0.0124565669477542 -0.996670093637098
1636513073.8456 12.7448490236443 -5.9190685005035 0.384096928298644 0.0907513736974465 0.0287162796283397 0.0132232553523876 -0.995371643645839
1636513074.38143 12.9092884973917 -6.89083523313045 0.377519078690794 0.119570424172292 0.0297449314139583 0.0134235183747043 -0.992289253127777
1636513074.71627 13.0424542311707 -7.48526276060333 0.374831466107091 0.143291411567141 0.0299113408405069 0.0137684447657999 -0.989132606372346
1636513075.05144 13.210568734413 -8.07460329320136 0.37244164980898 0.172174926567922 0.0304267487954507 0.0136933865644238 -0.984501142093531
1636513075.45314 13.4623777725652 -8.75198335654338 0.369831813443294 0.214072235473227 0.0295882819294549 0.0130684088584354 -0.976282145827663
1636513075.8551 13.7830950142616 -9.39168466314846 0.371813554002594 0.261373380863188 0.0303885147312603 0.0129377771344159 -0.964672539192132
1636513076.19004 14.0905364291004 -9.87665466400303 0.377592617497407 0.307254667977875 0.0302352494433117 0.0127856367853377 -0.951060947673123
1636513076.5917 14.5209521522764 -10.3807690354174 0.388722080950993 0.366191698724267 0.029641755750659 0.011665167548515 -0.92999404835059
1636513076.99389 14.9873930277076 -10.8439919355366 0.38983173407901 0.428580040954588 0.030523411575456 0.0113583672075961 -0.90291663919519
1636513077.32879 15.409434448103 -11.1703746174277 0.40735452783398 0.480119008080899 0.029407144488382 0.0115620173693766 -0.876634061445712
1636513077.73067 15.9483337945673 -11.4658755641068 0.424755492439025 0.541389167162881 0.0274447657714652 0.0101185086202752 -0.840263155382725
1636513078.06581 16.4124096604292 -11.6536426260618 0.438238647599321 0.590743635618368 0.0281117191142567 0.00897950837039155 -0.806319450747816
1636513078.5346 17.0679407574113 -11.8176142799289 0.453900648017024 0.655386016870421 0.027258502527676 0.00862865064268289 -0.754752733892869
1636513079.00328 17.7600417380516 -11.8756119270624 0.471093641978779 0.716470491061095 0.0246182888947307 0.00809984126703261 -0.697135831715755
1636513079.33835 18.2435795280909 -11.8517481001484 0.493477519039122 0.756932364750446 0.0212174580159535 0.00698228544380569 -0.653111370562954
1636513079.67321 18.7294070021718 -11.7635911276474 0.516537585234054 0.79373481935317 0.0187579587556728 0.00607070674358383 -0.607944341242966
1636513080.07544 19.3073829953654 -11.5843425118559 0.535859038531771 0.833629317066149 0.0170461695754654 0.00479542310849814 -0.55204039140976
1636513080.47708 19.8420421347816 -11.3307667681548 0.560099813831895 0.86986166798831 0.0136387454679017 0.00267808660689477 -0.493099879374132
1636513080.87908 20.3650628139481 -11.0127690981289 0.577557707991243 0.900819009012738 0.0117273416442006 0.00230068097473664 -0.434030286185563
1636513081.28101 20.8408492461446 -10.6178678458733 0.602020619650743 0.92608745042564 0.00909778832990944 0.00171811190907582 -0.377195324073762
1636513081.68306 21.2815403258923 -10.1562022790248 0.624323928727937 0.94611165787926 0.00696379583861129 -0.000681244998806142 -0.32376499544844
1636513082.08476 21.6803906206814 -9.6463295240921 0.651880265476318 0.961952860560223 0.00609100958042033 -0.000830734445296777 -0.27314630428138
1636513082.55362 22.0742631953616 -9.00060703712506 0.665040552587733 0.976425210858738 0.00518380176046217 -0.000858009036018481 -0.215792028627732
1636513082.88873 22.3162938786253 -8.50090655473615 0.672583720318743 0.98415258607868 0.00420891915872446 -0.00143223407566127 -0.177267935678494
1636513083.22337 22.5048267810529 -7.97921358447982 0.687240781269843 0.990074904562073 0.00300750144324968 -0.00246309418978015 -0.140486908495003
1636513083.6256 22.6947241675664 -7.33473460269923 0.701841446216515 0.995053179738936 0.00197777783421219 -0.00401008275019231 -0.0992430205233941
1636513084.02758 22.8571414240304 -6.65908547199315 0.710637799022449 0.997954093787682 0.00136550456973861 -0.00535834260485673 -0.0636949782495079
1636513084.36368 23.0095491137476 -6.0393110933419 0.7040889008815 0.999132838595878 0.000944690131501084 -0.00661325084927043 -0.0410967555057957
1636513084.7642 23.1108640082853 -5.31850856912621 0.718296423787674 0.999770633206265 -0.000403144962198705 -0.00570418491945688 -0.0206393005426024
1636513085.16621 23.1881539530926 -4.58278585742047 0.725184747567941 0.999963704730721 -0.00206921845015201 -0.0061292905339389 -0.00554430823175073
1636513085.50111 23.2262034545873 -3.97776516682177 0.740155749010549 0.999974011050278 -0.00274690831477551 -0.00623566439563227 0.00235546349440984
1636513085.90298 23.2509451581253 -3.25545533260506 0.750929766236051 0.999903440670902 -0.00213614808734046 -0.00696393119795002 0.0118342666908569
1636513086.305 23.2655083845845 -2.53437967420872 0.755858288896014 0.999746641779213 -0.00143268196365583 -0.00526231802312262 0.0218382161039047
1636513086.63988 23.2700172203727 -1.92336514184324 0.760785835959367 0.99950533834951 -0.001197922314616 -0.00442817851821651 0.0311132580738459
1636513086.97487 23.2459422408288 -1.31241367823438 0.772345621833388 0.999131468135311 -0.00147450009245127 -0.00708612067899277 0.0410356201973187
1636513087.44357 23.2035479685195 -0.459529813547671 0.778530479075996 0.998412628856367 -0.00298077280381456 -0.00518693658802309 0.0560038679239403
1636513087.84575 23.1521111674476 0.274685717267935 0.791479131576833 0.997662195522285 -0.00327818795749028 -0.0058277698774826 0.0680105448266949
1636513088.24759 23.0795980512916 1.00963460927868 0.792358996373304 0.996820674263652 -0.00309275093048978 -0.00666471071747842 0.0793382624166429
1636513088.8505 22.9440388854285 2.10219841554056 0.799106934855646 0.995264617308114 -0.00275737837994622 -0.0051587919556143 0.0970264152927518
1636513089.31919 22.8015213006569 2.94350991107583 0.806650825127753 0.993629273034129 -0.00308770115008573 -0.00607325648735206 0.112491997168309
1636513089.65438 22.6776737198131 3.53629187054813 0.818295745290012 0.991932036184299 -0.00381964097151794 -0.00506190932213669 0.126612096610611
1636513090.19017 22.438087389328 4.46371214531016 0.824963111456831 0.98719798556086 -0.00646332451760566 -0.00444892353864256 0.159306527864075
1636513090.59198 22.2010383891407 5.1407722140379 0.823232018512537 0.981481345220421 -0.00871896422588174 -0.00598798279969591 0.191265503186361
1636513091.06086 21.86058748561 5.88871074531217 0.824818577220009 0.971136587650565 -0.0101896767200915 -0.00682376865597767 0.238208595134783
1636513091.39583 21.5870392955403 6.40042642873999 0.828235937010257 0.960055297438173 -0.01221345637029 -0.00675709321913536 0.279461981377827
1636513091.73079 21.2557998578011 6.87128351738385 0.815188648685482 0.946142060888497 -0.0130740079766137 -0.00922987742586848 0.323355965301088
1636513092.19953 20.7555830863502 7.4604767533922 0.81531024363701 0.919569257120313 -0.0167525719513758 -0.00722683363581231 0.392504147198231
1636513092.53472 20.360483124075 7.80412392338143 0.804851414466344 0.895579640985104 -0.0175876060645457 -0.00748326216937268 0.444490476335788
1636513092.86948 19.9470380196206 8.09945281457736 0.800162078456864 0.868948303854579 -0.0198686370334567 -0.0087923035541259 0.494425705125547
1636513093.27141 19.4179548131117 8.38175524405043 0.77900895551324 0.835205924857556 -0.0199245273033304 -0.00928006734218917 0.549497913230522
1636513093.61052 18.9530558273139 8.55441274739685 0.771133572563932 0.803748769789694 -0.0208052287744958 -0.0107576979473974 0.594507636159593
1636513093.94121 18.4765027054238 8.68502786232303 0.759692150347494 0.769075422637509 -0.021955964884858 -0.0106945690737718 0.638691283871354
1636513094.34316 17.8851979969952 8.78306074458838 0.732008873965438 0.723318804455413 -0.0229328420702054 -0.0109750877352061 0.690046041453017
1636513094.67803 17.3796354097892 8.7783157252069 0.715145827481447 0.682437431504716 -0.023809949834681 -0.0123820758117184 0.730451177402507
1636513095.01325 16.8893081977343 8.72684146975332 0.697396421196606 0.638947380055369 -0.0257725509908958 -0.0130363874298139 0.768708054945817
1636513095.41498 16.2927825627261 8.60222916094291 0.677394877711263 0.583699199931383 -0.0291258855892764 -0.013091735912533 0.811341810360406
1636513095.74999 15.8156973960026 8.42689222751438 0.66250491542065 0.535532128633602 -0.0293901016358554 -0.0144103709405728 0.843880265402831
1636513096.08498 15.3683060985317 8.19250289404916 0.64615829813642 0.486046256674467 -0.0301091289695446 -0.0154320143985957 0.873277922346051
1636513096.41982 14.9392726374272 7.90770748574851 0.621372979863552 0.434086490665911 -0.0301067021266322 -0.0158268052448115 0.900228869423856
1636513096.82181 14.455595569559 7.49908799766785 0.595415021612025 0.374599990591415 -0.0320123926371242 -0.0150780777851232 0.92651103897194
1636513097.15671 14.0897906785626 7.11176271681797 0.569304406975852 0.326297600925661 -0.032647548131709 -0.0147669389702852 0.944587714690697
1636513097.49173 13.7626952371657 6.68801350704893 0.548433327478221 0.2789820100687 -0.0324553757017474 -0.014205783661182 0.959642580524988
1636513097.82648 13.4785505278876 6.22082848844825 0.53164887421094 0.234298368356097 -0.0301136565730536 -0.0141729028367866 0.971594859547255
1636513098.16135 13.2225104605036 5.72411455978725 0.512405411741958 0.192026776070772 -0.0295062885680769 -0.0137303213216495 0.98084992454667
1636513098.56334 12.9760848260192 5.10092809726043 0.491948863653018 0.144548907066734 -0.0309472120928334 -0.0132522705970508 0.988924800403709
1636513098.89812 12.8086382948177 4.57275612357711 0.493455579200818 0.107573682350073 -0.0314183129269075 -0.0125076968258961 0.99362183450173
1636513099.23349 12.6850962348875 4.0391641573946 0.48979781455009 0.0760479351500383 -0.030476691114822 -0.0107779477018782 0.996580011188988
1636513099.56826 12.5889919231435 3.48914983456586 0.480197202598402 0.0498329625606999 -0.0290556510469561 -0.00839023956817955 0.998299578716053
1636513099.90314 12.5061417561395 2.90621158324685 0.460715163746309 0.0336412984212779 -0.0268236342200171 -0.00791798177614365 0.999042572292269
1636513100.23792 12.4230108199508 2.31493899412414 0.456706806233552 0.0223500876360031 -0.0307832347316747 -0.00944475810377196 0.999231536024799
1636513100.57295 12.3565422490875 1.70919028991485 0.444625177210112 0.0166918202377267 -0.0275509619344727 -0.0107848275532926 0.99942284100789
1636513100.97498 12.2784301436389 0.984318718798865 0.441604304107568 0.0169065524832491 -0.0295495938839821 -0.0121954545025591 0.999345916524353
1636513101.37675 12.1982242647413 0.242368572608153 0.433121148656369 0.0231374003802274 -0.0281274758927484 -0.0144235052343162 0.999232439575649
1636513101.71167 12.1284937362846 -0.368463155198021 0.414457459317752 0.0332828697567918 -0.0262915562110361 -0.0132016382662154 0.999012873490548
1636513102.11355 12.0185570696125 -1.10488648480652 0.4016313451968 0.0499867729074115 -0.0268421994606534 -0.0135698730621914 0.998296888409201
1636513102.51546 11.8761172231648 -1.84411479357414 0.382597225342557 0.0724249318479249 -0.0266142103373184 -0.0137074870585761 0.996924479513611
1636513102.85055 11.7361467383843 -2.43952657146324 0.365856815518516 0.0939868923340419 -0.0260577418124828 -0.0126886679094547 0.995151473830847
1636513103.25249 11.5368896990297 -3.15554004184351 0.348944546864647 0.121582591870284 -0.0252756527225052 -0.0132046149430447 0.992171584393426
1636513103.78813 11.2019705412231 -4.09123148943097 0.325086406215851 0.157574940762784 -0.0267115052439927 -0.0123226318175397 0.987068784977164
1636513104.12313 10.9648271548829 -4.66280460782389 0.306497644523452 0.179461265039809 -0.0262315322652356 -0.0127627400707209 0.983332432868568
1636513104.52522 10.6359438803529 -5.33131905706577 0.289172936095758 0.206949797942192 -0.0258441276916523 -0.012226643512852 0.977933725455848
1636513104.92693 10.2601992772012 -5.96966103158497 0.270878571563828 0.236731586733486 -0.0256494009101274 -0.0123871858905616 0.971157464936202
1636513105.26189 9.915771412295 -6.4679757495336 0.251016658399543 0.267607689730399 -0.0239272323751932 -0.0131226029357833 0.963141427434316
1636513105.59692 9.54140242026313 -6.92951591045741 0.236759625049635 0.305509838376333 -0.0249293394596345 -0.0134042142877774 0.951768140740538
1636513105.99937 9.06618384248146 -7.44075559274869 0.223994092615459 0.355073569045643 -0.0257096955289737 -0.0146918338187933 0.934369264338268
1636513106.46783 8.47013829611208 -7.96802661388401 0.208323483902599 0.415005108192961 -0.0247700866321451 -0.015842570883524 0.909343838121634
1636513106.80252 7.98997603431229 -8.28602114028303 0.19247525191007 0.458400967447323 -0.0267281961547037 -0.0166156250619181 0.888188086824787
1636513107.13752 7.4928977016734 -8.54440740780771 0.172432564619002 0.503293184540884 -0.0257324317563485 -0.0178010899239976 0.863549033667526
1636513107.4725 6.98334920686855 -8.74003615538487 0.151837288415018 0.550866883960501 -0.0250910050641206 -0.0182941986762673 0.834015251608334
1636513107.80729 6.45343190351584 -8.88912292623923 0.135170490926345 0.597649553939655 -0.0240679822171234 -0.0201206702904581 0.801143496219492
1636513108.20947 5.80935981600644 -8.97931863361632 0.106422464807364 0.65087377094976 -0.0231966002123517 -0.0180688418958382 0.758616351643418
1636513108.67836 5.0967242272475 -8.98233289181683 0.0656516599113792 0.710462555773442 -0.0190763570954511 -0.0154979389793428 0.703305668490756
1636513109.21399 4.31532491296115 -8.85456141667983 0.0289264820194149 0.771743865021911 -0.0142470490863581 -0.0128655332907742 0.635643694569935
1636513109.54897 3.83714062543399 -8.69916333094635 0.0112895151605749 0.806350159613368 -0.0137324901933532 -0.0119301357104869 0.591158617180292
1636513109.88388 3.37390649638928 -8.48836871096049 -0.00235884229668604 0.838074301771002 -0.0122329447232298 -0.00964803643205241 0.545333599888593
1636513110.28792 2.8257441525293 -8.18101324450613 -0.0146096604681719 0.871677426478926 -0.0110475789063002 -0.0132284384624266 0.489776912056123
1636513110.62167 2.41445539104112 -7.85043845391121 -0.024492211655655 0.895973986577154 -0.0113281673705328 -0.0114406417282243 0.443814600613717
1636513110.95576 2.02523776367916 -7.47831091027246 -0.0189763012416599 0.916340726145931 -0.0121995530736265 -0.0107799481265308 0.400068290707401
1636513111.42472 1.53732180837801 -6.90029615651545 -0.0301135812138632 0.939790550459839 -0.0119610753009219 -0.0119206882505436 0.341333489619276
1636513111.82648 1.16279896699789 -6.33788727028266 -0.0328779845672487 0.955534645568722 -0.0122493158800257 -0.0110350703309772 0.294417599000327
1636513112.22847 0.847066599842751 -5.74331838212236 -0.0374456983463219 0.968044670887615 -0.00986616842967645 -0.0100245508041391 0.250383071048705
1636513112.56717 0.620447096853776 -5.22490340947744 -0.0415152397861087 0.976416863173354 -0.00900225746427626 -0.00780163209159027 0.215564846874352
1636513112.8984 0.416813205499213 -4.70178998634944 -0.0472372459369738 0.983084750342492 -0.0065200851942986 -0.0117412898593771 0.182658162274607
1636513113.30012 0.234159891170741 -4.03702670068159 -0.0463101051848081 0.988931657944637 -0.00397476002252261 -0.00623601736082992 0.148187345225934
1636513113.63511 0.104748181210522 -3.484300019573 -0.0515931026832865 0.992033400460681 -0.000915953016768334 -0.00611616192504818 0.125823233004859
1636513114.03711 -0.0223246282258271 -2.79794534009211 -0.0485097120312616 0.994596491805954 -0.000181232972942658 -0.00591723408230857 0.103647344310957
1636513114.37194 -0.109332351699006 -2.21561089712066 -0.0397386313009816 0.996238400779512 0.00029294173058011 -0.00790683639225103 0.086292786116155
1636513114.70704 -0.155810620984579 -1.63573285088184 -0.0290331648280706 0.997652150703292 0.000611668323858782 -0.00544425683272797 0.0682654533896653
1636513115.04192 -0.194277725637353 -1.04771393028964 -0.017518136562982 0.998747147817633 -0.000440717552113677 -0.00285537556651667 0.0499578554839626
1636513115.44396 -0.23010800317627 -0.340119897092072 -0.00478329408447253 0.999444590146026 -0.000292073637180325 -0.00354148381496291 0.0331343298290646
1636513115.84572 -0.235771562395757 0.357923411498427 0.000279460511745877 0.999760241557293 -0.000369665834711857 -0.00133350536881347 0.0218527918560711
1636513116.18066 -0.229950152514961 0.896029748371322 0.01764753189023 0.99987526275226 -0.00166374535086661 -0.00113783604492883 0.0156651274058495
1636513116.64953 -0.212047681063154 1.54294710034452 0.0286751779447376 0.999956120968312 -0.000826694873339074 0.000566591871168381 0.00931405858069015
1636513116.98434 -0.202666347523414 1.91220165569515 0.031028936210015 0.999979361019949 -0.00105786399752639 -0.000498182364258719 0.00631745773465303
1636513117.31956 -0.197036953616303 2.18247230977302 0.0388285611849578 0.999982927644494 -0.0018295459945228 -0.00117998248807974 0.00542262135206831
1636513117.72122 -0.190080372158679 2.34922520592028 0.0431387467030938 0.999981169177197 -0.0022433909686195 -0.001421758005679 0.0055323676794605
1636513118.19028 -0.189195834104469 2.35946039687912 0.0465789505956783 0.999981461350132 -0.00108354348990783 -0.0017186845562258 0.00574012307845837
1636513118.52511 -0.18873401896097 2.3600664153312 0.0436936110932244 0.999981496482711 -0.000970184049456929 -0.00180506568515257 0.00572775461947327
