1636513053.01285 -0.000768212234976473 -0.00123291680377136 0.000118074222823755 0.999999999688536 -1.05799214676499e-05 1.51877343812206e-05 -1.67429089349693e-05
1636513053.48189 -3.87218826387523e-06 -0.000940212095945858 -0.000492039531435812 0.999999993402125 -1.35853544848161e-05 6.35238962259846e-05 9.47412381815278e-05
1636513053.88366 -0.00232038927643983 -0.000768815605402096 -0.00121412872159996 0.999999780008564 0.000497361369160137 -0.000437620174925868 3.32125588096197e-05
1636513054.28559 -0.000760072455878686 0.0418742300653867 -0.00448167443939912 0.999998152593704 0.00184595496186031 -0.000522751755971876 -0.000118279581914679
1636513054.62064 0.00126396186822409 0.145608187771041 -0.00365688204433426 0.999998205718044 0.00171824289934239 -0.000763047095374076 -0.000232295418047165
1636513054.95531 0.00890302445260523 0.30172198305513 0.00353158617043695 0.999999299596278 0.00102130140486243 -0.000595464026610136 -5.63292812104696e-05
1636513055.29214 0.0197077431438334 0.503242978184133 0.00728143217909485 0.999999024206765 0.000919142193297579 -0.000929692896102728 0.000492376141493523
1636513055.69227 0.0371243265107163 0.8065622789388 0.0165761666333611 0.999999015554587 0.000398923106119982 -0.000588610644050515 0.001209664301568
1636513056.09415 0.0624229543034096 1.16310118781629 0.0259559675253664 0.999998576543075 0.000334427487476045 0.0003262751786914 0.00162130027683821
1636513056.42916 0.0907581197882247 1.50022915394688 0.0282760424774331 0.999998616099921 0.00137507497141245 0.00058077781050833 0.000734618404736997
1636513056.83111 0.125997999652277 1.96375115480783 0.0361145600829358 0.999991647881056 0.00105761078692509 -0.00141775078907526 -0.00368450949976687
1636513057.23291 0.175097350776491 2.47266471605904 0.0492161734367484 0.999901490810382 0.000635464661663264 -0.00174499602422165 -0.0139125787945228
1636513057.56797 0.231224891317863 2.9333567087897 0.055805130804928 0.99966852613375 0.0011890150804717 -0.000773201021873897 -0.025706541208288
1636513057.96988 0.322466409689802 3.5182277891387 0.064897973785131 0.998914891211575 0.00104828386472609 -0.00212121914098941 -0.0465128116335847
1636513058.43874 0.466962721230302 4.23158601238434 0.0865939882952121 0.997032794544035 0.000917056795957731 -0.00018960261400122 -0.0769722655337196
1636513058.77381 0.603961743621491 4.75225202580002 0.103109679345076 0.994467808400015 0.000995277506677674 -0.00280275620347108 -0.104999676363405
1636513059.30974 0.89076118810453 5.58165040981827 0.136647970236409 0.987568972632795 0.00246301252754961 -0.0039775180410309 -0.157116635696313
1636513059.71139 1.17561930404145 6.16816315039138 0.161378170243408 0.97966650726773 0.0036478179659725 -0.00395731460028249 -0.200560633283525
1636513060.04644 1.45045679125218 6.62181514176737 0.181900294102709 0.970555284462326 0.00579732929595904 -0.00320279565038375 -0.240787401820172
1636513060.44848 1.81047415784097 7.11287828986724 0.206532040385584 0.956315781687055 0.0071602195376527 -0.00540206728554429 -0.292198005847905
1636513060.78345 2.15423856559265 7.48940904147039 0.226468179584202 0.94106647080861 0.00988366128685695 -0.00332604366602318 -0.338060864627846
1636513061.11821 2.52874561074223 7.85078914455007 0.246861023772502 0.924432558203327 0.0110976128936257 -0.00263517972233246 -0.381174952153925
1636513061.45301 2.94317442291728 8.16052731101498 0.269628517233452 0.905250482185586 0.0108638520648149 -0.0019644906219935 -0.424734837278124
1636513061.855 3.48684451213807 8.48351288093894 0.294252141775223 0.878399848129991 0.0113991822141639 8.63075668334039e-05 -0.477790495930027
1636513062.18975 3.98410653440097 8.70526160355956 0.31752767741362 0.852246985324727 0.0111597507966362 0.00124946525246835 -0.523019096021985
1636513062.52652 4.47442496254555 8.87531521280594 0.335012908839473 0.822364449991974 0.0115134977062136 0.0016834502209851 -0.568842084198524
1636513062.85978 4.96937828707479 8.96364574771828 0.356704558053802 0.789111868517644 0.0145514246763188 0.00379549556886968 -0.614065394903401
1636513063.19492 5.45677720225175 9.01928238584535 0.377893609362818 0.752081723922825 0.0158535201679644 0.00288857513536481 -0.658872827314379
1636513063.52987 5.953042094706 9.01515966287005 0.39338192264723 0.71315938250154 0.0190393642778131 0.00345751657108453 -0.7007347881596
1636513063.93158 6.54333512314228 8.93484857308634 0.406360795793315 0.665087798382812 0.0227849890782599 0.00409161890625571 -0.746406272327433
1636513064.3335 7.12894651365775 8.78716261082812 0.444993586619446 0.614014137012995 0.0236780148281383 0.00601949203522465 -0.788916825069426
1636513064.66844 7.61378101236024 8.59924258380202 0.45045982481898 0.5695376282435 0.0254018763669189 0.0061568437015272 -0.821549589475549
1636513065.00338 8.09114413545996 8.33586283395742 0.458683432051555 0.526152506038333 0.0271586676398922 0.00937703669022744 -0.84990471133211
1636513065.33846 8.52412014768517 8.02404262914095 0.472121492368366 0.481709417663253 0.0275073932197929 0.0126345171100053 -0.875808055015583
1636513065.67322 8.92677889447832 7.69763052528532 0.484033847427112 0.434894014675367 0.0274934931452324 0.0138293539050743 -0.899955583795547
1636513066.00834 9.31964039000322 7.31428863594429 0.501421210814418 0.389689399785404 0.0277311703984322 0.0155741879680868 -0.920396978782721
1636513066.40986 9.73752853261257 6.79336180474578 0.509103146262389 0.339528250682687 0.0280098135445418 0.0154179966575589 -0.940052287222696
1636513066.81213 10.2005607297042 6.25479722560506 0.474996735536996 0.290959219835725 0.0300722364456508 0.0121652642381868 -0.956185337334639
1636513067.21405 10.5405149104368 5.681241300489 0.470223672331619 0.249003539016546 0.0298083835538012 0.00964050802614022 -0.967995742982449
1636513067.68298 10.8775988709281 4.95660332952197 0.474328970817485 0.208704448392646 0.0303600357184069 0.0104070109313372 -0.977452001673624
1636513068.01784 11.0857895248392 4.41377675696353 0.482795102563726 0.184801643687826 0.0305256044570302 0.0104914971861915 -0.982245625314566
1636513068.41978 11.286286494028 3.75089982342571 0.504107335751708 0.163637790071466 0.0328825022453958 0.0110031653792276 -0.985910921462099
1636513068.88868 11.4968798050324 2.98116859334266 0.503474373341111 0.141148512152327 0.0318821566455722 0.00866513185668269 -0.989436981871366
1636513069.22359 11.6110807791523 2.40440365517446 0.500197193342782 0.12904976377698 0.0347993093880471 0.00797775979980969 -0.990995217891488
1636513069.55837 11.7399309045396 1.8187008580203 0.50126331461717 0.118723065914724 0.0323349484531183 0.00900201484655647 -0.992359938962192
1636513070.02718 11.880483896984 0.98430470381688 0.511689026926671 0.108845732741297 0.0330995695888705 0.0116033581418572 -0.993439674583652
1636513070.4963 12.001203907962 0.140574457032089 0.512684249572161 0.0991223073398203 0.0350358943953432 0.0129361538100608 -0.99437412990089
1636513070.83131 12.0804248479875 -0.476895910349874 0.506047961387258 0.0912258030531719 0.0340162518398462 0.0142329194508082 -0.995147311442873
1636513071.3002 12.1826238576256 -1.3471147878166 0.500320436095484 0.0815982392618978 0.0348068945796938 0.0138801578347246 -0.9959606160173
1636513071.70207 12.2601878739008 -2.10158019986061 0.496988145720126 0.0759974590141564 0.0345281884392021 0.0135443053202133 -0.996417955588864
1636513072.03709 12.3242017080449 -2.73036371932643 0.492355539762697 0.0711859607210903 0.0332158156576447 0.0139420705461994 -0.996812363113188
1636513072.37185 12.3735760734768 -3.36033724699475 0.481020233543487 0.0676325035601544 0.0343330833465204 0.0122048481766643 -0.997044695854249
1636513072.70826 12.4320406269964 -3.98861380054487 0.480118423552595 0.0663127573795657 0.0338445172982637 0.0135161818588791 -0.99713313037203
1636513073.10876 12.4967504201062 -4.73455777737817 0.467759608495182 0.0682612462021751 0.0354539540634944 0.0130713515273719 -0.996951633319008
1636513073.44362 12.5673618071598 -5.35283205535917 0.466942466185244 0.0756643768886454 0.0342031624957332 0.013180426397109 -0.996459393104071
1636513073.8456 12.6629018566035 -6.09664280777966 0.457221988877789 0.0907513736974465 0.0351889487213893 0.0139473607346864 -0.995153956525545
1636513074.38143 12.8340327781498 -7.06782457236255 0.451131479109563 0.119570424172292 0.0361972525994379 0.0141466704217177 -0.992064788349778
1636513074.71627 12.9726793090378 -7.66189178270926 0.44898467962926 0.143291411567141 0.0363426814220936 0.0144895971153528 -0.988906887656054
1636513075.05144 13.1472617538232 -8.25059374561675 0.447474009452812 0.172174926567922 0.0368279734917697 0.0144119183784046 -0.98427221419609
1636513075.45314 13.4086429215768 -8.92651589821013 0.446518021373749 0.214072235473227 0.0359366709321448 0.0137802683297205 -0.976059290149205
1636513075.8551 13.7396157814479 -9.56403432437143 0.450487262266178 0.261373380863187 0.0366613569655542 0.0136425004447105 -0.964444805503772
1636513076.19004 14.0570362611592 -10.0461000866838 0.458317118287561 0.307254667977875 0.0364195402109849 0.0134807342149306 -0.950834610172375
1636513076.5917 14.4999289312858 -10.5449649249966 0.472603329424538 0.366191698724267 0.0356900265844106 0.0123449566285538 -0.929772802266059
1636513076.99389 14.9789771463254 -11.0012298083129 0.477005056672279 0.428580040954588 0.0363955066195635 0.0120203764161595 -0.902690437605319
1636513077.32879 15.4112548930179 -11.320352359149 0.497417074706499 0.480119008080899 0.0351076977145621 0.012204493216048 -0.87641556238233
1636513077.73067 15.9614015822298 -11.6050531699167 0.518882962177982 0.541389167162881 0.032909939670965 0.0107334731733309 -0.840059222973698
1636513078.06581 16.4332457220999 -11.7829505342639 0.535916281604703 0.590743635618368 0.0333569258065735 0.00957167952057663 -0.806112681595001
1636513078.5346 17.0979895761432 -11.9318830018926 0.556311161909432 0.655386016870421 0.0321679819806934 0.00918404005538037 -0.754552876367372
1636513079.00328 17.7970087883704 -11.9729354052251 0.578411398219613 0.716470491061095 0.0291528465129969 0.00861218756641787 -0.696954788493618
1636513079.33835 18.283744712552 -11.936041628915 0.604195263173356 0.756932364750446 0.0254663984800078 0.00746014763355071 -0.652954212743161
1636513079.67321 18.7710164770821 -11.8350914052294 0.630654755927688 0.79373481935317 0.022713574736483 0.00651437738184054 -0.607804814851287
1636513080.07544 19.3485694051576 -11.640854735872 0.654147192678709 0.833629317066149 0.0206388742299966 0.00519831147694513 -0.551914102153708
1636513080.47708 19.8807540124581 -11.3719393762531 0.682168183187611 0.86986166798831 0.0168497564510839 0.00303612939403245 -0.492998525545906
1636513080.87908 20.3995758281421 -11.0400331221646 0.70317759885233 0.900819009012738 0.0145537696994121 0.00261551280287379 -0.433942922377613
1636513081.28101 20.8696844738648 -10.6325896548726 0.730779379355365 0.92608745042564 0.0115544538739144 0.00199045579574252 -0.377126725180726
1636513081.68306 21.3032364816853 -10.1600553114903 0.756282487394624 0.94611165787926 0.00907498610129519 -0.000448452220531822 -0.323713104990863
1636513082.08476 21.6946351790736 -9.64127805369981 0.786624699082227 0.961952860560223 0.00787241980237022 -0.000634088040009944 -0.273101294392422
1636513082.55362 22.079216095243 -8.9866448533998 0.802609675776557 0.976425210858738 0.0065913833413088 -0.000702224688216175 -0.215754184537878
1636513082.88873 22.314316587671 -8.48159451974297 0.811933396989427 0.98415258607868 0.0053660568916754 -0.00130431738404468 -0.177237669540772
1636513083.22337 22.4957236243374 -7.9553244348014 0.828011492722817 0.990074904562073 0.0039260917913195 -0.00236209602918898 -0.140465973324493
1636513083.6256 22.6771043175331 -7.30649076801696 0.844170477492179 0.995053179738936 0.00262932233897581 -0.00393890271936679 -0.0992307472552577
1636513084.02758 22.8317548728206 -6.62787391835136 0.854413148036673 0.997954093787682 0.00178689391926618 -0.00531254523858248 -0.0636883864265345
1636513084.36368 22.978772678242 -6.00671265957564 0.849267080311425 0.999132838595878 0.00122022909014913 -0.00658362555782987 -0.0410942545232898
1636513084.7642 23.075377320289 -5.28493363931368 0.86422967001 0.999770633206265 -0.000261986973261283 -0.0056903169464286 -0.0206454022537416
1636513085.16621 23.1486591214269 -4.54876307461841 0.871788366082167 0.99996370473072 -0.00202593261753571 -0.00612782315034229 -0.00556188831961551
1636513085.50111 23.1842957731787 -3.94397352472796 0.887252132522347 0.999974011050278 -0.00275498133932231 -0.00624046274581175 0.00233322235467555
1636513085.90298 23.2060688779376 -3.22233123268576 0.898808383559368 0.999903440670902 -0.0022051813594629 -0.00697460453207023 0.0118153036898871
1636513086.305 23.2181959195735 -2.50194159347943 0.904312508637247 0.999746641779213 -0.00156891487474081 -0.00527912615630732 0.0218247928816728
1636513086.63988 23.2203338227156 -1.89140918953496 0.909648434627969 0.99950533834951 -0.00139558838003322 -0.00445115535370198 0.0311017388568792
1636513086.97487 23.1929054271224 -1.28088107690716 0.921544526709459 0.999131468135311 -0.00173376366359158 -0.00711630230197425 0.0410202594687576
1636513087.44357 23.1470070994285 -0.428273856196364 0.927572707431923 0.998412628856367 -0.00333977757405509 -0.00522924857450339 0.0559796693918442
1636513087.84575 23.0921421945589 0.305299446525746 0.940616237406504 0.997662195522285 -0.00371471298828854 -0.0058787594558739 0.0679837092274908
1636513088.24759 23.0163965899263 1.03937837165175 0.941580474878216 0.996820674263652 -0.00360215370398524 -0.00672334935632563 0.0793118176735565
1636513088.8505 22.876511012549 2.13058950542136 0.948121418581267 0.995264617308114 -0.00338383775030858 -0.00522932424809676 0.0970028110135005
1636513089.31919 22.7297982345095 2.97087628528485 0.955241686096584 0.993629273034129 -0.0038139110203357 -0.00615490526921791 0.112465279057691
1636513089.65438 22.6026925271064 3.56308963519542 0.966232587938135 0.991932036184299 -0.0046390519133738 -0.00515420560562424 0.126580997599132
1636513090.19017 22.3556024625841 4.48987449722875 0.97131364902388 0.98719798556086 -0.00749651533657589 -0.00456696671141707 0.159257911506603
1636513090.59198 22.1109516949608 5.16608988496227 0.968008493321813 0.981481345220421 -0.00995865686492189 -0.00613081270822146 0.19120043742967
1636513091.06086 21.7598996650741 5.91200345234078 0.967461015709821 0.971136587650565 -0.0117343810583844 -0.00700088246957537 0.238132358305714
1636513091.39583 21.4772487808747 6.42160050931963 0.968883569612873 0.960055297438173 -0.0140271154661087 -0.00696517996107981 0.279371709664225
1636513091.73079 21.1361074501209 6.88893810857474 0.953717380537939 0.946142060888497 -0.0151709198614434 -0.00946942600716372 0.323257441955046
1636513092.19953 20.621630428839 7.47194151191478 0.949975707534679 0.919569257120313 -0.0193024849696098 -0.0075186305178865 0.392381530692169
1636513092.53472 20.2160890046418 7.8089518386124 0.936865063976118 0.895579640985104 -0.0204760914407595 -0.00781211119546841 0.444361122569214
1636513092.86948 19.7926835975495 8.09676915260382 0.92902708481151 0.868948303854579 -0.0230810733634731 -0.0091584479904321 0.494279508083277
1636513093.27141 19.2539891746654 8.3688060847613 0.904481503366106 0.835205924857556 -0.0234954013364774 -0.00968450712048758 0.54934983345834
1636513093.61052 18.7816219415193 8.53184681217688 0.89333163113365 0.803748769789694 -0.0246677809039047 -0.0111943982615879 0.594351832750932
1636513093.94121 18.2987879794375 8.65212994098914 0.87855977037257 0.769075422637509 -0.0261065885404148 -0.0111632693679357 0.638527072054692
1636513094.34316 17.7014787268428 8.73651320391697 0.846830190568387 0.723318804455413 -0.0274178899977172 -0.0114805653425541 0.68987416464793
1636513094.67803 17.1921573619997 8.71964090851099 0.826346528925557 0.682437431504716 -0.0285567414422271 -0.0129166133537702 0.730271747843854
1636513095.01325 16.699346925175 8.65587844121146 0.804917956194212 0.638947380055369 -0.0307679301297106 -0.0135997464850225 0.768514558672415
1636513095.41498 16.1016389502183 8.51641832502982 0.780348940992627 0.583699199931383 -0.0343990473562727 -0.0136885598159204 0.811125497608484
1636513095.74999 15.6254550068265 8.32812259885049 0.762099311067869 0.535532128633602 -0.0348738416474488 -0.0150300867514038 0.843660625407015
1636513096.08498 15.1803647451836 8.08120469021384 0.742518251504334 0.486046256674467 -0.0357833070200075 -0.0160729667035731 0.873052261352547
1636513096.41982 14.7553742424215 7.78406466562998 0.714837824263765 0.434086490665911 -0.0359561104149475 -0.0164864638290089 0.900002374027757
1636513096.82181 14.2776263711638 7.36279048118685 0.685466142188606 0.374599990591415 -0.0380339540339423 -0.0157581806201355 0.926272068634804
1636513097.15671 13.9179037457215 6.96590672129578 0.656879915321211 0.326297600925661 -0.0387872938744958 -0.0154603236902993 0.944344428614604
1636513097.49173 13.5977527903002 6.5335889440275 0.63394393854232 0.2789820100687 -0.0386939149434131 -0.0149093983375128 0.959400609154275
1636513097.82648 13.3213211705552 6.05888366449631 0.61554542084266 0.234298368356097 -0.0364301995406602 -0.0148821134491524 0.971367920947766
1636513098.16135 13.0728615251405 5.55599320563985 0.594675366908744 0.192026776070772 -0.0358836891678856 -0.014445256572629 0.98062705076197
1636513098.56334 12.8350349360231 4.92684813288517 0.572365695798139 0.144548907066734 -0.037377773109435 -0.0139744741351426 0.98869268714593
1636513098.89812 12.6747110073369 4.39472562224174 0.57270414879944 0.107573682350073 -0.037880344857923 -0.0132337051970157 0.993387060206568
1636513099.23349 12.5578910875251 3.85854932721314 0.568497081104413 0.0760479351500383 -0.0369600306212109 -0.0115049249626002 0.996352500070883
1636513099.56826 12.4678212279688 3.30708693274871 0.558671486028305 0.0498329625606998 -0.0355529963941385 -0.00911677341173343 0.998082934796694
1636513099.90314 12.389475962988 2.7235396670524 0.538690045967412 0.0336412984212779 -0.0333264188250567 -0.00864245698340751 0.998840788507416
1636513100.23792 12.3084192747154 2.13178322476923 0.533127910597646 0.0223500876360031 -0.0372853962032149 -0.0101739308986367 0.999002884852042
1636513100.57295 12.244689016329 1.52614508041115 0.520298593798022 0.0166918202377267 -0.0340528893921817 -0.0115104031906777 0.99921433860788
1636513100.97498 12.1670643344135 0.802108563043601 0.515809035987532 0.0169065524832491 -0.0360493424338061 -0.0129232810804891 0.999123416900703
1636513101.37675 12.0870447464828 0.0613626257106445 0.505969798443883 0.0231374003802274 -0.0346239355746594 -0.0151496104625288 0.999017684073611
1636513101.71167 12.0167467420164 -0.547284386426585 0.486830005504589 0.0332828697567918 -0.0327880398736242 -0.0139254742628147 0.998810931151914
1636513102.11355 11.9046469800129 -1.28101608336524 0.472594321931707 0.0499867729074115 -0.0333335772495162 -0.0142938469074626 0.998091118637291
1636513102.51546 11.7593229416977 -2.01680538675189 0.452044135317334 0.0724249318479249 -0.0330964873158364 -0.0144302450402433 0.996720131131229
1636513102.85055 11.616633230154 -2.60867655217152 0.434164893547886 0.0939868923340419 -0.0325296530421863 -0.0134095540464526 0.994951491080153
1636513103.25249 11.413983295356 -3.32044836094426 0.415356991035515 0.121582591870284 -0.0317275583212473 -0.0139225297459206 0.99197641028532
1636513103.78813 11.0745167203803 -4.24983724977134 0.388557026391211 0.157574940762784 -0.0331311367513471 -0.0130386614379474 0.986864964992209
1636513104.12313 10.8351367637867 -4.81765864148049 0.367947565322281 0.17946126503981 -0.0326263081322724 -0.0134756218077714 0.983131520186827
1636513104.52522 10.5035719943157 -5.48109475746291 0.348086663856001 0.206949797942192 -0.032204339898089 -0.0129353310256226 0.977735822620135
1636513104.92693 10.125013648412 -6.11397607189018 0.326821967939729 0.236731586733486 -0.031965258484407 -0.0130909445186798 0.970960867009727
1636513105.26189 9.77799637292748 -6.60677139574763 0.304410171625515 0.267607689730399 -0.0301900211955128 -0.0138188094452738 0.962955724591161
1636513105.59692 9.39987816527368 -7.06098070824447 0.287118680673533 0.305509838376333 -0.0311176401865602 -0.0140936811987441 0.951575955599318
1636513105.99937 8.92040076150798 -7.56231606939204 0.270466710593912 0.355073569045643 -0.0317830684489919 -0.0153701214233175 0.934171481309823
1636513106.46783 8.32083171268313 -8.07687290491336 0.25042456550338 0.41500510819296 -0.030679012139338 -0.0165024007792678 0.909151928533633
1636513106.80252 7.83857933611823 -8.38489373442449 0.230753322289718 0.458400967447323 -0.0324982737046985 -0.017263026738107 0.887983334954779
1636513107.13752 7.34080691109771 -8.63295129169902 0.207294818600012 0.503293184540884 -0.0313405415884322 -0.0184302373004427 0.86335048919931
1636513107.4725 6.83155923043093 -8.81701550140377 0.183328276382041 0.550866883960502 -0.0305060335512064 -0.0189021032071981 0.833821185007292
1636513107.80729 6.30310895111098 -8.95466394196752 0.163143469017081 0.597649553939654 -0.0292666340292217 -0.0207045733262074 0.800955551483172
1636513108.20947 5.66305163440857 -9.03073400529173 0.13068288594927 0.65087377094976 -0.0281204220936732 -0.0186222190811597 0.758436410721035
1636513108.67836 4.95808227712197 -9.01815431515644 0.0865573757981319 0.710462555773442 -0.0236426882735299 -0.0160081685261994 0.703155543728062
1636513109.21399 4.18805373258283 -8.87462369212915 0.0462987609390694 0.771743865021911 -0.0183754609371163 -0.0133232229712632 0.635528316415601
1636513109.54897 3.71774989985594 -8.71026044600668 0.025998476284605 0.806350159613368 -0.0175720080131738 -0.0123563509560988 0.591048191958094
1636513109.88388 3.26361915191099 -8.49155415959821 0.0100827198577193 0.838074301771002 -0.0157764149386176 -0.010040711992893 0.545235502829198
1636513110.28792 2.725775217943 -8.17697281918741 -0.00520418830789376 0.871677426478926 -0.0142247666116802 -0.0135811757045055 0.489685278366016
1636513110.62167 2.32418810212841 -7.84091099213071 -0.017344199283248 0.895973986577154 -0.0142078010114931 -0.0117617970886244 0.443723352886351
1636513110.95576 1.9440972679205 -7.46467496778772 -0.0141236878065073 0.916340726145931 -0.0147947600369483 -0.0110717404825435 0.399972755627786
1636513111.42472 1.46844659666802 -6.88320043883369 -0.0277471986605747 0.939790550459839 -0.0141720869409946 -0.0121714305715873 0.341239988125617
1636513111.82648 1.10408848698665 -6.31911103790161 -0.0324325926784636 0.955534645568722 -0.0141555122980333 -0.0112535768023017 0.294323834574421
1636513112.22847 0.798046589996898 -5.72457612946736 -0.0379766637475501 0.968044670887615 -0.011486535805719 -0.0102097400792385 0.250306483872845
1636513112.56717 0.579259224416052 -5.20657514196277 -0.0429049236261131 0.976416863173354 -0.0103982456695172 -0.0079616558479683 0.215496166633802
1636513112.8984 0.381593571964515 -4.68507976750613 -0.0488265634911348 0.983084750342492 -0.0076970537287144 -0.0118756026836325 0.182603666635797
1636513113.30012 0.207155002273853 -4.0222644427785 -0.0481985409338256 0.988931657944637 -0.00493345220656475 -0.0063434691343621 0.148153965061818
1636513113.63511 0.0821498320138186 -3.47177886179789 -0.0532602566407764 0.992033400460681 -0.00172906424049859 -0.00620455992905524 0.125810357854019
1636513114.03711 -0.0408727756943356 -2.78754287990597 -0.0503441200800779 0.994596491805954 -0.000850030858998955 -0.0059893901188145 0.103639872350524
1636513114.37194 -0.125381908148743 -2.20709706221183 -0.041509100962168 0.996238400779512 -0.000260431779798826 -0.00796639602616453 0.086287412302851
1636513114.70704 -0.168265411157888 -1.62908297059109 -0.0307560194372515 0.997652150703292 0.000172952194408039 -0.0054909363818231 0.0682642358946828
1636513115.04192 -0.203131753793411 -1.04276825437696 -0.0194354411343099 0.998747147817633 -0.000763065530441073 -0.00289056229855996 0.0499519479774061
1636513115.44396 -0.236621535343999 -0.337457141946459 -0.00636462486025924 0.999444590146026 -0.000503961367983058 -0.00356481950246016 0.0331292818017064
1636513115.84572 -0.240359587939757 0.358699460728062 -0.00101508248878701 0.999760241557293 -0.000510567020660446 -0.00134910088683101 0.0218489965311302
1636513116.18066 -0.234027856906635 0.895780086542051 0.016473960840228 0.99987526275226 -0.00176450873215402 -0.00115062909230601 0.0156531625470784
1636513116.64953 -0.215323343017816 1.54096910122497 0.0280909618185545 0.999956120968312 -0.000888049256425311 0.000559171832766574 0.00930885779170623
1636513116.98434 -0.206075267442147 1.90944333773212 0.0307919416765622 0.999979361019949 -0.0010984460059063 -0.000503787863900296 0.00631008306559775
1636513117.31956 -0.200809872330853 2.17937729188864 0.0387018064156371 0.999982927644494 -0.00186348825137334 -0.00118585638315825 0.00540976669752705
1636513117.72122 -0.194165774408376 2.34596079892731 0.0431013718569087 0.999981169177197 -0.00227775956701508 -0.00142818527913567 0.00551664655101869
1636513118.19028 -0.19342898109985 2.35591281500079 0.0467947080769104 0.999981461350132 -0.00111894795170806 -0.00172391778587314 0.00573175531605282
1636513118.52511 -0.192968357289362 2.35649196037588 0.0439459832062143 0.999981496482711 -0.00100541033055661 -0.00181015947891803 0.00572006686381607
