1636513053.01285 -0.000765740550656167 -0.0012266876593523 0.000116154021775394 0.999999999688536 -1.04888186952694e-05 1.520438418913e-05 -1.67850647096747e-05
1636513053.48189 3.15192519383251e-05 -0.000935683056133452 -0.000489503891732405 0.999999993402125 -1.38691854047976e-05 6.35430304428195e-05 9.46872665078415e-05
1636513053.88366 -0.0024891915086005 -0.000965892248176003 -0.00127835568626661 0.999999780008564 0.000496546430110803 -0.000438388990682291 3.52073669912584e-05
1636513054.28559 -0.000899948051015599 0.0411139937867647 -0.0046708905793036 0.999998152593704 0.0018456069069032 -0.000525601972286524 -0.000110846249400082
1636513054.62064 0.00117199553397081 0.144852470212386 -0.00382706358213513 0.999998205718044 0.00171798453757631 -0.000765697484618929 -0.000225382303746399
1636513054.95531 0.00910480300525983 0.301164123370179 0.00346423075759505 0.999999299596278 0.00102059879362325 -0.000597040756223786 -5.22244420258932e-05
1636513055.29214 0.0201195073866842 0.502613032773627 0.00726581977335274 0.999999024206765 0.000915710815430856 -0.000931121681704562 0.000496056079126592
1636513055.69227 0.0381668774091915 0.805971212401787 0.0166909494755559 0.999999015554587 0.000393130580636158 -0.000589249327245253 0.00121124870868194
1636513056.09415 0.064376542110658 1.16233400891172 0.0261983081709362 0.999998576543075 0.000328389202264995 0.000325727320834459 0.0016226441595689
1636513056.42916 0.0932268882136181 1.49886180533446 0.0285417233233201 0.999998616099921 0.00137299669025611 0.000578637970161216 0.000740173243771762
1636513056.83111 0.127897567157858 1.96232061088825 0.0365273657787562 0.999991647881056 0.0010702710549748 -0.0014193142150724 -0.00368024933369911
1636513057.23291 0.176583003225094 2.47127542897428 0.0498638178031218 0.999901490810382 0.000688877440017008 -0.00174571366068583 -0.0139099463285128
1636513057.56797 0.232615135454712 2.93166534166545 0.0566458661562028 0.99966852613375 0.00129149486277717 -0.00077455289984051 -0.0257015557194501
1636513057.96988 0.322135600584974 3.51666935506109 0.0660928250037388 0.998914891211575 0.00123260249960505 -0.00212195941688136 -0.0465082583535178
1636513058.43874 0.465462509459794 4.2303051757472 0.0884215596677622 0.997032794544035 0.00122721840160677 -0.000189567801650866 -0.0769679452938366
1636513058.77381 0.599458916873311 4.75150406635291 0.105406536374221 0.994467808400015 0.00141444671883082 -0.00280231046914019 -0.104994878220727
1636513059.30974 0.881965119159546 5.58169651573697 0.139895769592775 0.987568972632795 0.00309056320994518 -0.00397835629456353 -0.157105523115021
1636513059.71139 1.16358967429246 6.16921748554856 0.165637700014034 0.97966650726773 0.00445061767647206 -0.00395916458166241 -0.20054438799418
1636513060.04644 1.43560014142789 6.62366418688705 0.187073506669832 0.970555284462326 0.00676352740611947 -0.00320720995580626 -0.240762140511292
1636513060.44848 1.79095193211087 7.11710572178321 0.212906136013403 0.956315781687055 0.00833036768124796 -0.00540761563329421 -0.292166884440614
1636513060.78345 2.13202983247549 7.49512947354847 0.234057055645729 0.94106647080861 0.0112419776954405 -0.00333493865539838 -0.338018333291981
1636513061.11821 2.5038805322516 7.85884009625594 0.255880069552954 0.924432558203327 0.0126308838855567 -0.00264513851174517 -0.381127156403445
1636513061.45301 2.91599835523818 8.17177241150666 0.28038171866142 0.905250482185586 0.0125738580641108 -0.0019732672219279 -0.424687613208366
1636513061.855 3.4574952525398 8.49850488468817 0.307287384233713 0.878399848129991 0.0133263496479479 7.77019398022537e-05 -0.47774062960217
1636513062.18975 3.95313629104738 8.72411189135832 0.33268562603086 0.852246985324727 0.0132711450623536 0.00124208146887433 -0.522969798312745
1636513062.52652 4.44183712458466 8.89840458424362 0.35218226939183 0.822364449991974 0.0138103837698691 0.00167638355931916 -0.568790976042771
1636513062.85978 4.93543150042313 8.9900085970936 0.375814559938125 0.789111868517644 0.0170339521622854 0.00378458409617431 -0.61400161267015
1636513063.19492 5.42141922842661 9.05056667185686 0.398867622651425 0.752081723922825 0.0185153620611664 0.00287649748037063 -0.65880345147188
1636513063.52987 5.91674082321301 9.0504039558374 0.416235383299706 0.71315938250154 0.0218709035483505 0.00344130392356594 -0.700652207700302
1636513063.93158 6.50647565349298 8.97471759373135 0.431484173068347 0.665087798382812 0.0258016867021939 0.00407047786343337 -0.746308196803164
1636513064.3335 7.09325040966961 8.83193059871244 0.472701627828334 0.614014137012995 0.0268691474940947 0.00599777034657467 -0.788814753419329
1636513064.66844 7.57894566766879 8.64812974506114 0.480151426722209 0.5695376282435 0.02872482759898 0.00613307305215371 -0.821440295888335
1636513065.00338 8.0580147368989 8.38734305861453 0.490593005319576 0.526152506038333 0.0306009480126347 0.00935108181028394 -0.849788020414084
1636513065.33846 8.49340281163416 8.07814465639573 0.506171312212901 0.481709417663253 0.0310591843902475 0.0126085079845384 -0.875689665078871
1636513065.67322 8.89860765333118 7.75495153671005 0.519962477506098 0.434894014675367 0.0311445287192833 0.0138038203443082 -0.8998370235072
1636513066.00834 9.29404120145014 7.37402401812821 0.539211280244873 0.389689399785404 0.0314673495687678 0.015548670571117 -0.92027724977285
1636513066.40986 9.71460269172496 6.85613353887635 0.548713257336461 0.339528250682687 0.0318250272751185 0.0153924195508525 -0.939931278364362
1636513066.81213 10.1794943212846 6.32095845200668 0.516280478974239 0.290959219835725 0.0339474755916037 0.0121368077033288 -0.956055960282826
1636513067.21405 10.521875048069 5.75027405255139 0.512799083250086 0.249003539016546 0.0337273597604847 0.00961268509950007 -0.967867397449671
1636513067.68298 10.8611061397636 5.02679720971578 0.518433254097342 0.208704448392646 0.0343183326764702 0.0103785128449246 -0.977321334942892
1636513068.01784 11.0704300402233 4.48470886885677 0.52780656779515 0.184801643687826 0.0345033652476235 0.0104628335238482 -0.982114249663204
1636513068.41978 11.2707482172714 3.82212861153503 0.549950773176431 0.163637790071467 0.0368758155887712 0.0109709274709623 -0.985769996822593
1636513068.88868 11.4823958809626 3.05404801229542 0.550046052518296 0.141148512152327 0.0358860880702382 0.00863450937009186 -0.98930012202978
1636513069.22359 11.595590563824 2.47778717597166 0.54711678527916 0.12904976377698 0.0388084363267762 0.00794265883387897 -0.990846596557522
1636513069.55837 11.7254732465978 1.89209345071109 0.548885034100304 0.118723065914724 0.036351185882457 0.00897074726872458 -0.992221220594575
1636513070.02718 11.8653506917392 1.0569696831973 0.560101883569767 0.108845732741297 0.0371241752914321 0.0115709260406446 -0.993297798116709
1636513070.4963 11.9848756794931 0.212994746007887 0.561666735639086 0.0991223073398204 0.0390663109310115 0.0129007449980304 -0.994224402394333
1636513070.83131 12.0643136676668 -0.404671055715181 0.555504921662235 0.0912258030531719 0.0380518006112132 0.0141990996142668 -0.995001657736153
1636513071.3002 12.165697583998 -1.27439325734201 0.550156112081673 0.0815982392618978 0.0388451712022952 0.0138451317594196 -0.995811775563127
1636513071.70207 12.2426921675177 -2.02841842967637 0.547117062407541 0.0759974590141565 0.0385677932571998 0.0135097190359376 -0.996270243979128
1636513072.03709 12.3067070639349 -2.65708210681633 0.542809801355167 0.0711859607210903 0.0372576382811891 0.0139095196044454 -0.996669931647532
1636513072.37185 12.3549660954911 -3.28613536102777 0.531499572173672 0.0676325035601544 0.0383731477851999 0.0121705768656641 -0.996897799701653
1636513072.70826 12.4127868613892 -3.91472818322505 0.530948275308472 0.0663127573795657 0.0378869696456116 0.0134826657677139 -0.996988171175359
1636513073.10876 12.4755250065791 -4.66033011244912 0.51875555993829 0.068261246202175 0.0394949718574513 0.0130353450298623 -0.996800195247201
1636513073.44362 12.5449790804028 -5.27855002352467 0.51821856329936 0.0756643768886455 0.0382423751097068 0.0131463436829326 -0.996313001252012
1636513073.8456 12.6376057805583 -6.02275989794913 0.508856468818649 0.0907513736974465 0.0392240720269802 0.0139117288672073 -0.99500357996621
1636513074.38143 12.8041550668064 -6.99448491169389 0.503314011577326 0.119570424172292 0.0402202145488965 0.0141094216286418 -0.991910365016015
1636513074.71627 12.9396398997899 -7.58925706258735 0.501644141053661 0.143291411567141 0.040353434795141 0.014452063571422 -0.988751894829971
1636513075.05144 13.110450318639 -8.17885873838564 0.500684482579829 0.172174926567922 0.0408199085979808 0.0143735474428762 -0.984115303639411
1636513075.45314 13.3672739702339 -8.85614504127631 0.500572606739427 0.214072235473227 0.0398945117879582 0.0137431208036099 -0.975906057240794
1636513075.8551 13.6927189758958 -9.49610941877684 0.505621554650952 0.261373380863187 0.0405721317885134 0.0136040139320598 -0.964288747576793
1636513076.19004 14.0054832668807 -9.98093017753659 0.514517889951926 0.307254667977875 0.0402751713441549 0.0134423649060458 -0.950679642363681
1636513076.5917 14.4428299933034 -10.483643678932 0.530257606578169 0.366191698724267 0.0394589576015724 0.0123073188978044 -0.929620976716845
1636513076.99389 14.9161125976452 -10.9453729127517 0.536237798234515 0.428580040954588 0.0400546942649478 0.0119811378271692 -0.902535995015751
1636513077.32879 15.3447882485225 -11.269538684439 0.558242671827992 0.480119008080899 0.0386612037319621 0.0121667491817416 -0.876266523165046
1636513077.73067 15.8912163776259 -11.560269601361 0.581670416140216 0.541389167162881 0.036314551544667 0.0106984418982413 -0.839919380872796
1636513078.06581 16.3598749767931 -11.7441777068068 0.60025792569785 0.590743635618368 0.036622816552807 0.00953531842768902 -0.805971341913976
1636513078.5346 17.0222882284877 -11.9018786062707 0.623105243558927 0.655386016870421 0.0352253212264204 0.00914854443246236 -0.75441676132625
1636513079.00328 17.7208440133428 -11.9516157584896 0.647966592283597 0.716470491061095 0.0319770115298915 0.00858026625618189 -0.696831317610843
1636513079.33835 18.2082499712765 -11.9202491172574 0.67578187161369 0.756932364750446 0.0281113436357922 0.00743309539416473 -0.652845997648105
1636513079.67321 18.6966413111287 -11.8249384409493 0.704246717889449 0.79373481935317 0.0251749764020223 0.00649072930454172 -0.607708094024297
1636513080.07544 19.2760301828294 -11.6375338219159 0.73004024598193 0.833629317066149 0.0228728293171847 0.00517681729060908 -0.55182623711599
1636513080.47708 19.8110073212301 -11.3744183563422 0.760323449321439 0.86986166798831 0.0188427726734998 0.00301938281959415 -0.492926477083509
1636513080.87908 20.3336220794479 -11.0485578774039 0.783551055470695 0.900819009012738 0.0163079599143508 0.00260120136430598 -0.43388062551375
1636513081.28101 20.8080149906124 -10.6459724941004 0.813256817826232 0.92608745042564 0.0130785411962078 0.0019797090321256 -0.377077003643109
1636513081.68306 21.2453050824928 -10.177355490158 0.840610206579401 0.94611165787926 0.0103798864875027 -0.00045637142468257 -0.323673879864575
1636513082.08476 21.6412533171196 -9.66255012706704 0.872636267997248 0.961952860560223 0.00897290469174789 -0.000641103078320342 -0.273067336069767
1636513082.55362 22.0315301387393 -9.01181766556789 0.890309531500642 0.976425210858738 0.00746046861912867 -0.000708341470818982 -0.215725861360694
1636513082.88873 22.2705231631489 -8.50884336545975 0.900697572160039 0.98415258607868 0.00607886893090013 -0.00130926616533528 -0.177214617030527
1636513083.22337 22.4556026148159 -7.984122195921 0.917634184968355 0.990074904562073 0.0044889659611603 -0.00236551161000733 -0.140449054449735
1636513083.6256 22.6410974469084 -7.33685313665176 0.934637421132268 0.995053179738936 0.00302345176000396 -0.00394108999814959 -0.0992194337844816
1636513084.02758 22.7995236855364 -6.65952283123383 0.945588349139815 0.997954093787682 0.0020355501849905 -0.00531409929095564 -0.0636807944091194
1636513084.36368 22.9491191983729 -6.03921196842291 0.941096700206679 0.999132838595878 0.00137579407105028 -0.00658472847144503 -0.0410891637901587
1636513084.7642 23.0490818534541 -5.31777867088225 0.956645243432639 0.999770633206265 -0.000187506829363735 -0.00568951578110935 -0.020646433825463
1636513085.16621 23.1247219306325 -4.58161991791345 0.964689242479049 0.999963704730721 -0.00201295066344193 -0.00612457967119044 -0.00557016828204777
1636513085.50111 23.1619284307081 -3.97699200611603 0.98038010319017 0.999974011050278 -0.00277401114092893 -0.00623624125851923 0.00232193479102682
1636513085.90298 23.1853792478186 -3.25607278607752 0.991979812884403 0.999903440670902 -0.00226359632780387 -0.00697141079370804 0.0118061381366338
1636513086.305 23.2002503330337 -2.53640063774102 0.997529837195775 0.999746641779213 -0.00166508812747568 -0.00527710665900292 0.0218181547804473
1636513086.63988 23.2045474607464 -1.92630495782062 1.00289296118941 0.99950533834951 -0.00152790165364452 -0.00444957973175489 0.0310957451684042
1636513086.97487 23.1779128193112 -1.31599923269678 1.01468570762158 0.999131468135311 -0.00191019852565494 -0.00711438791776345 0.0410127542104483
1636513087.44357 23.1355126786789 -0.463121925202717 1.02074656804 0.998412628856367 -0.0035736189444734 -0.00522513640851371 0.0559656120959148
1636513087.84575 23.0826471248902 0.270294782026561 1.03361944849067 0.997662195522285 -0.00399797227657432 -0.00587429346005167 0.0679680257155844
1636513088.24759 23.0088296720042 1.00406929658888 1.03428584586152 0.996820674263652 -0.00393241062059055 -0.00671927000945117 0.0792964748132536
1636513088.8505 22.8729974746293 2.09498920568271 1.04030202230268 0.995264617308114 -0.00378314330034398 -0.0052259178259561 0.0969882422986336
1636513089.31919 22.7287346894429 2.93532691253582 1.04689523729806 0.993629273034129 -0.00427701000856423 -0.00615112470572835 0.112448826672
1636513089.65438 22.6042878929247 3.52795076202927 1.05748381801479 0.991932036184299 -0.00515753156691852 -0.00514941718860035 0.126561127373398
1636513090.19017 22.3619281319301 4.45626877309098 1.06188736910644 0.98719798556086 -0.0081458612069333 -0.00455837895912559 0.159226264890696
1636513090.59198 22.120664641723 5.13400247705607 1.05786189914739 0.981481345220421 -0.0107392350124827 -0.00611902019963539 0.191158560905487
1636513091.06086 21.7747717382754 5.88192604370996 1.05612069900783 0.971136587650565 -0.0127055845202765 -0.00698722970005669 0.238082915954786
1636513091.39583 21.496514235486 6.394012603852 1.05665215227589 0.960055297438173 -0.0151645789051409 -0.00694876154963073 0.279312685212216
1636513091.73079 21.1590231632799 6.86361796709273 1.04028646861961 0.946142060888497 -0.0164892534900339 -0.0094520646035605 0.323193384232628
1636513092.19953 20.6514881872995 7.4526137900968 1.03485208271967 0.919569257120313 -0.0208965731395757 -0.00749618970467091 0.392300295348002
1636513092.53472 20.2502803293324 7.79383223589711 1.02024275717432 0.895579640985104 -0.0222802789178905 -0.00778883664855092 0.444274723395329
1636513092.86948 19.8299478298299 8.0865610270895 1.01095185476199 0.868948303854579 -0.0250886602186174 -0.00913208726443177 0.494182162101061
1636513093.27141 19.2950221453587 8.3639858739208 0.984307030182958 0.835205924857556 -0.0257259203250759 -0.00965854421121421 0.549250355147798
1636513093.61052 18.8246519044589 8.53196752031019 0.971393640144821 0.803748769789694 -0.0270821354466315 -0.0111674704395461 0.594247221790044
1636513093.94121 18.3437084003805 8.65796382895465 0.954766120038392 0.769075422637509 -0.0286990598292993 -0.0111349510923495 0.63841629923117
1636513094.34316 17.7478713585313 8.74933757444244 0.92070610749906 0.723318804455413 -0.0302179449662557 -0.0114511885549452 0.689757677161978
1636513094.67803 17.2385953114723 8.73810172904065 0.89827078011308 0.682437431504716 -0.0315219465071745 -0.0128862367063387 0.730150302248237
1636513095.01325 16.7450167678986 8.68047494934522 0.874956021460757 0.638947380055369 -0.0338884205138612 -0.0135666728470001 0.768383866217477
1636513095.41498 16.1452688472302 8.54872285718663 0.848053510452362 0.583699199931383 -0.0376915098897978 -0.0136506776818832 0.810979810525832
1636513095.74999 15.6671008074555 8.36558679759985 0.82788833580659 0.535532128633602 -0.0382996016305977 -0.0149920829103355 0.843512724958024
1636513096.08498 15.2193128326292 8.12370256180985 0.806501616494216 0.486046256674467 -0.0393292197484845 -0.0160341103956471 0.872900427397383
1636513096.41982 14.7913846598328 7.83142949630062 0.777021007648745 0.434086490665911 -0.0396113623116211 -0.0164478483206335 0.899849613481493
1636513096.82181 14.3091024215762 7.41592853732593 0.745558686162218 0.374599990591415 -0.041794018288195 -0.0157168500471711 0.926110731882982
1636513097.15671 13.9455313707312 7.0229767303969 0.715368787726461 0.326297600925661 -0.0426197845864172 -0.015418170034841 0.944179913800724
1636513097.49173 13.6215826316469 6.59407402767959 0.690947425568562 0.2789820100687 -0.0425862833108983 -0.0148676736779997 0.959236362327449
1636513097.82648 13.3420265693472 6.12183043295522 0.671269508680239 0.234298368356097 -0.0403708163182801 -0.0148441133226818 0.971212707945654
1636513098.16135 13.0897956978297 5.6213110136134 0.649221892171564 0.192026776070772 -0.0398609820506001 -0.0144082763039379 0.980473977704547
1636513098.56334 12.8465994575433 4.9945527675538 0.625747301739347 0.144548907066734 -0.041386856742732 -0.0139353373484774 0.988533534043107
1636513098.89812 12.6821235620244 4.46406876546054 0.625228742308076 0.107573682350073 -0.0419072134333273 -0.0131938810827657 0.99322586043149
1636513099.23349 12.5621618123067 3.92948845297497 0.620284515938073 0.0760479351500383 -0.0409961968966917 -0.0114665812720055 0.996195031564279
1636513099.56826 12.4695615441394 3.3796400248276 0.609796649578467 0.0498329625606999 -0.039592464535218 -0.00908063990079562 0.997931187293715
1636513099.90314 12.3898408692796 2.79675818175519 0.589419322233541 0.0336412984212778 -0.0373682314441186 -0.00860977968973609 0.998698027440209
1636513100.23792 12.3052542821139 2.20487360454449 0.583560329272439 0.0223500876360031 -0.041330192577052 -0.0101351359150304 0.998844115858021
1636513100.57295 12.241438734265 1.5990507697729 0.570608467775058 0.0166918202377267 -0.0381006343144461 -0.0114766066987465 0.999068572371622
1636513100.97498 12.1619437703703 0.874893307540851 0.565884903915156 0.0169065524832491 -0.0400988855956427 -0.0128863955067871 0.998969563434223
1636513101.37675 12.0819734122855 0.133656641124379 0.555941506137691 0.0231374003802274 -0.0386765063402169 -0.0151149233158045 0.998869524840015
1636513101.71167 12.0125272995339 -0.47419773350427 0.536464243791634 0.0332828697567918 -0.0368379019471339 -0.0138936222028974 0.998670209239751
1636513102.11355 11.9006854665721 -1.20771821877984 0.521845444029652 0.0499867729074115 -0.0373811002285864 -0.0142611376573442 0.997948192960297
1636513102.51546 11.756480978755 -1.94329539944307 0.500787081782053 0.0724249318479249 -0.0371386935098678 -0.0143978762070547 0.996578169463856
1636513102.85055 11.6152044598275 -2.53464749624896 0.482312237381774 0.0939868923340419 -0.036563153346873 -0.0133780291577124 0.994811855690601
1636513103.25249 11.4143556968004 -3.24662453469127 0.46280873018049 0.121582591870284 -0.0357498590914903 -0.0138921878257173 0.991840021397835
1636513103.78813 11.0763230124776 -4.17561793179368 0.434665150718762 0.157574940762784 -0.0371314416973274 -0.0130060548101205 0.986722978661873
1636513104.12313 10.8382880937408 -4.7437330619642 0.413187310902336 0.179461265039809 -0.0366122344721884 -0.013443724485158 0.982991589439723
1636513104.52522 10.5084303511292 -5.40719467087879 0.392017120546622 0.206949797942192 -0.0361676719247383 -0.0129039847522374 0.977597651294613
1636513104.92693 10.1316471233568 -6.04054978208683 0.369316055018713 0.236731586733486 -0.0359015068483705 -0.0130598397791866 0.970823711202814
1636513105.26189 9.78715090842139 -6.53453824257269 0.345623280068637 0.267607689730399 -0.0340951227494765 -0.013790296602905 0.962825775891703
1636513105.59692 9.41100420368315 -6.99001049494183 0.326935357502072 0.305509838376333 -0.0349772582578086 -0.0140635196552549 0.951442351104333
1636513105.99937 8.93404760612619 -7.49381762212212 0.308575019280555 0.355073569045643 -0.0355744530982502 -0.0153386015717298 0.934035302413015
1636513106.46783 8.33797128124299 -8.01203635693811 0.286299076724311 0.415005108192961 -0.0343712420945556 -0.0164721140251255 0.909020377851987
1636513106.80252 7.8570630826997 -8.32254271170248 0.264874721707173 0.458400967447324 -0.0361062799296228 -0.0172295279451286 0.887844599555457
1636513107.13752 7.36145517997998 -8.57419444392292 0.239532787010005 0.503293184540884 -0.0348510073663778 -0.0183980618181313 0.863216594489228
1636513107.4725 6.85414125443483 -8.76214221161548 0.21358722316576 0.550866883960502 -0.0338981316349918 -0.0188706599327391 0.833690884573537
1636513107.80729 6.32692450902379 -8.90447313656423 0.191373884082755 0.597649553939654 -0.0325289677420965 -0.0206744235274053 0.800830472163226
1636513108.20947 5.68864151638218 -8.98486257553848 0.15622449000701 0.65087377094976 -0.0312080497378238 -0.0185930412703531 0.758316352677113
1636513108.67836 4.98582573137317 -8.97860882387251 0.10893262904891 0.710462555773442 -0.0265033455091516 -0.0159848717421633 0.703054061503152
1636513109.21399 4.21680403433559 -8.84257294012559 0.0651335339618247 0.771743865021911 -0.0209592472298106 -0.0133067946281512 0.635448696570641
1636513109.54897 3.74557522612402 -8.68219765947102 0.0428379831008398 0.806350159613368 -0.0199748994937971 -0.0123403265156684 0.590972198858115
1636513109.88388 3.29075167830756 -8.46731599145824 0.0248705885077326 0.838074301771002 -0.0179909615315187 -0.010026601361905 0.545167182870859
1636513110.28792 2.74922723044191 -8.15801091974269 0.00735992913382935 0.871677426478926 -0.0162207408133265 -0.0135684111665074 0.489623579857997
1636513110.62167 2.34572666730962 -7.82451779911881 -0.00647527547115795 0.895973986577154 -0.0160155787633384 -0.011748193940202 0.443662142348274
1636513110.95576 1.96314672746938 -7.4503505067981 -0.00478908817878068 0.916340726145931 -0.0164250003278614 -0.0110564056740299 0.399909550853877
1636513111.42472 1.48350414432836 -6.87196165929013 -0.0204168515824317 0.939790550459839 -0.0155671373752537 -0.0121559489317054 0.341179745011194
1636513111.82648 1.1164894833398 -6.30947056361512 -0.0266224835365662 0.955534645568722 -0.0153599107542816 -0.0112372368706505 0.294264062989332
1636513112.22847 0.808277381353515 -5.71717334860827 -0.0336728943443462 0.968044670887615 -0.0125118044756063 -0.0101966961885884 0.250257861618152
1636513112.56717 0.588189014786096 -5.20023839070974 -0.0396056643223786 0.976416863173354 -0.0112796446907009 -0.00794964003634414 0.215452273484529
1636513112.8984 0.387013706621181 -4.68072963770074 -0.0466121522309319 0.983084750342492 -0.00845185692116393 -0.0118671366363557 0.182570837831998
1636513113.30012 0.212763567032573 -4.01916950982185 -0.0469340282859336 0.988931657944637 -0.00554078042978602 -0.00633863122027397 0.14813270206593
1636513113.63511 0.0867450428550474 -3.47023416981835 -0.0528107335709137 0.992033400460681 -0.00224608602337751 -0.00620425334043472 0.125802204704371
1636513114.03711 -0.0372284366749807 -2.78658138861206 -0.0504801508435195 0.994596491805954 -0.00127730492538908 -0.00599002418979111 0.103635450448303
1636513114.37194 -0.123321179700326 -2.20659961331435 -0.0420754473176543 0.996238400779512 -0.000620776646880684 -0.00796761167909401 0.0862854600310253
1636513114.70704 -0.166104669277565 -1.62884005084018 -0.0315133957480172 0.997652150703292 -0.000110875471251315 -0.00549248484045236 0.0682642403751991
1636513115.04192 -0.200870389935619 -1.04221186632624 -0.0202125896689369 0.998747147817633 -0.000969004051189121 -0.00289032173789852 0.0499483913408961
1636513115.44396 -0.235222905142214 -0.337150052035779 -0.00731180270419364 0.999444590146026 -0.000643091111881204 -0.00356466126730509 0.0331268901606174
1636513115.84572 -0.238112981094236 0.358842993444218 -0.00193551716660592 0.999760241557293 -0.000600773948438806 -0.00134872230264275 0.0218467256154327
1636513116.18066 -0.231556435938052 0.896253678627121 0.015705408802729 0.99987526275226 -0.00182940668709751 -0.00114819580188834 0.0156458893538493
1636513116.64953 -0.211830957436386 1.54085859994848 0.0273468686857496 0.999956120968312 -0.000924723517185384 0.000560368118189015 0.00930521423694739
1636513116.98434 -0.202749450320172 1.90927662668773 0.0300963801532347 0.999979361019949 -0.00112466571471792 -0.000502208556002528 0.00630558861097552
1636513117.31956 -0.197465575693277 2.17940344229621 0.0380929676991062 0.999982927644494 -0.00188712358059909 -0.00118307684293449 0.00540217672067616
1636513117.72122 -0.19067329134599 2.34606880889281 0.042557256117015 0.999981169177197 -0.00230219664269849 -0.00142476717590305 0.00550737869756131
1636513118.19028 -0.190032459446968 2.35554346882541 0.0461362753508563 0.999981461350132 -0.00114472051849138 -0.00172229442369521 0.00572715225106111
1636513118.52511 -0.189595364990838 2.35607584729347 0.0432783107449951 0.999981496482711 -0.00103127009762629 -0.00180871127476232 0.00571591967304675
