1636513052.78173 -0.00120748092132967 -0.00200122941919969 -0.00050054386462197 2.89196826881431 -0.000116700650271595 0.0001192413458651 -4.86697829450371e-05
1636513053.28198 -8.24851098245335e-05 0.000486652539765297 -0.000993282330170153 2.89196826648095 -4.18509911575549e-05 -0.000153724826796709 0.000135349395499898
1636513053.78225 0.000219369974795101 0.000916768476394249 -0.00195082006486674 2.89196802152996 0.000807221312416421 -0.000243050630330078 -0.000865911862280478
1636513054.2825 -0.00240807572481469 0.00367077558878276 0.0406487609858962 2.89196296043011 0.00537472921495008 0.000343449041437645 -0.00131448242959124
1636513054.78276 -0.00409901219393281 0.00946482279259195 0.21523908444811 2.89196438521813 0.00426393282743078 0.000641982537064564 -0.0019746899217281
1636513055.28301 -0.00119899580307749 0.0161787140494445 0.49928901989082 2.89196550434966 0.00280369406709473 -0.00143896174401712 -0.00246746335301074
1636513055.78328 0.00632338514636695 0.0257150061770955 0.887065834579769 2.89196497812215 0.00170059394426886 -0.00387993218078253 -0.00105709820175139
1636513056.28353 0.0228053108245525 0.0378287793005136 1.35677848811406 2.89196442160823 0.00268460549468986 -0.00347476122649557 0.00173237267254468
1636513056.78379 0.0505321091821022 0.0585510778000621 1.91683254628271 2.89195212272499 0.00313801251956593 0.00835628748941376 -0.00370718739613051
1636513057.28405 0.10738761681105 0.0775172240078178 2.55393088454111 2.89161353091949 0.00175365721621407 0.0447992970046379 -0.0064524036367963
1636513057.7843 0.205156024380353 0.104379338036089 3.26301990096005 2.89008686448255 0.00200293663993774 0.103733160284196 -0.0106692775196598
1636513058.28456 0.361478752192984 0.12054422616543 4.0156959852566 2.88557514050339 3.48151412624289e-05 0.192026796297858 -0.00789397463101837
1636513058.78483 0.584134494773674 0.140433290669629 4.79422440381702 2.87564732270842 -0.000794642197163644 0.305924128207522 -0.0232974195833053
1636513059.28508 0.894242995262919 0.14847608945358 5.56452791702073 2.85717055896339 0.00128908495046025 0.446047585426717 -0.033117741814982
1636513059.78534 1.30523269662029 0.153632153110029 6.2739454116567 2.82796126609239 0.00464487590081767 0.603775750407187 -0.0393553536933417
1636513060.2856 1.79193728279458 0.161346182673641 6.90546268454381 2.7837938871299 0.00990526668202709 0.781725733171919 -0.0527148537139543
1636513060.78585 2.3580213656648 0.157478269786411 7.43202475282906 2.72120530266428 0.0163625351703049 0.977230268726676 -0.0572317054973795
1636513061.2861 2.99058603062401 0.155550303583011 7.8993831471745 2.64736178251012 0.0165350311870121 1.16213788716161 -0.0641733161611523
1636513061.78637 3.70685372129871 0.152046498278624 8.25876921053577 2.55430784995579 0.0161281043484138 1.35436833280208 -0.0664696099161477
1636513062.28663 4.49301315381249 0.147087010416168 8.51973133226212 2.44056455998327 0.0125828307930702 1.5497575092263 -0.0722389199443546
1636513062.78688 5.26789794422004 0.129038192192341 8.61875443881751 2.30423897743984 0.0168910742929855 1.74585312614775 -0.0753311782167193
1636513063.28713 6.02580176517673 0.108439115894017 8.59700754163282 2.14396242565692 0.0226475601826739 1.93878479576074 -0.0866384392239569
1636513063.78785 6.77169566248037 0.0848784581027714 8.44549874425042 1.97383365230968 0.034076626386174 2.11132470428312 -0.0927792415516385
1636513064.28782 7.49320297865125 0.0487842124707061 8.18293857345705 1.79311432182145 0.0383547935175284 2.26673529795262 -0.093067318344278
1636513064.78809 8.1855261100395 0.0275085042499079 7.79720037346483 1.60121808669416 0.0446349962325819 2.405906925508 -0.0959203825189758
1636513065.28835 8.8314886210859 0.00449155807338404 7.27705892340292 1.41248364938637 0.0450342247005654 2.52163441819597 -0.0877622802027523
1636513065.7886 9.38991874320972 -0.0361852360606762 6.70273665916378 1.21231061963899 0.0440659725171051 2.62384720135326 -0.0852497129757171
1636513066.28886 9.8909854920315 -0.0726902342529325 6.02641275864469 1.02682000940802 0.044521465045737 2.70177695151989 -0.0868349566737503
1636513066.78911 10.403737072923 -0.0714087637440436 5.3192427509367 0.84893765127755 0.0498933656801819 2.76235149463948 -0.0985405216275201
1636513067.28939 10.7850443427454 -0.0942536935157937 4.57095396980399 0.700021655649616 0.0506849229942166 2.80339549632301 -0.10888025272569
1636513067.78963 11.1053687576412 -0.14026598691326 3.77516854861345 0.58091071550063 0.048162548501213 2.83060054516351 -0.106790267785043
1636513068.28989 11.3704717434191 -0.196369418016681 2.94635654494666 0.490876035617544 0.0593384424493024 2.84742864890036 -0.105594764835714
1636513068.79014 11.6038014884926 -0.24198162982536 2.1249555844392 0.420942497823769 0.0500639010777415 2.85843650102564 -0.114552551146641
1636513069.29039 11.7873706449594 -0.28080359112478 1.26346609713307 0.366057533991303 0.0610076501078543 2.86570786750908 -0.116098512342667
1636513069.79066 11.9761688364425 -0.326644777258201 0.381767192060788 0.327170215719714 0.061888422912191 2.87067343228871 -0.108830217505325
1636513070.29092 12.1420865923179 -0.373069356197144 -0.515084044000299 0.299609085844238 0.058863913988194 2.87398896845877 -0.10216331299438
1636513070.79118 12.2754950203427 -0.402594071415201 -1.43217188719369 0.267023900828081 0.0605887285367972 2.87726112864815 -0.0993787601370029
1636513071.29143 12.4086077336591 -0.441864587501065 -2.36101751098461 0.236497201928855 0.0617082874191069 2.87990303312342 -0.0994996411313229
1636513071.79168 12.5261138656209 -0.480289720552114 -3.30266632162218 0.216499276178129 0.0609440185648965 2.88142414589383 -0.101436085840566
1636513072.29196 12.6448957483119 -0.519659300400623 -4.24360621838815 0.196986433067327 0.0593710990605545 2.88280614867625 -0.102862164926115
1636513072.7922 12.7624577657675 -0.55497137659656 -5.17989843242171 0.192835616774299 0.0587220681612529 2.88313251068311 -0.101948847425404
1636513073.29245 12.8926314269643 -0.592419810738339 -6.10527441710717 0.207801386084867 0.0624752897653243 2.88206143215188 -0.100587382149746
1636513073.79272 13.074413495422 -0.622999850230128 -7.02144065756382 0.255806223372459 0.062467163687537 2.87820956485915 -0.100255814460787
1636513074.29297 13.3015509593972 -0.658956943586054 -7.92743265834748 0.330481545291134 0.0650943729854078 2.87060305152814 -0.0983020316172838
1636513074.79324 13.6021687889689 -0.699185782307911 -8.79106585645619 0.431633827485555 0.0660408175652644 2.85718361885371 -0.096504484738483
1636513075.29356 13.9885189103281 -0.733157553158757 -9.62304829098737 0.569328593755908 0.0682522884683813 2.83291507510249 -0.0963288780320004
1636513075.79376 14.4932875853427 -0.773288367171018 -10.376063764623 0.73295796204704 0.0689001719280035 2.79504516945547 -0.0960645143583911
1636513076.29401 15.0938002599892 -0.813834149856668 -11.0102030363035 0.932230068272092 0.0678149549902262 2.73513144511361 -0.0942587273144604
1636513076.79427 15.779691056664 -0.851854915484279 -11.5073634290124 1.14996969277007 0.0698953605683484 2.65096068279086 -0.0925867194229133
1636513077.29452 16.5172268672133 -0.885247844414454 -11.887214890452 1.37336763412811 0.0672480987284557 2.54266704448394 -0.087543324572411
1636513077.79478 17.2826646070888 -0.919230631096738 -12.0932192082006 1.59408491179074 0.0617764662217299 2.41061002398792 -0.086699322410063
1636513078.29506 18.0386471613464 -0.939095860289015 -12.1682901385468 1.8018553482984 0.0676863343043718 2.25963939090695 -0.0790328099822212
1636513078.796 18.7991587129536 -0.94914917736008 -12.0956715508261 1.99549807636748 0.0594438617660448 2.0909655280596 -0.0761414014421685
1636513079.29572 19.5324435553397 -0.966972026082885 -11.9050744402078 2.17449429048092 0.0494528158926095 1.90466278098118 -0.0697795704080475
1636513079.79599 20.2303180624766 -0.978638857761586 -11.5804654176832 2.33162340556473 0.0412453592192318 1.70911201421535 -0.0651746566197415
1636513080.29623 20.8638009037331 -0.978834530082071 -11.1461322423384 2.4695833044287 0.0327375083833182 1.50322278417799 -0.0623563725307735
1636513080.79656 21.4373571955468 -0.974014032783318 -10.6241687910737 2.58851864982666 0.0264961032154517 1.28817023724861 -0.0544710374045992
1636513081.29675 21.9301804743959 -0.967204262846248 -10.0086072784272 2.68082070376978 0.0187594191019014 1.08355048120525 -0.0474056025089928
1636513081.79701 22.3547797001881 -0.958487706266643 -9.31734840345311 2.75002326967798 0.0126893211498946 0.893679522572733 -0.0450378321822892
1636513082.29727 22.7098707003301 -0.944231596260877 -8.57604973737192 2.80211522824083 0.0119049702116662 0.714180703440546 -0.0378806047126364
1636513082.79752 22.9735072656671 -0.915580681494927 -7.79022172740975 2.84068711465312 0.00972979884171778 0.541290546915983 -0.029784047957372
1636513083.29778 23.1381191836683 -0.890787897526955 -6.96363796613251 2.86652383390019 0.00560536614733856 0.381738664199528 -0.0276727274188334
1636513083.79804 23.2456016700435 -0.862897451208714 -6.12195132361254 2.88199956029267 0.00485195843281202 0.238732398744985 -0.0232880397808252
1636513084.2983 23.3689116887677 -0.813082035596829 -5.20185860623956 2.88900180366595 0.00360360017368901 0.128533336349481 -0.0248046762255014
1636513084.79858 23.4135813833477 -0.78229456432343 -4.29531196323487 2.89139830872626 -0.000980923778258554 0.0542508517464013 -0.0187670243618175
1636513085.29884 23.4362739605179 -0.746105918266688 -3.37189944814783 2.89190045001367 -0.00708523427311062 0.0058215499368007 -0.0175554623260681
1636513085.79907 23.4172935792131 -0.717453764608236 -2.46664048143481 2.89173974947156 -0.00686031042525498 -0.0285189298133761 -0.0214785042419049
1636513086.29932 23.3819277970113 -0.683442343268552 -1.56972339490224 2.89124374836107 -0.00307883292883757 -0.0634776521640372 -0.0122960994496659
1636513086.79959 23.3129693802923 -0.649759108991591 -0.6589061215423 2.89008437201614 -0.00338221141678389 -0.10386515562534 -0.00966492400785343
1636513087.29984 23.2094163042816 -0.611298715235143 0.250628823717611 2.88810851552782 -0.00418048591390435 -0.148980842408002 -0.00984544075972593
1636513087.80011 23.0862667981019 -0.582120920898011 1.16446917741964 2.88545300348345 -0.00796143246715971 -0.19368722327559 -0.00795850842428763
1636513088.30036 22.9317318203401 -0.541522787164854 2.07098700542964 2.882447940731 -0.0068653203298068 -0.234219711112539 -0.00826809009825569
1636513088.80061 22.7594167259758 -0.506228114514295 2.97053220772113 2.87871543337443 -0.00559837178947483 -0.276485535949645 -0.00153568582159445
1636513089.30086 22.5450632268321 -0.470317456840657 3.85922846212882 2.87375692627207 -0.00584931583207013 -0.323980856751129 -0.00195363802774021
1636513089.80113 22.2848571997619 -0.435823526298925 4.72709728892168 2.86582002470009 -0.00912772463972081 -0.387873038045805 0.00522255331483175
1636513090.30137 21.9502953446692 -0.404534587127696 5.56520487475128 2.85100050703175 -0.01651758775389 -0.484640287603753 0.0112945945476569
1636513090.80168 21.5202770103011 -0.369008216962495 6.35925501507923 2.82692552576289 -0.0223099804177595 -0.609390767641363 0.0108502033429242
1636513091.30189 21.004765887551 -0.326842364371314 7.07395070903452 2.78620553186776 -0.0281035679494708 -0.774260014103979 0.0164575895202005
1636513091.80216 20.3905147385888 -0.283153983454889 7.70217748229252 2.72602585517895 -0.0335638956780169 -0.964738730438881 0.0204005350199862
1636513092.30243 19.7093029682087 -0.255739702266927 8.18719093991835 2.63974301675824 -0.038833530155254 -1.18014586208156 0.0313847838717521
1636513092.90273 18.8461425946167 -0.223919958628985 8.57817846899912 2.50523327621948 -0.046744119997914 -1.44337898972678 0.0419381570724946
1636513093.40434 18.0955015125856 -0.198110376456524 8.75336485786136 2.3811766289326 -0.0466415109168469 -1.63979414930318 0.0487655332251998
1636513093.90325 17.3375935750025 -0.177700663714272 8.80332652316034 2.23636571725066 -0.0498151368897623 -1.83208384382607 0.056001054179725
1636513094.4035 16.5682022627056 -0.154702575791849 8.74057886389484 2.07153785129523 -0.0518003301502408 -2.01631390849063 0.0632959470253509
1636513095.00381 15.6848854605129 -0.137669857628315 8.46617488532705 1.85149728571088 -0.0584959885244241 -2.21977049359988 0.0680843161841067
1636513095.50475 14.9824049633857 -0.132568984382037 8.12126673370143 1.65147239858467 -0.0678465586220915 -2.37193867948636 0.0736421074369715
1636513096.00433 14.361375872563 -0.135163191043289 7.64475528110221 1.4408590715685 -0.0689701997848344 -2.50539712662346 0.0750598651905297
1636513096.50458 13.8157056121921 -0.134499346935854 7.06447287348322 1.21839800291754 -0.0694180685483963 -2.62065560830336 0.0795746124642915
1636513097.00484 13.3517852651622 -0.138498199136932 6.40019762153396 1.00561047469749 -0.074596764546097 -2.70911941225084 0.0856469736693458
1636513097.60515 12.9104520836151 -0.14527135446359 5.51633508101768 0.763979344298616 -0.0707600816703926 -2.78686008605161 0.0906638358696014
1636513098.1054 12.6452671689102 -0.16747528524994 4.72354593095742 0.575324049594499 -0.0659081334484429 -2.83179935336135 0.0951381954888894
1636513098.70571 12.4327076802709 -0.197994553807129 3.72855692695271 0.370651066557966 -0.0727853840310987 -2.865480101263 0.0991179198317252
1636513099.30602 12.3348058130121 -0.248744987492479 2.73764225064701 0.202226203750407 -0.06767850785694 -2.88207057468306 0.108045743424381
1636513099.80628 12.2910604724346 -0.276625116770128 1.88379258484615 0.108837723633288 -0.0587202053485013 -2.88699616283075 0.115930760515856
1636513100.40659 12.2243615744545 -0.315607736350242 0.802921708292644 0.0534149126931144 -0.0652878896467143 -2.88866143803132 0.109544205841389
1636513101.0069 12.1549356312071 -0.351755602497522 -0.290720373238582 0.0498065974057723 -0.0645035010916432 -2.88901653284745 0.102090999461143
1636513101.60721 12.059081988576 -0.386315049224222 -1.39888885812363 0.0861038550271917 -0.0585178788559213 -2.88838111069433 0.0994828699977692
1636513102.20752 11.8953440897478 -0.414259936159101 -2.50251781769956 0.158159890498528 -0.0574805494239961 -2.88537337834989 0.0989060211527946
1636513102.808 11.6448585394462 -0.442212563921549 -3.58817726219664 0.263438166453146 -0.0562422586666648 -2.8776167342783 0.10119075764373
1636513103.4083 11.3057750148242 -0.465401183040763 -4.65150196626978 0.382297493488638 -0.0557467091232101 -2.86431540286751 0.0995926795768375
1636513104.00861 10.8901199319986 -0.484613336739664 -5.68438535858282 0.497691510963946 -0.0550164765990218 -2.8465143105609 0.100564034446607
1636513104.60892 10.3743458474407 -0.509992693763627 -6.67280886219251 0.615763013302008 -0.0547508029186884 -2.82335481821644 0.0999316242143401
1636513105.20923 9.74379307234747 -0.526157198628312 -7.58345045803665 0.75830638059608 -0.0501994266994879 -2.78865264428402 0.096687011895023
1636513105.80955 8.99799270402708 -0.543608795467197 -8.35071858056321 0.959339915601648 -0.053955015877831 -2.72621418792748 0.0894006832919784
1636513106.41329 8.17231525959092 -0.555975654916493 -8.98496338004409 1.17953710624421 -0.0525482022992519 -2.6387325578842 0.0806342819474049
1636513107.01016 7.24603609803761 -0.539710025706707 -9.4340129292338 1.40415382855605 -0.0567582249686862 -2.52654297199306 0.0720530246236878
1636513107.61047 6.27152435584304 -0.52118268589511 -9.67433787896147 1.64904539269464 -0.0542170059310394 -2.37437308384546 0.0595211378063218
1636513108.11073 5.44150813870819 -0.503312809333386 -9.72680947587872 1.84567563373774 -0.0498954319929339 -2.22528284538952 0.0508788457347394
1636513108.71104 4.51612601718359 -0.46232756031079 -9.59405942645088 2.06608453791694 -0.0400981386989107 -2.02247303199675 0.0526322556466563
1636513109.21129 3.80451089215138 -0.429532373758418 -9.35627485701952 2.23099924982776 -0.027926498322527 -1.83921934612175 0.0511385651540649
1636513109.8116 2.99982522286147 -0.393133179099642 -8.90924501711735 2.40442665828299 -0.0252013800989494 -1.60601652224256 0.0478410252631236
1636513110.31185 2.37329905740102 -0.356703160149795 -8.43552729063367 2.52641604196863 -0.0213998034620432 -1.4069071194985 0.0292726226176055
1636513110.91217 1.72406725737054 -0.320684720756711 -7.71039437127155 2.64267761624516 -0.0269516442685408 -1.17406062973785 0.0243055796626985
1636513111.41243 1.26170968707056 -0.280728550361201 -7.04244533101504 2.7162193780036 -0.0265323268745998 -0.992353928102712 0.0127477685329235
1636513112.01274 0.791364475131819 -0.239634160071166 -6.14255277921255 2.78087001369935 -0.0275617790728556 -0.79337269987015 0.00652475118054976
1636513112.513 0.489704976716012 -0.199704390286145 -5.35299518347653 2.82057460958033 -0.0212933579857777 -0.638229644814492 0.00699165299294665
1636513113.01325 0.244773301161486 -0.161955235130268 -4.54807391829488 2.8486490972401 -0.0126565219056782 -0.498430047652338 -0.00928002579894771
1636513113.61356 0.0331974064015971 -0.118581706763764 -3.54216843508264 2.8684519811681 0.000387225789790421 -0.368053748967545 0.000133022653293934
1636513114.21513 -0.136847167508354 -0.0807245220303245 -2.50612397606787 2.87897602170413 0.00203837134786263 -0.273707391713473 -0.00759429071442758
1636513114.71412 -0.211323049203944 -0.0536475930377411 -1.63670008988445 2.88525879705349 0.00361503243139379 -0.196764600180032 -0.00572675449895289
1636513115.21439 -0.262426339511561 -0.0262808095205834 -0.75335971328043 2.88935635656482 -0.000233275190623 -0.122780374286919 -0.005026737137608
1636513115.8147 -0.287769163405215 0.0128715456232046 0.296931833168525 2.89122565937555 -0.000143975565416236 -0.0655269693606013 -0.000938168964530806
1636513116.31496 -0.291959024692705 0.0332727394450652 1.08879687132159 2.89169994094418 -0.00430206010624228 -0.039149623541055 0.000865351953178007
1636513116.81521 -0.287717031256724 0.0559811533861584 1.73002449259993 2.89188097751836 -0.00168289779713814 -0.0224058879591659 0.000232254952358892
1636513117.31546 -0.296127363667435 0.0687183131648723 2.17693547446604 2.89191891177252 -0.00503316870553314 -0.0158777754261576 -0.00284063863687506
1636513117.81572 -0.296295884312866 0.0730841784849138 2.3613603306197 2.89191268581624 -0.00650103199524273 -0.0163107460602076 -0.00363480346029384
1636513118.41604 -0.297889459436724 0.0710763204382198 2.35855702992673 2.89191554528735 -0.00302299031597259 -0.0165435094784942 -0.00470646195908651
