1636513052.78173 -0.00120519414622802 -0.00199743941181516 -0.000499595914864188 2.88649134498465 -0.000116479637966826 0.00011901552189058 -4.85776101861343e-05
1636513053.28198 -8.23288962628353e-05 0.000485730897947665 -0.000991401212827909 2.88649134265571 -4.17717320960924e-05 -0.000153433696642837 0.000135093065464214
1636513053.78225 0.000218954523264937 0.000915032264012949 -0.00194712552471018 2.88649109816862 0.000805692564784763 -0.000242590331438343 -0.000864271964165396
1636513054.2825 -0.00240351521581357 0.00366382372886357 0.0405717787554581 2.88648604665368 0.0053645503402948 0.000342798604066113 -0.00131199301080337
1636513054.78276 -0.0040912493226022 0.00944689793703416 0.214831456161382 2.88648746874339 0.00425585762288499 0.000640766725157708 -0.00197095017589301
1636513055.28301 -0.00119672509742821 0.0161480741612181 0.498343446607595 2.88648858575546 0.00279838432043785 -0.00143623658138281 -0.0024627903733717
1636513055.78328 0.00631140966960751 0.0256663060818594 0.88538587423571 2.88648806052453 0.00169737329223115 -0.00387258421184126 -0.00105509622738885
1636513056.28353 0.022762121225398 0.0377571376628677 1.35420896737857 2.88648750506456 0.00267952128267909 -0.00346818058632431 0.00172909183669513
1636513056.78379 0.0504364094761522 0.0584401914543461 1.9132023730324 2.88647522947343 0.00313206962740784 0.00834046202183454 -0.00370016657809118
1636513057.28405 0.107184241897202 0.0773704188246643 2.54909414927272 2.88613727890648 0.00175033607085431 0.0447144543250129 -0.00644018381971946
1636513057.7843 0.204767491791374 0.104181660319504 3.25684026488142 2.88461350373079 0.00199914339935109 0.103536706324582 -0.0106490716201267
1636513058.28456 0.360794169442492 0.120315934744694 4.00809090145555 2.88011032423285 3.47492069716314e-05 0.191663128360033 -0.00787902470980604
1636513058.78483 0.583028237776096 0.140167332552302 4.78514491212095 2.87020130813168 -0.000793137272357716 0.305344757000059 -0.0232532980091299
1636513059.28508 0.892549442528238 0.148194899565976 5.55398959408055 2.85175953641224 0.00128664363042235 0.445202842876763 -0.0330550221263579
1636513059.78534 1.30276079534238 0.153341198465249 6.26206356582125 2.82260556125475 0.00463607925122047 0.602632296023253 -0.0392808209687638
1636513060.2856 1.78854364113149 0.16104061889473 6.89238484633251 2.77852182822051 0.00988650769642033 0.780245270076098 -0.052615020240124
1636513060.78585 2.35355565158774 0.157180031213828 7.41794969055735 2.71605177649033 0.0163315471543732 0.975379551412947 -0.0571233178310864
1636513061.2861 2.98492234057859 0.155255716269039 7.88442298310047 2.64234810411375 0.0165037164913051 1.15993698449052 -0.0640517821981759
1636513061.78637 3.69983353518596 0.151758546609646 8.24312842692809 2.54947040077539 0.0160975603068399 1.35180337651399 -0.0663437271412834
1636513062.28663 4.48450410788885 0.146808451221356 8.50359632827223 2.4359425223418 0.0125590009307034 1.54682251719198 -0.0721021110220928
1636513062.78688 5.25792139084841 0.128793814562969 8.60243190095396 2.29987511857566 0.0168590853087697 1.74254676048226 -0.0751885130535014
1636513063.28713 6.01438986358833 0.108233749609638 8.58072618890283 2.1399021048624 0.022604669337921 1.93511304847258 -0.0864743599228571
1636513063.78785 6.75887115754338 0.0847177119234926 8.4295043248702 1.97009552811147 0.0340120907240433 2.10732619409553 -0.0926035325563389
1636513064.28782 7.47901205463705 0.0486918230006441 8.16744140090751 1.78971845103532 0.0382821556933645 2.26244246503922 -0.0928910637777605
1636513064.78809 8.1700240371109 0.0274564075571228 7.78243372716704 1.59818563658395 0.044550464712254 2.40135052386475 -0.0957387247067401
1636513065.28835 8.81476319881839 0.00448305178314922 7.26327734154492 1.40980863201438 0.0449489371055829 2.51685884725225 -0.0875960725271803
1636513065.7886 9.37213574390167 -0.0361167070301887 6.69004275151329 1.21001469786376 0.0439825186363837 2.61887805580023 -0.0850882636992838
1636513066.28886 9.8722535527069 -0.0725525706137922 6.01499969993271 1.02487537708306 0.0444371485352588 2.69666021952536 -0.0866705052001356
1636513066.78911 10.384034064385 -0.0712735270044108 5.3091689587404 0.847329899594272 0.049798875651926 2.75712004418062 -0.0983539016922641
1636513067.28939 10.7646191994264 -0.094075192145078 4.56229731648195 0.698695926965644 0.0505889338834283 2.79808631511126 -0.108674050998941
1636513067.78963 11.0843369712825 -0.140000345642399 3.76801898518018 0.579810563823678 0.0480713363629514 2.82523984195482 -0.106588024154394
1636513068.28989 11.3489378945462 -0.195997525850177 2.94077661844964 0.489946395176508 0.0592260649612885 2.84203607596358 -0.10539478529581
1636513068.79014 11.5818257505247 -0.24152335544904 2.12093125955193 0.420145300281145 0.0499690880828082 2.85302308098336 -0.114335606996911
1636513069.29039 11.7650472564663 -0.280271794183483 1.26107329509234 0.365364279762838 0.0608921114083913 2.86028067666552 -0.115878640390511
1636513069.79066 11.9534878944711 -0.32602616446646 0.381044186260853 0.326550607831844 0.0617712161703734 2.86523683746227 -0.108624110537255
1636513070.29092 12.1190914287415 -0.372362822702602 -0.514108557476023 0.299041674313643 0.0587524351809383 2.86854609453886 -0.101969832073622
1636513070.79118 12.2522472026115 -0.40183162284784 -1.42945958345865 0.266518200408992 0.0604739832075658 2.87181205778192 -0.0991905527125213
1636513071.29143 12.3851078218094 -0.441027766877941 -2.35654612268911 0.236049314178889 0.061591421825007 2.87444895891407 -0.0993112047776357
1636513071.79168 12.5023914160133 -0.479380128893037 -3.29641160158484 0.216089261290486 0.060828600373365 2.87596719094098 -0.101243982171339
1636513072.29196 12.6209483448794 -0.518675149074913 -4.23556950917809 0.196613372373328 0.0592586597261593 2.8773465764319 -0.102667360491941
1636513072.7922 12.7382877187389 -0.553920349865031 -5.17008853600422 0.192470417060281 0.0586108579872315 2.87767232036149 -0.101755772668018
1636513073.29245 12.8682148519103 -0.591297862681861 -6.09371200706892 0.207407843605319 0.0623569715918608 2.87660327028112 -0.100396885789119
1636513073.79272 13.0496526543008 -0.621819988486003 -7.00814317568249 0.25532176743438 0.0623488609035609 2.87275869780694 -0.100065946036156
1636513074.29297 13.2763599563677 -0.657708984877114 -7.91241937300037 0.329855666276421 0.0649710946886073 2.86516658999156 -0.0981158633438369
1636513074.79324 13.5764084640101 -0.697861636633917 -8.77441698841828 0.430816382280179 0.0659157468543048 2.85177257156921 -0.0963217207303739
1636513075.29356 13.9620269002367 -0.731769070402189 -9.60482378172592 0.568250376758968 0.0681230295864039 2.82754998854552 -0.0961464465948139
1636513075.79376 14.4658396243805 -0.771823883092466 -10.3564131648901 0.73156985728401 0.0687696860587188 2.78975180242284 -0.0958825835835802
1636513076.29401 15.065215024385 -0.812292878572054 -10.9893514785498 0.930464574116883 0.0676865243476779 2.72995154506058 -0.0940802164105377
1636513076.79427 15.7498068539552 -0.850241638970724 -11.4855703292538 1.14779183470653 0.0697629899714759 2.64594018865486 -0.0924113750336317
1636513077.29452 16.485945890031 -0.883571327052037 -11.8647024129798 1.37076669621211 0.0671207416207043 2.53785164112112 -0.0873775315636673
1636513077.79478 17.2499340136562 -0.917489755789531 -12.070316591608 1.59106597076914 0.0616594715079184 2.40604471543085 -0.0865351278059786
1636513078.29506 18.0044848582679 -0.937317363425473 -12.1452453496587 1.79844292341078 0.0675581472487629 2.25535999650282 -0.0788831345224369
1636513078.796 18.7635561230349 -0.947351641127252 -12.0727642898901 1.99171892322657 0.0593312846307615 2.08700557488476 -0.0759972018461775
1636513079.29572 19.495452241599 -0.965140736234592 -11.8825281396143 2.17037614723384 0.0493591601949566 1.90105565531348 -0.0696474190991579
1636513079.79599 20.1920050864067 -0.976785472806259 -11.5585338744887 2.32720768498804 0.0411672471274753 1.70587523032005 -0.0650512262786206
1636513080.29623 20.8242882128163 -0.976980774554769 -11.125023256481 2.46490630994186 0.0326755087957979 1.50037592144553 -0.0622382795674697
1636513080.79656 21.3967582810514 -0.972169406504358 -10.604048320234 2.58361641088109 0.0264459238477669 1.28573064953075 -0.054367878000672
1636513081.29675 21.8886482316932 -0.965372533178792 -9.98965258231379 2.67574365954567 0.0187238917724291 1.08149841047019 -0.0473158239049741
1636513081.79701 22.3124433346868 -0.956672484358611 -9.29970284072327 2.7448151668989 0.0126652896118803 0.891987036964908 -0.0449525377553153
1636513082.29727 22.6668618494557 -0.942443373137531 -8.55980807536012 2.79680847165138 0.0118824241084649 0.712828159792148 -0.0378088649259764
1636513082.79752 22.9299991294435 -0.913846718606563 -7.77546829754772 2.83530730910041 0.0097113721640434 0.540265429480518 -0.0297276417499594
1636513083.29778 23.094299298887 -0.88910088819295 -6.95044995327321 2.86109509774721 0.00559475048334343 0.381015712426785 -0.0276203197137191
1636513083.79804 23.2015782306807 -0.861263261904481 -6.11035733018949 2.87654151559728 0.00484276960212956 0.23828027789093 -0.0232439359704906
1636513084.2983 23.3246547200169 -0.811542188695932 -5.19200712077679 2.88353049784526 0.00359677553322643 0.128289914836061 -0.0247577001491138
1636513084.79858 23.3692398173635 -0.780813023952688 -4.28717733164124 2.88592246430955 -0.000979066066030465 0.0541481093387777 -0.0187314826292033
1636513085.29884 23.3918894184339 -0.744692913384418 -3.36551361167863 2.88642365462194 -0.00707181597635835 0.00581052485539914 -0.0175222150975314
1636513085.79907 23.3729449829255 -0.716095022307211 -2.46196906018249 2.88626325842086 -0.00684731809817722 -0.0284649195367159 -0.0214378274015064
1636513086.29932 23.3376461778401 -0.682148013141763 -1.56675059068436 2.88576819665689 -0.00307300211332783 -0.0633574356770387 -0.012272812610452
1636513086.79959 23.2688183572967 -0.648528569505405 -0.657658259082156 2.88461101598471 -0.00337580605110085 -0.103668451687731 -0.00964662019270399
1636513087.29984 23.1654613941949 -0.610141013563028 0.250154172943666 2.88263890145151 -0.00417256874442213 -0.148698696599299 -0.0098267950748158
1636513087.80011 23.0425451134182 -0.581018477286237 1.1622638596589 2.87998841852083 -0.00794635479163062 -0.193320410755516 -0.00794343628642652
1636513088.30036 22.8883028001062 -0.540497229903625 2.06706488837073 2.87698904687501 -0.00685231851477376 -0.233776136564712 -0.00825243166238238
1636513088.80061 22.7163140428794 -0.505269399699363 2.96490649639827 2.87326360828842 -0.00558776937167112 -0.275961916711935 -0.00153277747907843
1636513089.30086 22.5023664948659 -0.469426751048809 3.85191970270837 2.86831449180283 -0.0058382381665185 -0.323367288997352 -0.00194993815081416
1636513089.80113 22.242653256256 -0.434998146476313 4.7181449252094 2.8603926214488 -0.00911043819397073 -0.387138468753375 0.00521266263691176
1636513090.30137 21.90872500763 -0.403768463534968 5.55466526976179 2.84560116956885 -0.0164863060932462 -0.48372245666881 0.0112732043980168
1636513090.80168 21.4795210589826 -0.368309374613976 6.34721160654445 2.82157178245122 -0.0222677288949102 -0.608236679315824 0.0108296547989148
1636513091.30189 20.9649862315753 -0.326223377381287 7.06055378154194 2.78092890569023 -0.028050344301528 -0.772793689882056 0.0164264214865835
1636513091.80216 20.351898375721 -0.282617735247684 7.68759079410237 2.72086319965209 -0.0335003310455701 -0.962911670094163 0.0203618996803134
1636513092.30243 19.6719767111206 -0.255255372309147 8.17168571406912 2.63474376708162 -0.0387599856807207 -1.1779108551957 0.0313253461273863
1636513092.90273 18.8104510247656 -0.22349589015957 8.56193277551121 2.50048876640679 -0.0466555941356237 -1.44064546153793 0.0418587329327766
1636513093.40434 18.0612315364891 -0.197735187194105 8.73678738946494 2.37666706250262 -0.0465531793796906 -1.63668864232065 0.0486731791306314
1636513093.90325 17.3047589549191 -0.177364127172659 8.78665443538715 2.23213039944973 -0.0497207950142821 -1.82861417101866 0.0558949971695461
1636513094.4035 16.5368247463042 -0.154409593938279 8.72402561011924 2.06761469102264 -0.0517022286372874 -2.01249533350398 0.0631760746587271
1636513095.00381 15.6551808043897 -0.137409133009721 8.4501413086535 1.8479908469598 -0.0583852065089561 -2.21556660448953 0.0679553754146814
1636513095.50475 14.9540306925977 -0.13231791999884 8.10588635771997 1.648344774872 -0.0677180681273359 -2.36744660825022 0.0735026411027669
1636513096.00433 14.3341777312171 -0.134907213648966 7.63027734134662 1.43813031570027 -0.0688395812940262 -2.5006523065044 0.0749177138506461
1636513096.50458 13.7895408827562 -0.134244626755744 7.05109389549029 1.21609055261522 -0.069286601866019 -2.61569250711542 0.0794239109175487
1636513097.00484 13.3264991264186 -0.138235905772444 6.38807667427258 1.0037060098278 -0.0744554902445206 -2.70398877481393 0.0854847720449068
1636513097.60515 12.8860017590971 -0.144996233829796 5.50588802757543 0.762532490015574 -0.0706260734305138 -2.78158222025349 0.0904921331132064
1636513098.1054 12.6213190620667 -0.167158113934281 4.71460029294724 0.574234478166286 -0.0657833140199089 -2.82643637980231 0.0949580190133719
1636513098.70571 12.4091621269896 -0.197619583894221 3.72149563845115 0.36994911291594 -0.0726475401935471 -2.86005334177216 0.098930206396925
1636513099.30602 12.3114456701571 -0.248273904402046 2.73245759553121 0.201843219771556 -0.0675503356233666 -2.87661239549782 0.107841122124336
1636513099.80628 12.267783176235 -0.276101233188743 1.88022498398091 0.108631602449816 -0.0586089987023484 -2.88152865537196 0.115711206258741
1636513100.40659 12.2012105952645 -0.315010025942877 0.801401103421243 0.0533137534199153 -0.0651642448604108 -2.88319077680852 0.109336746693983
1636513101.0069 12.1319161336129 -0.351089433832288 -0.290169795503298 0.0497122717027045 -0.0643813418113929 -2.88354519913206 0.101897655490612
1636513101.60721 12.0362440223994 -0.385583430512611 -1.39623958710474 0.0859407881427763 -0.0584070553836782 -2.88291098036652 0.0992944654059177
1636513102.20752 11.8728162168767 -0.413475394315925 -2.49777845052956 0.157860361045696 -0.0573716904872378 -2.8799089441845 0.0987187090200891
1636513102.808 11.6228050460122 -0.441375084286923 -3.58138183025354 0.262939256839563 -0.0561357448538935 -2.87216698995207 0.100999118586741
1636513103.4083 11.2843636911734 -0.464519787882582 -4.64269276796789 0.381573483382896 -0.0556411338017537 -2.85889084912853 0.0994040670232643
1636513104.00861 10.8694957923749 -0.483695556845334 -5.67362004488174 0.496748963106278 -0.0549122842207864 -2.84112346923422 0.100373582302783
1636513104.60892 10.3546985011673 -0.509026849439696 -6.660171632987 0.614596856965736 -0.0546471136837712 -2.81800783725188 0.0997423697540136
1636513105.20923 9.72533989184592 -0.525160741326069 -7.56908861977842 0.756870269995956 -0.0501043570407747 -2.78337138366826 0.0965039022097694
1636513105.80955 8.98095194974523 -0.542579287640984 -8.33490365960372 0.957523079745889 -0.05385283373587 -2.72105117572862 0.0892313727438685
1636513106.41329 8.15683820589313 -0.554922726242981 -8.96794730121106 1.17730325224421 -0.0524486844364586 -2.63373522185454 0.0804815735567053
1636513107.01016 7.23231326843265 -0.538687901524788 -9.41614642261318 1.40149458652803 -0.0566507339985355 -2.52175810503612 0.0719165677573328
1636513107.61047 6.2596470950988 -0.520195649521729 -9.65601623545079 1.64592236534167 -0.0541143276219589 -2.36987640223811 0.0594084143226187
1636513108.11073 5.43120279548727 -0.502359615638651 -9.70838845958354 1.8421802202613 -0.0498009380514132 -2.22106851676943 0.0507824893653992
1636513108.71104 4.50757319920561 -0.461451986100838 -9.57588981744704 2.0621717053448 -0.0400221992587263 -2.01864279261853 0.052532578600311
1636513109.21129 3.797305759028 -0.428718908369183 -9.33855557383312 2.22677409525497 -0.0278736100160436 -1.83573615981803 0.0510417169178214
1636513109.8116 2.99414403526856 -0.392388647944145 -8.89237233671325 2.39987306002833 -0.0251536527290842 -1.60297498466542 0.0477504220382804
1636513110.31185 2.36880440982741 -0.356027621604298 -8.41955175558648 2.52163141539679 -0.0213592756682928 -1.40424266317926 0.0292171849677185
1636513110.91217 1.72080215064456 -0.320077395355579 -7.69579212161222 2.63767280890802 -0.0269006021792017 -1.17183714730555 0.0242595487951112
1636513111.41243 1.25932021138864 -0.280196895535068 -7.02910806965279 2.71107529437088 -0.0264820789051173 -0.990474569005004 0.0127236263049448
1636513112.01274 0.789865757805446 -0.239180331425863 -6.13091976993849 2.77560349213705 -0.0275095814861049 -0.791870179288381 0.0065123943488346
1636513112.513 0.488777554072618 -0.199326182217323 -5.34285746958922 2.81523289388478 -0.0212530317826781 -0.637020940283335 0.00697841192412211
1636513113.01325 0.244309739807632 -0.161648517903738 -4.53946059611885 2.84325421297002 -0.0126325524841692 -0.497486101124694 -0.00926245091924167
1636513113.61356 0.0331345358410296 -0.118357132039851 -3.53546013647509 2.86301959341361 0.000386492446282323 -0.367356714228246 0.000132770729734618
1636513114.21513 -0.136588000932831 -0.0805716427393886 -2.5013777794126 2.87352370310564 0.00203451099962534 -0.27318903383514 -0.00757990834646327
1636513114.71412 -0.210922837259566 -0.0535459931053073 -1.63360044255396 2.87979457988668 0.00360818614006965 -0.196391959601925 -0.00571590894489888
1636513115.21439 -0.261929346135839 -0.0262310378846087 -0.751932970874414 2.88388437927783 -0.000232833404845414 -0.122547847960473 -0.00501721730410524
1636513115.8147 -0.287224174787777 0.0128471689812793 0.296369491924881 2.885750141929 -0.000143702898798964 -0.0654028717956846 -0.000936392223059092
1636513116.31496 -0.291406101150332 0.033209726215802 1.08673486476554 2.88622352528445 -0.00429391269474867 -0.0390754804363722 0.000863713115440916
1636513116.81521 -0.28717214136921 0.055875134064889 1.72674810382637 2.88640421900441 -0.00167971065876342 -0.0223634548028234 0.000231815098748862
1636513117.31546 -0.295566545959934 0.0685881717069023 2.17281270800823 2.88644208141718 -0.00502363669167279 -0.0158477054673924 -0.00283525892313148
1636513117.81572 -0.295734747454305 0.072945768778614 2.35688829307882 2.88643586725186 -0.00648872008385834 -0.0162798561245399 -0.0036279197258136
1636513118.41604 -0.297325304602598 0.0709417132928614 2.35409030138751 2.88643872130759 -0.00301726525741061 -0.0165121787262636 -0.00469754867537761
