1636513052.78173 -0.00120654802248481 -0.00199968327086683 -0.000500157144811446 0.999999998194156 -4.03533646338028e-05 4.12318997188227e-05 -1.68292935237154e-05
1636513053.28198 -8.24213818911855e-05 0.000486276552381831 -0.000992514920994516 0.999999997387315 -1.44714558362486e-05 -5.31557791199874e-05 4.68018258412534e-05
1636513053.78225 0.000219200489718801 0.00091606018176406 -0.00194931286276285 0.999999912686873 0.000279125230958935 -8.40433252716204e-05 -0.000299419557971774
1636513054.2825 -0.00240621524733439 0.00366793955034436 0.0406173557839598 0.999998162633148 0.00185850213614127 0.000118759615906243 -0.000454528647977323
1636513054.78276 -0.00409584530021777 0.00945751027767429 0.215072790894561 0.999998655303844 0.00147440511907102 0.000221988098150348 -0.000682818666946069
1636513055.28301 -0.00119806945982857 0.0161662143872292 0.498903269572385 0.999999042283031 0.000969476080448556 -0.000497571760014 -0.000853212455739194
1636513055.78328 0.00631849970379437 0.0256951387828084 0.88638048818814 0.999998860321312 0.000588040318262235 -0.00134162335583534 -0.000365528975971731
1636513056.28353 0.02278769145869 0.0377995528142905 1.35573024208224 0.999998667887002 0.00092829700754032 -0.00120152121227987 0.000599028934064532
1636513056.78379 0.0504930681128384 0.0585058412817204 1.91535160290992 0.99999441511447 0.00108507847327998 0.00288948103768429 -0.00128189075565336
1636513057.28405 0.107304649219674 0.0774573342592874 2.55195771947493 0.999877335059154 0.000606388815519828 0.0154909365385619 -0.00223114606571728
1636513057.7843 0.204997520991372 0.104298694638615 3.2604988942571 0.999349436309143 0.000692585965731202 0.0358693977439108 -0.00368927889543099
1636513058.28456 0.361199473982947 0.120451093787636 4.01259346158125 0.997789348662375 1.20385626547114e-05 0.0664000355819317 -0.00272962006599041
1636513058.78483 0.583683192905635 0.14032479201567 4.79052038967541 0.994356455610231 -0.000274775558327423 0.105784054048594 -0.00805590427545928
1636513059.28508 0.893552103802384 0.148361376939375 5.56022876696852 0.987967463064597 0.000445746574066279 0.154236680060152 -0.0114516269463616
1636513059.78534 1.30422427482791 0.15351345702495 6.26909816618569 0.977867320150433 0.00160612961854319 0.208776754512734 -0.0136085011881571
1636513060.2856 1.79055283340772 0.161221526735166 6.90012752930629 0.962594891556036 0.00342509520970672 0.270309235474685 -0.0182280193690964
1636513060.78585 2.35619956014446 0.157356602194502 7.42628277613658 0.940952681637092 0.00565792346935578 0.337911822027912 -0.0197898801349894
1636513061.2861 2.98827550612285 0.15543012553633 7.89328008974069 0.91541868086084 0.00571757004924942 0.401850150845342 -0.0221901867794614
1636513061.78637 3.70398980892247 0.151929027269266 8.25238849170173 0.883242002648376 0.00557686074678177 0.468320605368047 -0.0229842113113385
1636513062.28663 4.4895418552544 0.146973371103374 8.51314899429057 0.843911249612917 0.00435095741057578 0.53588330243439 -0.0249791536763714
1636513062.78688 5.26382797026005 0.128938497382831 8.61209559566887 0.796771872681529 0.00584068450702887 0.603690276211363 -0.0260484110054113
1636513063.28713 6.02114623529895 0.108355335915246 8.59036550012047 0.741350603637249 0.00783119247399671 0.670403203647351 -0.0299582951866283
1636513063.78785 6.76646385554274 0.0848128810703572 8.43897375832013 0.68252258160305 0.0117831950966074 0.730064960683688 -0.0320816941128239
1636513064.28782 7.48741373570786 0.0487465218251171 8.17661644131575 0.620032501019981 0.0132625222281539 0.783803653139182 -0.0321813068213124
1636513064.78809 8.1792019787694 0.0274872512003687 7.79117626236456 0.553677611566291 0.0154341237534664 0.831927150483471 -0.0331678543572283
1636513065.28835 8.82466541966924 0.00448808789901998 7.27143667319283 0.488416025191988 0.0155721710728536 0.871944011569721 -0.0303469028310775
1636513065.7886 9.38266409910385 -0.0361572793747148 6.69755812989986 0.419199142163058 0.015237363740369 0.907287685314322 -0.0294780941205559
1636513066.28886 9.88334372413517 -0.0726340738330291 6.02175675671383 0.355059223376171 0.015394866342566 0.934234644195668 -0.0300262480239943
1636513066.78911 10.3956991535438 -0.0713535933872844 5.31513310801794 0.293550126015926 0.0172523903972633 0.9551804283052 -0.0340738598387085
1636513067.28939 10.7767118256585 -0.0941808731836034 4.56742245423053 0.242057169829353 0.0175260992484776 0.96937283907679 -0.037649186439279
1636513067.78963 11.096788758154 -0.140157617518056 3.77225185625339 0.200870362484913 0.0166538993299485 0.978779943948836 -0.0369265004543012
1636513068.28989 11.361686925566 -0.196217703153119 2.94408019211261 0.169737697340764 0.0205183587185328 0.984598854165773 -0.0365131131567773
1636513068.79014 11.5948364002553 -0.241794675001517 2.12331384536483 0.145555710829496 0.0173113590239563 0.988405207169056 -0.039610583620526
1636513069.29039 11.7782637313309 -0.280586642483054 1.2624899441838 0.126577299370004 0.0210955461218448 0.990919538515195 -0.0401451542138154
1636513069.79066 11.9669160574743 -0.326392411750804 0.381472239017483 0.113130637931596 0.0214001043745214 0.992636557620903 -0.0376318849976229
1636513070.29092 12.1327056254172 -0.372781123095237 -0.514686090458205 0.103600405486478 0.0203542737714853 0.993783021155731 -0.0353265676914829
1636513070.79118 12.2660109821916 -0.402283027540688 -1.43106539227886 0.0923329288309778 0.0209506892177017 0.994914485915823 -0.0343637103592029
1636513071.29143 12.3990208527266 -0.441523203255581 -2.35919339064467 0.0817772463315236 0.0213378161763066 0.995828017540285 -0.0344055092251881
1636513071.79168 12.5164361995399 -0.479918649077951 -3.30011468412466 0.0748622583870633 0.0210735432722531 0.996353995914275 -0.0350751032614117
1636513072.29196 12.6351263114383 -0.519257812018902 -4.24032761143938 0.0681150048691105 0.0205296508933279 0.996831872104974 -0.0355682203880247
1636513072.7922 12.7525975005683 -0.554542606131527 -5.17589644681785 0.0666797137802376 0.0203052255754126 0.996944723276196 -0.0352524086590684
1636513073.29245 12.8826705896932 -0.591962107641464 -6.10055748671874 0.0718546562043738 0.021603034281603 0.996574360108367 -0.0347816340354734
1636513073.79272 13.0643122134625 -0.622518521017914 -7.01601589783223 0.0884540213214 0.0216002244036869 0.995242441177129 -0.0346669828161167
1636513074.29297 13.2912741912051 -0.658447833950758 -7.92130792988259 0.114275646886621 0.0225086746524179 0.992612220991348 -0.0339913935086393
1636513074.79324 13.5916597636695 -0.698645591902302 -8.78427388563685 0.149252615030613 0.0228359412370321 0.987971978982158 -0.0333698282947542
1636513075.29356 13.9777113912177 -0.73259111618873 -9.61561353116954 0.196865435512268 0.0236006352770639 0.979580274284326 -0.0333091060841894
1636513075.79376 14.4820900823364 -0.772690925164494 -10.3680472256208 0.253446059082779 0.0238246638272519 0.966485419134286 -0.0332176930227175
1636513076.29401 15.0821388013456 -0.813205382209165 -11.0016965617805 0.322351416037783 0.0234494118068476 0.94576813641727 -0.0325932784811949
1636513076.79427 15.7674996793106 -0.851196773022062 -11.4984728487467 0.39764256859045 0.0241687853894694 0.916663127528199 -0.0320151227985901
1636513077.29452 16.5044656702515 -0.884563902600649 -11.878030837235 0.474890283706708 0.0232534012672924 0.87921678370792 -0.0302711912016288
1636513077.79478 17.2693120335091 -0.918520434207692 -12.0838759962039 0.551211064831509 0.0213613914012615 0.833553412611635 -0.029979347694933
1636513078.29506 18.0247105162182 -0.938370315538948 -12.1588889268062 0.623055019128296 0.023404936669617 0.781349993080261 -0.0273283807058863
1636513078.796 18.7846344971769 -0.948415865424861 -12.0863264441514 0.690013820097018 0.0205548111643251 0.723025057650763 -0.0263285742536472
1636513079.29572 19.5173528042493 -0.966224944228248 -11.8958765887163 0.751908072437341 0.0171000547746607 0.65860431391336 -0.0241287468588463
1636513079.79599 20.2146881340709 -0.977882762121635 -11.5715183588765 0.806241004265974 0.0142620372393157 0.590985741288815 -0.0225364355497467
1636513080.29623 20.8476815469643 -0.978078283265834 -11.1375207490139 0.853945503690305 0.0113201478305367 0.519792280459465 -0.0215619144547991
1636513080.79656 21.4207947096215 -0.97326151027964 -10.6159605663161 0.895071592958203 0.0091619619251449 0.445430279721054 -0.0188352818022328
1636513081.29675 21.9132372335788 -0.966457001565664 -10.0008746360278 0.926988282630003 0.00648673060154843 0.374675784286103 -0.0163921585636283
1636513081.79701 22.3375084143309 -0.957747179391068 -9.31014982713675 0.950917509838156 0.00438778020624071 0.309021205590644 -0.0155734184868574
1636513082.29727 22.6923250714353 -0.94350208364509 -8.56942388784326 0.968930141245808 0.00411656321355443 0.246953159843506 -0.0130985547292194
1636513082.79752 22.9557579513617 -0.914873304554178 -7.78420300800613 0.982267730996907 0.00336442101701774 0.187170292210856 -0.0102988847508337
1636513083.29778 23.1202426903197 -0.890099675472313 -6.95825786471652 0.991201687665457 0.00193825298764924 0.131999603047746 -0.00956882123060305
1636513083.79804 23.2276421358074 -0.862230777291763 -6.11722150865877 0.996552965731476 0.00167773570559936 0.0825501444425428 -0.00805266087802499
1636513084.2983 23.3508568853046 -0.812453849032233 -5.19783965422204 0.99897423827314 0.00124607182106425 0.0444449330594032 -0.00857709140456019
1636513084.79858 23.3954920681124 -0.781690164135811 -4.29199340846681 0.999802914397224 -0.000339188983179726 0.0187591448472826 -0.00648936038832182
1636513085.29884 23.4181671130147 -0.745529477399591 -3.36929432118922 0.99997654745258 -0.00244996957149212 0.00201300615538036 -0.00607042009543325
1636513085.79907 23.399201395938 -0.716899460373345 -2.46473475686793 0.999920979573929 -0.00237219422040167 -0.00986142554515922 -0.00742695016218975
1636513086.29932 23.3638629373128 -0.682914316232016 -1.56851062779679 0.999749469701246 -0.00106461504314499 -0.0219496364237191 -0.0042518099386002
1636513086.79959 23.2949577978143 -0.649257105596334 -0.658397051172077 0.999348574450995 -0.00116951885231536 -0.0359150397871965 -0.00334198825575726
1636513087.29984 23.1914847268316 -0.61082642631096 0.250435188078319 0.998665352402518 -0.0014455504064258 -0.0515153792472442 -0.00340440828764113
1636513087.80011 23.0684303658672 -0.581671174715623 1.16356950941553 0.997747115481245 -0.00275294599136343 -0.066974186755248 -0.00275193490044023
1636513088.30036 22.9140147817121 -0.541104407069825 2.06938696243852 0.996708009077684 -0.00237392657154701 -0.0809897235786764 -0.00285898367989863
1636513088.80061 22.7418328178591 -0.505837003056612 2.96823717678835 0.99541736305294 -0.00193583444180055 -0.0956046227864432 -0.000531017520275512
1636513089.30086 22.5276449280664 -0.469954089929881 3.85624682514327 0.993702784387995 -0.00202260719268036 -0.112027804613119 -0.000675539232321254
1636513089.80113 22.2676399359755 -0.435486809372748 4.72344513713818 0.990958320818587 -0.00315623263286353 -0.134120779099832 0.00180588195303465
1636513090.30137 21.9333365631185 -0.404222044012214 5.56090520168204 0.985833950056505 -0.00571153836720137 -0.167581467595862 0.00390550430620434
1636513090.80168 21.5036504605898 -0.368723121493683 6.35434185947326 0.977509176411857 -0.00771446236739592 -0.21071834470395 0.00375184037817224
1636513091.30189 20.9885376213424 -0.326589846208263 7.06848538007694 0.963428802757451 -0.00971779953527719 -0.267727699869691 0.00569079186239765
1636513091.80216 20.3747610423525 -0.28293521890183 7.69622678580596 0.942619557639138 -0.011605900375652 -0.33359243221996 0.00705420429509419
1636513092.30243 19.6940755756701 -0.25554211796674 8.18086552240195 0.912784223968527 -0.0134280623006449 -0.408077043125462 0.0108523956343213
1636513092.90273 18.8315820791286 -0.223746958238622 8.57155097481402 0.866272738435872 -0.0161634276619038 -0.499099178467833 0.0145015965247624
1636513093.40434 18.0815209418287 -0.19795731652979 8.74660201480496 0.823375778465522 -0.0161279469541837 -0.567016645384658 0.0168624025591852
1636513093.90325 17.3241985633439 -0.177563372316138 8.7965250797592 0.773302299796334 -0.0172253400346705 -0.633507587297544 0.0193643390498043
1636513094.4035 16.5554016821919 -0.154583052699017 8.7338258992877 0.716307253400008 -0.0179117906013316 -0.697211628008685 0.0218868054651925
1636513095.00381 15.6727673298912 -0.137563494000629 8.45963392502582 0.640220469336776 -0.0202270505695322 -0.767563916080385 0.0235425529371632
1636513095.50475 14.9708295686638 -0.132466561685157 8.1149922491768 0.571054811842545 -0.0234603398768922 -0.820181431719336 0.0254643552275828
1636513096.00433 14.350280284446 -0.135058764064308 7.63884894896478 0.498227827913643 -0.0238488784278959 -0.866329395490326 0.0259545949602543
1636513096.50458 13.8050316085049 -0.134395432842328 7.05901486709422 0.42130406956949 -0.02400374484451 -0.906184079483457 0.0275157280177273
1636513097.00484 13.3414696859835 -0.138391195533224 6.39525283370126 0.347725278913178 -0.0257944615837611 -0.936773558884627 0.0296154610125772
1636513097.60515 12.9004774781181 -0.145159117925209 5.51207316471405 0.264172795793577 -0.0244677932001039 -0.963655137945746 0.0313502180101887
1636513098.1054 12.6354974450774 -0.167345893971459 4.71989652295039 0.198938575765021 -0.0227900610252702 -0.979194474152576 0.0328973856120803
1636513098.70571 12.4231021797379 -0.197841583364886 3.72567624669623 0.128165675220425 -0.025168112902394 -0.990840780304697 0.0342735156265637
1636513099.30602 12.3252759513876 -0.248552807303626 2.73552715031859 0.0699268403342923 -0.0234022303994611 -0.996577521460885 0.0373606254240007
1636513099.80628 12.2815644084271 -0.276411396414522 1.88233716812253 0.0376344805060282 -0.0203045814422219 -0.998280717236548 0.0400871481048558
1636513100.40659 12.214917041965 -0.315363898052287 0.802301371589224 0.0184700894448455 -0.0225755898613584 -0.998856544853855 0.0378787716396631
1636513101.0069 12.1455447371487 -0.351483836385572 -0.290495762898509 0.0172223872069834 -0.0223043598613224 -0.998979331406987 0.0353015627376298
1636513101.60721 12.0497651509693 -0.386016582509919 -1.39780807765184 0.0297734438514443 -0.0202346199234887 -0.998759611792898 0.0343997100144207
1636513102.20752 11.8861537559177 -0.413939879246327 -2.50058437432987 0.0546893587728612 -0.0198759266967206 -0.997719582283778 0.0342002441868896
1636513102.808 11.6358617305624 -0.441870910829746 -3.58540503916278 0.0910930347397713 -0.0194477440059047 -0.995037449100911 0.0349902723872151
1636513103.4083 11.2970401816146 -0.4650416144394 -4.64790821937528 0.132192837978478 -0.0192763902784439 -0.990438044767813 0.0344376805482105
1636513104.00861 10.8817062335911 -0.484238924842911 -5.67999360676208 0.172094388251792 -0.0190238866355982 -0.984282689445826 0.0347735607438856
1636513104.60892 10.3663306357 -0.509598673794868 -6.66765345512185 0.212921773323085 -0.0189320205931113 -0.976274478376439 0.0345548826076334
1636513105.20923 9.73626502520306 -0.525750689975343 -7.57759148995907 0.262211168567765 -0.0173582217862359 -0.964274978159244 0.0334329434949376
1636513105.80955 8.99104086168211 -0.543188803723734 -8.34426682171555 0.331725601630668 -0.0186568491647102 -0.942684680327456 0.0309134384683925
1636513106.41329 8.16600133501386 -0.55554610854679 -8.97802160414495 0.407866544330293 -0.0181703937664235 -0.91243482218459 0.0278821461048919
1636513107.01016 7.24043781603889 -0.539293046149807 -9.42672421799323 0.485535695934886 -0.0196261575475239 -0.87364131711804 0.0249148738146814
1636513107.61047 6.26667898087792 -0.520780020546909 -9.66686349284684 0.570215588981142 -0.0187474414632359 -0.821023212862288 0.0205815320799627
1636513108.11073 5.43730403364349 -0.502923950238277 -9.71929455024807 0.638207427898734 -0.0172531048977544 -0.769470006074221 0.0175931548736253
1636513108.71104 4.51263686164477 -0.461970366388019 -9.58664706340783 0.714421578018555 -0.0138653452940339 -0.699341362128319 0.0181994581749645
1636513109.21129 3.80157152991895 -0.429200517371927 -9.34904620615463 0.771446654466101 -0.00965657146838123 -0.635974938810266 0.0176829620204246
1636513109.8116 2.99750756016738 -0.392829444703363 -8.90236174116803 0.831415295896996 -0.00871426575637085 -0.555336839847416 0.016542721333642
1636513110.31185 2.37146544834762 -0.356427571558552 -8.42901000864088 0.87359742658661 -0.00739973659260524 -0.486487743357803 0.010122041407026
1636513110.91217 1.72273524431389 -0.320436959984451 -7.70443732642279 0.913798965213534 -0.0093194813063839 -0.40597285948059 0.00840451117009368
1636513111.41243 1.26073489112238 -0.280511659695911 -7.03700434308865 0.939228622384633 -0.00917448753252216 -0.343141360509303 0.00440799044974638
1636513112.01274 0.790753067537982 -0.239449018900675 -6.1378070475898 0.961583859223212 -0.00953045692800202 -0.274336584876404 0.00225616277990567
1636513112.513 0.489326631022071 -0.199550098825535 -5.34885946345397 0.975313123211835 -0.00736292931597598 -0.220690403329916 0.00241761054424963
1636513113.01325 0.244584189494483 -0.161830108638327 -4.54456007983188 0.985020867211594 -0.00437643871106911 -0.172349763352211 -0.0032088961287235
1636513113.61356 0.0331717581105663 -0.118490090626973 -3.53943175843375 0.991868412568778 0.000133896970193906 -0.12726756108351 4.59972726838578e-05
1636513114.21513 -0.136741439490432 -0.0806621543257722 -2.50418774658296 0.995507470656138 0.000704838765405046 -0.0946439814609096 -0.00262599378513482
1636513114.71412 -0.211159781176257 -0.0536061449480111 -1.6354355766352 0.997679961760472 0.00125002492726096 -0.0680382983266197 -0.00198022729030813
1636513115.21439 -0.262223589120506 -0.0262605049870619 -0.752777668136802 0.999096837439268 -8.0663122316132e-05 -0.0424556435799123 -0.00173817160538605
1636513115.8147 -0.287546833167623 0.0128616010768094 0.296702423859216 0.999743214796693 -4.97846282439564e-05 -0.0226582601022574 -0.000324404998821534
1636513116.31496 -0.291733457371457 0.0332470329517821 1.08795566768384 0.99990721437196 -0.00148758897006752 -0.013537362734069 0.000299225949657499
1636513116.81521 -0.28749474129639 0.0559379023894715 1.72868787698785 0.999969814150736 -0.000581921251435124 -0.00774762578148572 8.0310338963262e-05
1636513117.31546 -0.295898575890654 0.0686652214481919 2.17525357576802 0.999982931256654 -0.00174039554676981 -0.00549030069544802 -0.000982250968095842
1636513117.81572 -0.296066966337162 0.0730277137039953 2.35953594541756 0.999980778412745 -0.00224796103526 -0.00564001555848338 -0.00125686145761904
1636513118.41604 -0.297659310266087 0.0710214069269068 2.35673481055258 0.999981767175706 -0.00104530549076631 -0.00572050171746937 -0.00162742516968106
