1636512861.5812 0.000571659201503713 -2.02555111964388e-05 0.000231403988977393 0.999999996177197 -1.40444869743684e-05 -8.34052752590265e-05 -2.21792142714221e-05
1636512862.08146 0.00179303973629502 0.00648493615888447 -0.0018795314870648 0.99999970249928 -0.000231686988697211 0.000735594810517945 1.49253311598386e-05
1636512862.68176 0.00723559176879733 0.131768975749386 -9.69911559160964e-05 0.999998411780478 -0.000414874701442461 0.00173113239657042 8.65801951499589e-05
1636512863.38225 0.0212390935331356 0.480579156991702 0.0071251305972666 0.999997167214377 -0.000195748053325414 0.00235564297232944 -0.000279628516287212
1636512864.18254 0.0566052989564743 1.12374352655384 0.023396503753246 0.999964013938974 -2.02145528598604e-05 0.00245125065538898 -0.00812168631826267
1636512864.68279 0.0985517615405004 1.6455744743378 0.0358904206728219 0.99969728582741 -0.000401040490325448 0.00264615307341821 -0.0244575908410362
1636512865.18307 0.182021756095097 2.24148090708127 0.0490671509061736 0.99876866962015 0.00178656878245367 0.00428316951366432 -0.0493923801420752
1636512865.68331 0.303935172318716 2.90118431149364 0.0744290109480408 0.996820394293368 8.10378660989224e-06 0.00396979229071941 -0.079582298310066
1636512866.18357 0.496353711418835 3.60857870589429 0.0978689924464568 0.99326838125421 0.000720567329321171 0.00253786284196836 -0.11580571158436
1636512866.68383 0.7717185618258 4.34208693342925 0.120163729701921 0.98738630656036 0.0033793736841765 0.00305883828491324 -0.158264035582758
1636512867.18409 1.12179885959416 5.08753602563172 0.148476288460988 0.978813867154247 0.00351675742541997 0.00315590682980047 -0.204697547947798
1636512867.68435 1.55469654450051 5.80869529807698 0.178925419267832 0.965564241182783 0.0024260509558553 0.00422668016611992 -0.260119098877127
1636512868.18526 2.0693572150893 6.46207568020003 0.203949251614401 0.947733620194574 0.00266046800065867 0.00734799451896345 -0.318966948192839
1636512868.68485 2.64838685866176 7.0479424610949 0.227203871131234 0.926424175104147 0.00354132562975998 0.00916878109989714 -0.376353079233486
1636512869.18512 3.29573135122496 7.5333002661129 0.242416120751334 0.901588634729322 0.011526740517325 0.00987148614575733 -0.432328141278401
1636512869.68538 3.98724453848937 7.96301137329021 0.265987768426327 0.872081053042978 0.0105969351870894 0.0101663049507035 -0.489141071810312
1636512870.18564 4.73293816772335 8.28348434305646 0.297825963449932 0.838818544511699 0.0134531028519704 0.00881053828582706 -0.544173536495522
1636512870.68589 5.50942091855658 8.50858850847042 0.323309497429645 0.802490794526388 0.0148849940324542 0.00814460650635426 -0.596423194584111
1636512871.18615 6.31303559872759 8.63966160455412 0.338652297835207 0.763388300285396 0.0157857977650868 0.00965608642554785 -0.645674741314259
1636512871.6864 7.1452898542666 8.66476784447716 0.359206170090314 0.719562974228006 0.0159442219243735 0.0100498697721919 -0.694171382314868
1636512872.18666 7.96339546846784 8.572052680465 0.372379926498342 0.672467530170125 0.0173702882536233 0.00827083579569301 -0.739876535124692
1636512872.68693 8.77367181360377 8.37730244552048 0.389002146905402 0.624378309043024 0.0157887094558935 0.00865115899583474 -0.780914592832226
1636512873.18854 9.55988276551572 8.08783587895417 0.403314420198453 0.577937650471477 0.0154719072347361 0.0118387296867324 -0.815848354005469
1636512873.68744 10.303190099974 7.71092305525593 0.40366393649414 0.535743625098028 0.018763990805644 0.0132141939137118 -0.844068756615882
1636512874.1877 11.0332971696871 7.27138105331937 0.403638058804349 0.500759332304257 0.0208647941729656 0.0168545580472957 -0.865170893724092
1636512874.68925 11.7429543837755 6.78312292059566 0.418719344110899 0.474497058206784 0.0208819584123182 0.0203498580492665 -0.879774044197344
1636512875.18821 12.4249708488601 6.24004631288058 0.431989439028853 0.454903410589777 0.0216680329594811 0.0183881439199523 -0.890087220189479
1636512875.68847 13.0907296381953 5.66198864969296 0.448159320499749 0.436579120839998 0.0225791328100819 0.0165945339070727 -0.899229378664046
1636512876.18873 13.7318690635151 5.0669837993476 0.46071450256426 0.415002048487676 0.02041253151359 0.0177106720868735 -0.909419023554308
1636512876.68898 14.3481545383542 4.42124435934725 0.462404296996434 0.391983906264433 0.0207485845206709 0.0167218858153878 -0.919586043828875
1636512877.18924 14.9252390950793 3.74304901753597 0.46962688981639 0.369573528643805 0.0212217824296024 0.0144313589643441 -0.928847015796853
1636512877.68951 15.485009861051 3.03649580229316 0.468653289855714 0.348100216720065 0.0224277438801916 0.0144819126940487 -0.937077109755974
1636512878.18976 16.0269288172435 2.29740730911608 0.467110651750293 0.329863458223606 0.0220361917870705 0.0150089884426873 -0.943652073301497
1636512878.69002 16.5525559173515 1.52887332968303 0.472778560272962 0.318210365980872 0.0209824393409998 0.0146151686632374 -0.947675206527303
1636512879.29032 17.1475301656494 0.58993231090148 0.473950047798288 0.308722921942968 0.0239039796893116 0.0111936298764923 -0.950785706598599
1636512879.79059 17.654670010712 -0.182216160777526 0.463593697629006 0.305998860949677 0.0230457661679241 0.0138181630397975 -0.951652587938182
1636512880.29084 18.150528286299 -0.96890463754693 0.451843459293802 0.303749574349552 0.0227439129465897 0.012752668274345 -0.952395023064604
1636512880.79111 18.6403549014193 -1.75942275792777 0.45231340726896 0.301265610341738 0.022575795056736 0.0112594206832692 -0.95320647865447
1636512881.29136 19.1373320418435 -2.54544848924698 0.446599996995759 0.299920561687217 0.0216045575926033 0.0129692446578066 -0.953631322084933
1636512881.89167 19.736931300599 -3.50498959070159 0.441759045875482 0.299319711608688 0.0195909435330751 0.0139393729626847 -0.953849882872238
1636512882.39326 20.231975414936 -4.3064091337991 0.437867529865914 0.299828224673952 0.0184093607234198 0.0136055705620195 -0.953718522194207
1636512882.89218 20.7219069904902 -5.10663664208975 0.431608262078876 0.300266711882556 0.0187079318237425 0.0127743409955139 -0.95358624740201
1636512883.39244 21.2145560557104 -5.8973695831782 0.422699006304637 0.304645123417081 0.0208324161026274 0.0131867385248551 -0.952146768699341
1636512883.89269 21.7180971597303 -6.66895181401125 0.414372827820955 0.315372189984211 0.0224726759412375 0.0147999476612911 -0.94858648639427
1636512884.39295 22.238661978878 -7.4342820310491 0.411386482837252 0.333448458857539 0.0238337090375634 0.0128616906643751 -0.94237925301457
1636512884.89425 22.7958854360512 -8.1652497472277 0.420740162226557 0.357540774067352 0.0231668863293314 0.0119370261723739 -0.933533822452771
1636512885.39348 23.3895373394052 -8.85143684952379 0.427883974333975 0.387935201927879 0.0231787081181331 0.0113596219493008 -0.921325124798146
1636512885.89372 24.0313398363395 -9.48928489042286 0.441438574050522 0.426230582488917 0.0234740246405834 0.010444737166642 -0.904249616081672
1636512886.39398 24.7285604306578 -10.0631384923551 0.458141456315077 0.468132790915639 0.0216775204376772 0.00954523222064359 -0.883340627232249
1636512886.89491 25.4728183327063 -10.555138461617 0.479370131303682 0.5194016858745 0.02230920405984 0.00711144324254571 -0.85420935109606
1636512887.39574 26.2478807404509 -10.9178221026319 0.505020846655687 0.57872376910284 0.0210119353125092 0.00754326186032389 -0.815218005720146
1636512887.89477 27.018779978793 -11.1610966612865 0.525017786288785 0.638865393892917 0.0230559112045617 0.00648215441401362 -0.768945651602718
1636512888.39505 27.7877850116789 -11.2641687444134 0.546215775852148 0.699488264323012 0.0219420271357554 0.00695230845458293 -0.714273323684083
1636512888.89528 28.5626843242933 -11.2463079769289 0.572311826173701 0.756255792374745 0.0192504383881866 0.00538795786735168 -0.65397061633649
1636512889.39554 29.3093525471411 -11.1026249443737 0.596834343468689 0.808971942601708 0.0176844836992737 0.00430319739136745 -0.587565432621525
1636512889.89579 30.0348021495798 -10.8379737557367 0.614383474245843 0.852628562939202 0.0189490732836213 0.00456973641291039 -0.522153793236283
1636512890.39605 30.7171401059728 -10.4619214078884 0.640317401619495 0.887595474283331 0.0176871662636092 0.00566266994286082 -0.46024925024429
1636512890.89631 31.3432390617344 -9.97951716755225 0.657356065460169 0.914827103117181 0.0127661580668337 0.0098742957636513 -0.403523103295973
1636512891.39656 31.945525277323 -9.42638215740972 0.681012920720354 0.936442585170976 0.01222869680536 0.0080157473940664 -0.350516035933389
1636512891.89685 32.5006431088247 -8.77858934251774 0.713624815556358 0.953544774594189 0.00955458636234274 0.00327533995681597 -0.30108195706772
1636512892.49719 33.065033571933 -7.92994327145421 0.745646921287575 0.969869613463564 0.00580498728756016 0.00222395966531401 -0.243545250427997
1636512892.9974 33.4759077490131 -7.17049514139326 0.763079784527672 0.980752110206899 0.00601572911914505 0.00111492100482356 -0.195161129016599
1636512893.49765 33.8039525465526 -6.36701346166795 0.781705564221067 0.989296039582751 0.00413739669376871 0.000775361290325542 -0.145861670185662
1636512893.99791 34.0433187314562 -5.54187409236726 0.800591505047518 0.995505266065485 0.0023010573656289 0.00137645815244654 -0.0946682403651943
1636512894.49817 34.2029771358693 -4.70764672598417 0.815743529395479 0.999262567258265 0.00350230655449055 0.000122357571525445 -0.0382366388931495
1636512894.99845 34.2464251053132 -3.88095674130211 0.826823588467128 0.999649657045069 0.00140855683665134 0.000376907457256927 0.0264279601574151
1636512895.49869 34.1820343438174 -3.09135113271034 0.839585196757995 0.995342222986554 -0.000618076378747154 -0.000176036650946425 0.0964025214030892
1636512895.99894 34.0071148064872 -2.3197163111052 0.853990489840182 0.984484831817037 -0.000407727655849442 -0.000471736149449527 0.175468593045437
1636512896.4992 33.7177204871099 -1.62760338849585 0.865035209765343 0.965497997002747 -0.00198450778328039 -0.00128543912610657 0.260399744928438
1636512896.99946 33.3088840135427 -1.01308944428725 0.868940108436862 0.939764441154152 -0.00698346016641802 -0.00267443139343369 0.341740945517289
1636512897.49971 32.7928409273234 -0.438041535626999 0.867086059487102 0.913944581707188 -0.00830458306437006 -0.00440417974150646 0.405730130344056
1636512897.99997 32.1869301141642 0.0923562391809344 0.866286707940209 0.888556716430642 -0.00702106764579002 -0.00554982291663748 0.458679480422552
1636512898.50023 31.4954768304209 0.556328288758323 0.85811210768818 0.862619955208115 -0.00878885902508298 -0.00860628818608269 0.50570297669427
1636512899.10054 30.5760517900561 1.03664445003481 0.849356287155006 0.832204929046966 -0.0104960020350419 -0.0110732126470634 0.554258219580809
1636512899.6008 29.7438249249847 1.38269213164665 0.837639235205388 0.807724208007728 -0.00999029940373074 -0.0128478017100726 0.589335839489956
1636512900.20111 28.7113708575358 1.69910104598011 0.808597447611617 0.774183456399025 -0.011553630062494 -0.0138428398086222 0.63270440590885
1636512900.70137 27.8324530528976 1.86585916438276 0.781584033533911 0.739610465123512 -0.0141038656676996 -0.0148776337207101 0.672722897534997
1636512901.20163 26.9437467677022 1.94371653548309 0.745706534469815 0.699045184965786 -0.0149023306883645 -0.0145639971496238 0.714773838289588
1636512901.80196 25.8820992670598 1.89025142756776 0.708306966448898 0.645220962221129 -0.0162197915150797 -0.0155603386143854 0.7636653089776
1636512902.30219 25.0273432720123 1.73724791192728 0.672848575352197 0.597947102088545 -0.0180613469797767 -0.0145275455892494 0.801200350267235
1636512902.90319 24.0374224680428 1.41669977485475 0.635510301101775 0.538677504595835 -0.0204389851758266 -0.0138194662858459 0.842150708768306
1636512903.40276 23.2614888630815 1.05261567918147 0.607418634120598 0.487993499531487 -0.0208392772145142 -0.0128358476329126 0.872504045810524
1636512904.00306 22.3974402859691 0.497273232992223 0.577584658489202 0.435496238422668 -0.0215935897258907 -0.0129258522623341 0.899838688624661
1636512904.60337 21.5944293226727 -0.158447444700154 0.551065832952075 0.391330688461073 -0.0232189541830904 -0.0159963142335481 0.91981807460289
1636512905.20368 20.8041128151924 -0.881787687330129 0.514274434651672 0.356192550108173 -0.0209696609885102 -0.0121583675218151 0.934098129033919
1636512905.804 20.0779020765457 -1.68212676221256 0.491827612937438 0.334931243479216 -0.019352422762607 -0.0174357400356912 0.941882445342353
1636512906.40431 19.339042779981 -2.49257283072774 0.456174462591488 0.335347415997923 -0.0185000080276963 -0.0158410855427027 0.94177965591497
1636512906.90456 18.7015068714661 -3.18369845785809 0.427103538380128 0.344247566364071 -0.0171226354708674 -0.0163225631089022 0.938580844861274
1636512907.50487 17.9053736053016 -4.00467314825216 0.390436314734729 0.36163488890798 -0.0164529497742741 -0.0181697296669008 0.931997515282133
1636512908.10518 17.0725294640483 -4.78982540515772 0.348725171586307 0.379804029234092 -0.0171304274448746 -0.0175388154290927 0.924742038509361
1636512908.70549 16.2201773979166 -5.53794016861478 0.305980151200656 0.399982923213246 -0.0196130815169591 -0.0176146632099838 0.916143390420514
1636512909.20575 15.4830108818492 -6.13226580125174 0.271724441722434 0.418822490436258 -0.0204014629983911 -0.018194437138362 0.907656578376158
1636512909.80702 14.5619688761791 -6.79587445944674 0.236091158777189 0.441809780996466 -0.0185288613792182 -0.0177704843051138 0.896741327585278
1636512910.30632 13.7936634927111 -7.30971104803353 0.202652212422654 0.458689496894488 -0.0196343024105425 -0.0187802672459236 0.888181142093045
1636512910.90662 12.8292176484775 -7.89832968956745 0.160578546996521 0.473867601313291 -0.0208490843860881 -0.0190484742325865 0.880143151842506
1636512911.40688 12.0140192894668 -8.35791357917955 0.130246237403021 0.487305342706436 -0.0205721262479656 -0.0186412910106246 0.872790234169046
1636512912.00718 11.0256087074429 -8.86031009571078 0.0960519198289717 0.508606499115085 -0.0199777693828012 -0.0169905121735603 0.860599581852365
1636512912.50744 10.1827680937152 -9.24624694034705 0.0667763419355943 0.528286315397861 -0.0194600499292415 -0.0179876131219199 0.848652650496232
1636512913.0077 9.30926893318284 -9.58043690173933 0.0440695686671258 0.554216503859309 -0.0167577683958904 -0.0179572259376073 0.832010085326482
1636512913.50796 8.41805676428908 -9.85077993284636 0.0150865560314052 0.585950321861417 -0.0146601305739048 -0.0179116867564715 0.810016340797885
1636512914.10844 7.32175904745028 -10.0841596301784 -0.0237727466636298 0.62744250668825 -0.014945351997838 -0.0192185324249128 0.7782822015605
1636512914.6087 6.38835075096214 -10.1893072775713 -0.0611683978412967 0.664048999778944 -0.0161609216949382 -0.0210415477645303 0.747218176820015
1636512915.20918 5.30057635152675 -10.1695002604258 -0.0989696089635983 0.718225751232501 -0.0193714616668911 -0.0197415340800155 0.695260230828404
1636512915.70945 4.42365494840082 -10.0276687620609 -0.127515903953264 0.763178898240447 -0.0217721628021066 -0.0190576077627644 0.645539115618702
1636512916.30975 3.46148608764998 -9.69402465777634 -0.149089282911696 0.815230735721514 -0.0201515700037485 -0.013589266699956 0.578626039503841
1636512916.81001 2.71843533644652 -9.31083460740784 -0.1546176173634 0.853684129773202 -0.0192284562251958 -0.0133923195239754 0.520263701234609
1636512917.41033 1.92140381308797 -8.74301175473822 -0.171369866227439 0.893718061229856 -0.0227040613185448 -0.0119896141730212 0.447893739388233
1636512918.01081 1.26764187995144 -8.04979653392157 -0.161023901703549 0.929625141373927 -0.0176624153335111 -0.00837945060316395 0.3679876634042
1636512918.61111 0.742741295593014 -7.25729229913686 -0.148099131748948 0.958283971928309 -0.0130595861956985 -0.00614264709738234 0.285453226011441
1636512919.11137 0.390905761237835 -6.52647818093795 -0.142530401060817 0.97449143999709 -0.0124044449121263 -0.00495406595924176 0.224026829530063
1636512919.71215 0.0974179570189234 -5.58213935186582 -0.128626591269221 0.988114675352666 -0.00855865081782673 -0.0037376785486583 0.153434571097716
1636512920.31199 -0.0633961484783684 -4.60626056940295 -0.113365440727995 0.99615012879367 -0.00397550153834245 -0.00275846433341365 0.0875300357956919
1636512920.81225 -0.110902804127221 -3.74513454605304 -0.101910043120004 0.998920926979173 -0.000305110139549666 -0.00158990215794922 0.0464150919637175
1636512921.41257 -0.116200751570904 -2.69708988521657 -0.0870122226692927 0.999874303049503 -0.000551374490031943 0.000685560155768245 0.0158304799268682
1636512922.01319 -0.065906151916269 -1.6467067577607 -0.0697770655130573 0.999999270656247 0.000740782553220866 0.000836294252999524 0.00045884649427978
1636512922.51315 -0.0304835017416601 -0.78795948559211 -0.0518561581756908 0.999990446338368 -0.00218673643596759 0.000544524204233353 0.00374551854122371
1636512923.11344 0.0181938856800744 0.0336438475079074 -0.0273176826275176 0.999988303824035 0.000133262365166397 -0.00165875435885218 0.00454125425930428
1636512923.71374 0.0445612495878172 0.428964174424512 -0.0227372169409491 0.999989490672854 0.000206483360736917 -0.000294591047019884 0.00457046218484835
1636512924.214 0.0550904751253757 0.454141299429552 -0.0249604896053755 0.999988120375162 -0.000169438685950686 0.0012661422242196 0.00470396459925852
1636512924.71431 0.0587111098415266 0.453610325695565 -0.023973007920873 0.999988787783525 -0.000265746616789259 0.00121352237804588 0.00456957869073398
1636512925.31456 0.060463417143258 0.45081822461808 -0.0227327294345824 0.999988887611728 -0.000311145199933631 0.0010258997782521 0.00459079201970581
