1636512861.49996 0.000316400158147061 0.000159212747587822 3.70158457388771e-05 0.999999998634108 -8.30314015281268e-06 -4.99451794945973e-05 -1.29738324556847e-05
1636512861.90224 0.00150164908873776 -0.000722255084225113 -0.000216073888398623 0.999999992714564 -5.39792933359768e-05 0.000106134270345703 -1.98147557136548e-05
1636512862.23704 0.00242729143298358 0.0235694071961158 -0.0024700719350662 0.999999312908849 -0.000280811543316774 0.00113808722358917 9.17486199189468e-06
1636512862.70577 0.00762666865771972 0.140114694590212 -4.21067249535692e-06 0.999998314453353 -0.000436703011218544 0.00178027868120084 0.000104827237621175
1636512863.04096 0.0140895999596162 0.282479374677623 0.00286874785332705 0.999997882960754 -0.000153216955354478 0.00205067790504972 7.29294488419045e-05
1636512863.37573 0.0210322249164457 0.47650239488323 0.00702103791388769 0.999997159760049 -0.000191477342974466 0.00235943135030716 -0.000277294005804058
1636512863.84481 0.039146481698317 0.823218273636933 0.0149552703989543 0.999992827155254 -0.000201910329031557 0.00271518077691695 -0.00263299517851241
1636512864.17959 0.0563936711196796 1.12097100750146 0.0233240302044539 0.999964501754585 -3.59305209539893e-05 0.00245412413127317 -0.00806047234665546
1636512864.5815 0.0877878726414711 1.53306070692443 0.0331516033187053 0.999793370395693 -0.000339775949740724 0.00234170746493006 -0.0201895386592405
1636512865.11739 0.16842042509355 2.158681257018 0.0468596080340862 0.998941607952582 0.00141362976321248 0.00414565867374802 -0.0457873242957507
1636512865.51933 0.260337090145564 2.67814944068069 0.0658990715269253 0.997607470542001 0.00137145523531838 0.00425611799210668 -0.0689879648124663
1636512865.98838 0.412017815404565 3.32686996140998 0.0903894760782509 0.994872270154746 0.000279443633149619 0.00268187728604897 -0.101103390262743
1636512866.39006 0.594648850747188 3.91031033255251 0.105681876913079 0.991097631046382 0.00060144832692075 0.00298870892161979 -0.13310218485488
1636512866.792 0.844120065123999 4.50098044851301 0.127131420361723 0.985816537941582 0.00461427173002843 0.00274693704216182 -0.167740622254005
1636512867.12702 1.07880764936982 5.00287125647363 0.146691269186002 0.979991958147241 0.00371158586076871 0.00283710725860339 -0.19898225277531
1636512867.52936 1.41275559262073 5.58821865616668 0.169763661882545 0.970244596804849 0.00341465048430154 0.00375112281385723 -0.242073731765141
1636512867.86389 1.72725361520056 6.05080929110378 0.187440771637929 0.959572051611389 0.00179404101399107 0.00580083827157505 -0.281397600306927
1636512868.26589 2.16203329096138 6.56100316276662 0.209583991287434 0.944454288681725 0.00335510499807134 0.00746959098312289 -0.328540781443788
1636512868.60075 2.54769124199384 6.95493159672636 0.225299941198891 0.930212942569627 0.0033193917281362 0.00863149069829442 -0.366903748254003
1636512868.93555 2.96813824680874 7.29810016036386 0.236432125789458 0.914342556566773 0.0085995638762876 0.00888206173478278 -0.404752820535466
1636512869.33751 3.49667478483429 7.67595265210157 0.25007818388568 0.892865855889853 0.0107722755721863 0.0103303671178132 -0.450075332561438
1636512869.80654 4.16099716582296 8.04592901915549 0.2701280944125 0.864415920047472 0.0119321182714405 0.0100627426048586 -0.502535056422243
1636512870.14289 4.66936397441927 8.26079992162174 0.294757045579883 0.841662938958856 0.0131713705726123 0.00890666005289468 -0.539769102104855
1636512870.67799 5.49674344116342 8.50570663331544 0.322924006373703 0.803079282837609 0.0148981676362549 0.00814682451382438 -0.595630203505878
1636512871.0792 6.14550008951441 8.62118535260422 0.334439650151345 0.771499441580101 0.0156847468573974 0.00924821848632268 -0.635969394556405
1636512871.41419 6.69827963277694 8.66965618984333 0.348883509594993 0.743662426627839 0.0148832839151049 0.0100410577166191 -0.668314192758038
1636512871.88299 7.46813835027193 8.63381108846668 0.364769576348723 0.701367094458829 0.0179355839468139 0.00790327761185933 -0.712530737471624
1636512872.28491 8.12732003401056 8.54624896273955 0.373615982737685 0.66341510124983 0.0164304965692399 0.00894041446291302 -0.748017721184062
1636512872.61995 8.66855990453227 8.40952918627818 0.386481949681962 0.63087203730056 0.01600186074253 0.00858309629252349 -0.77567437979029
1636512872.95473 9.19707436994821 8.23843827130109 0.395638763540816 0.598428584749641 0.0153060954985219 0.0112508550592261 -0.800950916508352
1636512873.35688 9.81451737313745 7.96899774875666 0.407977426556393 0.563479260588619 0.016003169722943 0.0119959596350194 -0.825888078614625
1636512873.69177 10.309494641717 7.70741733203936 0.403664463455402 0.535427869004408 0.0187888114244274 0.0132367534031481 -0.844268183705865
1636512874.09353 10.8986893860486 7.36006922563941 0.404521005631627 0.506706945122861 0.0202406545481505 0.0163591208979142 -0.861725459082629
1636512874.42852 11.3763806862466 7.04104683103055 0.410609213276556 0.487019050809145 0.0211161068532716 0.0183801296243995 -0.872942566848078
1636512874.83032 11.9357064454197 6.63179937421635 0.423280885200644 0.468445894170175 0.0212552495523279 0.0194303106099692 -0.883022718638187
1636512875.16553 12.3942710045337 6.2647578510605 0.431695975206659 0.455591831782369 0.0217113325064239 0.0182727697249676 -0.889736369235606
1636512875.63522 13.0228264257415 5.72661833909938 0.44612592008984 0.438971999433415 0.0218885296818125 0.0173811819401398 -0.898065905430199
1636512876.17026 13.7096797524982 5.09003213503924 0.460508564270961 0.415784434122031 0.0203949477749046 0.0178845469302505 -0.909058575355945
1636512876.57185 14.2019281410836 4.57288691128811 0.463190950662357 0.397525191244685 0.0210916816953336 0.0157902979441645 -0.917212914093546
1636512876.97401 14.6798480276496 4.0355082038899 0.468823815982494 0.379128000082397 0.0209117763793525 0.01457505230776 -0.924993094575526
1636512877.3088 15.0599817791462 3.58269725459236 0.469835310263486 0.364570468475684 0.0211673797996417 0.0152227421263914 -0.930810713125924
1636512877.7794 15.5824186870198 2.9061145245598 0.467769035499539 0.344396939671757 0.0224930154704885 0.0142034385459224 -0.938447161289992
1636512878.11271 15.9472573530209 2.41446655385335 0.466986746387719 0.332095127701112 0.0219443006210269 0.0155332922441502 -0.942862657368237
1636512878.44754 16.2945546495809 1.90161446604101 0.468833359816719 0.323044824374831 0.0220873732609984 0.0134540859774596 -0.946030219896582
1636512878.84961 16.7172002270032 1.2795165207289 0.475017983059618 0.314970633374845 0.0210390908939559 0.0142700171001913 -0.94876088841065
1636512879.1846 17.0444681196202 0.752635674020012 0.475320041421384 0.309317025343857 0.0232248765453868 0.011138628225517 -0.950610074585333
1636512879.65347 17.5179776853344 0.0295034448583663 0.468059239248917 0.306652939515978 0.0230282936212843 0.0134633732146028 -0.951447534003208
1636512880.25616 18.118238157176 -0.915813327335297 0.452441157538 0.303886746804512 0.0226485394911465 0.0130465052979633 -0.952349556347352
1636512880.59126 18.4437578870449 -1.44791736090435 0.452337495215984 0.302492462912791 0.0228641645136003 0.0110580800722106 -0.952813338869248
1636512881.12721 18.9757900647907 -2.28758314322082 0.448495631393282 0.29994068940353 0.0219509362647899 0.0126991339100279 -0.953620716655825
1636512881.59602 19.4358934169471 -3.02756921331076 0.442221558923157 0.299441708325518 0.0215532653834049 0.0130575450107101 -0.953781746829274
1636512881.93081 19.7748952204853 -3.56574569182367 0.441691662168884 0.299369104296537 0.019500551981921 0.014003847091419 -0.953835289833486
1636512882.39981 20.2387322409712 -4.31759132584122 0.437732253128161 0.299852292907246 0.0184401385747674 0.0136009187248457 -0.953710427088564
1636512882.86887 20.6980969884271 -5.06889598938508 0.431834643268282 0.300241577149418 0.0187510166562894 0.0127270069827792 -0.953593948186777
1636512883.27056 21.0956039133088 -5.70339427528168 0.423659877577599 0.30301812762876 0.0200015636337685 0.0135459616330751 -0.952678570507388
1636512883.67409 21.4970627313348 -6.33019141504754 0.417376584676978 0.30993895708796 0.0216001669615727 0.0148816298059605 -0.950394556361082
1636512884.07441 21.8980354592276 -6.94860237448472 0.410940051794304 0.320991351175672 0.0236669074238764 0.0131911432335033 -0.946694472205051
1636512884.40929 22.2569734675621 -7.45915856295369 0.411341250181332 0.334168227336023 0.023844650384892 0.0128739791612295 -0.942123818374039
1636512884.81129 22.7003439473868 -8.04689743684049 0.418559844730526 0.353007819001046 0.0234344653343448 0.0118952629049154 -0.935251200629564
1636512885.28015 23.2516147160152 -8.6966345779745 0.425223216425657 0.380556282060489 0.0230708753701587 0.0123060529897708 -0.924388020234883
1636512885.68205 23.7520630711809 -9.22827981406423 0.434122650662772 0.40922172747135 0.0236455939752696 0.0101341210729612 -0.912072235758221
1636512886.01713 24.1982997413508 -9.63443646755303 0.444116931881671 0.43598903441267 0.0232481306240499 0.0108804295473288 -0.899585850570839
1636512886.35209 24.6690812517445 -10.0174581316466 0.455575303060752 0.464352367954128 0.0218368839947795 0.00998200393904645 -0.885325018549772
1636512886.68692 25.1593984148405 -10.3674517731399 0.472501384468551 0.496568487074825 0.0216623322985541 0.00685516111926643 -0.867700113961982
1636512887.08877 25.7699215598101 -10.7102974722826 0.489490607198438 0.542388625808145 0.0217711765922357 0.00756223781950398 -0.839811530656077
1636512887.49073 26.39600997244 -10.9737177745262 0.509706529015367 0.590189744803971 0.0211859264952887 0.00729417336604164 -0.806953540596771
1636512887.89344 27.0167145527249 -11.160618878343 0.524953295075971 0.638701455583929 0.023050357822336 0.0064854121460705 -0.769081966417447
1636512888.42865 27.8392816407701 -11.2678600096986 0.547265701857408 0.703434208836107 0.022002828666903 0.00675369805611104 -0.710387624422288
1636512888.76529 28.361929114861 -11.262583303204 0.565254619078349 0.741693180723683 0.019794794548373 0.00585107529851794 -0.670421626064244
1636512889.23227 29.0672527705085 -11.1652251659054 0.587515313043783 0.792480505783391 0.0186138347656676 0.00477007930738846 -0.609594471310245
1636512889.56726 29.5621469993835 -11.0239782463246 0.604276980978814 0.824992694513469 0.0175419202186529 0.0041496356453112 -0.56485583608427
1636512889.97083 30.1391373487424 -10.7873390987423 0.618155552820217 0.858564262910125 0.018362590979312 0.00503922655042117 -0.512352249826126
1636512890.37115 30.6844905424803 -10.4829789589023 0.639233069865589 0.886105239087662 0.0176613982339923 0.00553624678807239 -0.463114381384686
1636512890.70602 31.1115356500126 -10.1754290656838 0.649923897356897 0.905455889881168 0.0152872394068736 0.00810445616096175 -0.424087549429542
1636512891.17507 31.6861941736616 -9.6845000375397 0.670121225329057 0.927636891749279 0.0129754119422345 0.00880493606149967 -0.373154001521649
1636512891.57697 32.1448293569362 -9.20193840253414 0.689479171325127 0.942881522393039 0.0103776450669788 0.00770027220581055 -0.332877522552374
1636512891.91178 32.5169050406328 -8.7573181559013 0.714813730087482 0.954016593156986 0.00950177668701042 0.00312309430154771 -0.299586886400109
1636512892.24668 32.8382954499049 -8.29288199317225 0.733606013409127 0.963689063477054 0.00677661298942868 0.00289848296119467 -0.266925205343434
1636512892.58183 33.1402800290901 -7.80715555270075 0.747725680070679 0.971889861078892 0.00615524610536948 0.00194333943276085 -0.235347475680711
1636512892.91673 33.4146112450985 -7.29639531348443 0.759918335469866 0.979164132298921 0.00612133832819692 0.00145247686343459 -0.20297295767499
1636512893.31877 33.6989283870325 -6.66839040541441 0.774862290889897 0.986420529259291 0.00627111230553322 0.000849108176758168 -0.164117310548206
1636512893.65339 33.8869894647219 -6.10912285305033 0.78842895703053 0.991446002108494 0.00325339578122105 0.000184682500108262 -0.130476841666825
1636512893.98829 34.0389617059048 -5.55878745075662 0.800225105297393 0.995404360607152 0.00224664041628176 0.00139575847763706 -0.0957244135494135
1636512894.32333 34.1623199368547 -5.00397930621778 0.813038001146288 0.998246469390146 0.00409467272234163 -0.000376734024158477 -0.0590514866610439
1636512894.65837 34.2279007817295 -4.44344060859006 0.819646160001257 0.999831230730908 0.00282991329364777 0.000132530407585737 -0.0181516963823904
1636512895.06032 34.2440866736857 -3.7818695573611 0.828250629579162 0.999396333762132 0.00101472163554707 0.000407302366968699 0.0347242351621223
1636512895.39508 34.2004237674832 -3.24737552211023 0.836230822521183 0.996703670229425 -0.00097699775562028 1.78670464626194e-05 0.0811223699564336
1636512895.73005 34.1174047524979 -2.72171762577101 0.848464958651317 0.991211808525697 0.000492064785041774 -0.000962025010171133 0.132279941863249
1636512896.06493 33.9755061014749 -2.22719439059142 0.85519787297683 0.982541738901581 -0.000801050974583521 -0.000380652136685948 0.18604016968801
1636512896.39981 33.7840801877063 -1.75931942418415 0.864417432349871 0.970022183121338 -0.00152202872595053 -0.00112580608244084 0.243009012675942
1636512896.80183 33.4841190295442 -1.24755595065369 0.868896781246824 0.95052131780893 -0.00456777132534989 -0.00212761182387823 0.310618468742317
1636512897.20376 33.1126108554949 -0.773444914359991 0.866543903477759 0.928845854609945 -0.0079159011252152 -0.00311430146641022 0.370368759494741
1636512897.53873 32.7487295994682 -0.395577642364526 0.866672503408536 0.912076728674561 -0.00840572809535885 -0.00444071315853876 0.409909337307827
1636512898.00765 32.1774280115757 0.0996077076588134 0.866097728332978 0.888169364659669 -0.0070547600137388 -0.0055630112127773 0.459428408946851
1636512898.3425 31.7225512022606 0.412976861258272 0.859240122315453 0.870863712620093 -0.00891728130115034 -0.00774089947335804 0.491382696694834
1636512898.87817 30.9231010547744 0.870850409659286 0.854786390085707 0.843438308329291 -0.00961816623639004 -0.010295458225109 0.537041259551637
1636512899.28031 30.2776484681692 1.16904529561767 0.847585204911246 0.823486354116448 -0.010171085334809 -0.011940169390158 0.567119216710249
1636512899.61644 29.7190772332183 1.39176804114671 0.837139970377084 0.806966464608458 -0.0100175885115599 -0.0129462744277972 0.590370364175049
1636512900.01718 29.0347106247755 1.61647340237724 0.818914864137601 0.785447811931033 -0.0103502661623963 -0.0131491184928939 0.618701630356653
1636512900.35208 28.4500636128583 1.75530282316609 0.802343385364337 0.764476692748474 -0.0129463687162457 -0.0147006399182709 0.644353683133271
1636512900.75382 27.7405424761362 1.87975422954504 0.77884197537523 0.735711555622902 -0.0139798728704738 -0.0146460387490254 0.676992292146976
1636512901.22277 26.9073715695701 1.94429935076999 0.74425854168762 0.697240975946208 -0.015025711165969 -0.0145943440985072 0.716530707357243
1636512901.5577 26.3107913800271 1.93013118863504 0.725852404184732 0.667612035140457 -0.0151503642067086 -0.015667885835822 0.744190267575072
1636512902.16076 25.2592649110519 1.78718347398011 0.679927401856522 0.610992598413442 -0.018287899452306 -0.0150461009782146 0.79128200552203
1636512902.49562 24.697618175135 1.64762076399714 0.661299334257505 0.578941381126675 -0.0185827839959105 -0.0143855499340469 0.815030437045877
1636512902.89751 24.0455606921276 1.42009038669817 0.63577725324399 0.53917868885731 -0.0204108656534672 -0.0137989489768196 0.84183093733393
1636512903.23249 23.5261513636477 1.18195793459597 0.612772848284558 0.505150165842855 -0.0227834528248428 -0.0145221959226452 0.862608445386375
1636512903.63442 22.9199694317718 0.852415284319081 0.599773026946497 0.466513651322644 -0.0200705667594619 -0.012592269659029 0.88419659591315
1636512904.17026 22.1690797335761 0.328290464488578 0.570511946087836 0.422045285802057 -0.0220474295817626 -0.0128795001220829 0.90621509922187
1636512904.50527 21.7235228808133 -0.0427218205497676 0.554584277304472 0.397862897720307 -0.0232162081880174 -0.0150540330711402 0.917027534146747
1636512904.84001 21.284664694011 -0.433808839993393 0.538302339065534 0.376916954712949 -0.0223296782269642 -0.0155023497984315 0.925848082501079
1636512905.44306 20.5091672151094 -1.19520752366266 0.506335639921246 0.345098602825528 -0.0202196115166835 -0.013735538109396 0.938248078405082
1636512905.77801 20.1080313259536 -1.6491576356023 0.493313610681542 0.335158150841853 -0.0193618402062237 -0.0175582067134014 0.941799258040219
1636512906.24684 19.5340150552202 -2.27776895056104 0.466098299910263 0.333696604363435 -0.0187863551026447 -0.0159856728310643 0.942357738527365
1636512906.58175 19.1125751016084 -2.73207337655818 0.446176762402198 0.338282557450344 -0.0172760061013851 -0.0145264891742808 0.940773847452356
1636512907.0506 18.5164213383866 -3.38722970217043 0.41760046462844 0.347994277878535 -0.0177929809015981 -0.0177585943502113 0.937159551368462
1636512907.38555 18.0672294303369 -3.84391360487894 0.397835274212671 0.358169645432703 -0.0166802355064486 -0.0178130194590274 0.93333754407064
1636512907.85433 17.4253841194424 -4.46812806774962 0.365522937831173 0.371973596764923 -0.0169957136172005 -0.0185139245377721 0.927903024904337
1636512908.25631 16.8617404398962 -4.98260206673084 0.338308200841132 0.384892239206316 -0.0184714787165925 -0.0178090978020162 0.922604793347752
1636512908.72523 16.1917700470979 -5.56258988881484 0.304746384010068 0.400676727631395 -0.0196937816279288 -0.0177965530040984 0.915834918312771
1636512909.12726 15.600550497375 -6.04092411174304 0.275693288900793 0.415745209876229 -0.020769584802025 -0.0179289313424098 0.909067158263371
1636512909.46275 15.091171891 -6.42460902316921 0.258342138702683 0.428772379435004 -0.0192298178101309 -0.0184932783941799 0.903018526606664
1636512909.79684 14.5767386661411 -6.78585307663276 0.236830006348334 0.441456117169774 -0.0185282739464786 -0.0178035102853472 0.896914842501489
1636512910.1321 14.0574897577673 -7.13780356041622 0.214159324528761 0.453347062845016 -0.0193820700801633 -0.0186139806378656 0.890928894858629
1636512910.53402 13.4225321306435 -7.53871198187146 0.18736836387116 0.464493373637809 -0.019216351029256 -0.0187234622366022 0.885170079511029
1636512910.93591 12.782543282554 -7.92598463741785 0.15852901515092 0.474605474608844 -0.0208972728086436 -0.0191312832978145 0.879742542713409
1636512911.27081 12.2353360220183 -8.23566978096847 0.13848439213091 0.483461548648536 -0.0203523867762514 -0.018612418282076 0.874931019690445
1636512911.67276 11.5812785582665 -8.59264865195336 0.117834540208569 0.496067774913843 -0.0208397376580163 -0.01956691181875 0.867813115819444
1636512912.07453 10.9139219866886 -8.91229619665874 0.0927797432952369 0.511053637819423 -0.0196150167440318 -0.0167331800485414 0.859162051696378
1636512912.47668 10.2344234161221 -9.22416589816412 0.0686847137566046 0.526994108237207 -0.0194520719499453 -0.0179166695280875 0.849457367813798
1636512912.87843 9.5389549955556 -9.49800830522216 0.0498789981099499 0.546935648972371 -0.0173193191028571 -0.0177767418690602 0.836806682882914
1636512913.21332 8.94580401539079 -9.70101684438085 0.0349821491278672 0.566314644214192 -0.0157810352261498 -0.0183790795316594 0.823833048688455
1636512913.61523 8.22439489828293 -9.90006216810828 0.00760967039967949 0.593274569019139 -0.0147628453318999 -0.0181220254700456 0.804660758547181
1636512913.95086 7.61179890815733 -10.0334400866827 -0.0145381909901774 0.616543527045854 -0.0145928939567822 -0.0190155136559045 0.786955867215072
1636512914.35228 6.8698391609986 -10.1426734834429 -0.0423351966404118 0.644600819753678 -0.0149474763363134 -0.0189474499609087 0.764138305716995
1636512914.75413 6.12173669756056 -10.2045381842809 -0.0704385597268633 0.676431310207697 -0.0179462377173406 -0.021759044635363 0.735965460534017
1636512915.0888 5.51379746199038 -10.1899731926948 -0.0918420553571934 0.707320459950657 -0.019490600714488 -0.0208177657111719 0.706317566006803
1636512915.49089 4.79526634151341 -10.1146057485145 -0.115497330306177 0.74360701565032 -0.0222878378755473 -0.0227129408265179 0.667859252296073
1636512915.82567 4.23136410516286 -9.97180382384369 -0.132791459878639 0.773664631721111 -0.0212714268104274 -0.0170799046834754 0.633007773160243
1636512916.16074 3.68764242851422 -9.78927256087874 -0.145630858046186 0.802859258679444 -0.0208673160323933 -0.0146854019634299 0.595622283702911
1636512916.49575 3.17517144112564 -9.56323515163993 -0.151309513195786 0.830293190454421 -0.0200157172675642 -0.0137185759041048 0.556798338379747
1636512916.83056 2.68925032801115 -9.29203287093654 -0.154746993010889 0.855143585594119 -0.0190989131247768 -0.0132902381915934 0.51786875663965
1636512917.16542 2.23187319336671 -8.98444387702842 -0.162180726222575 0.878092973660211 -0.0195926871837157 -0.0129558924554503 0.477913173147772
1636512917.63521 1.66596048829509 -8.48790925769583 -0.163346298348105 0.90808087074603 -0.0175920580140148 -0.010839750992079 0.418284773184961
1636512918.1702 1.11410965284874 -7.84849121251522 -0.159111458818922 0.938255820799458 -0.016290604705742 -0.00769252886278629 0.345472800570395
1636512918.5723 0.771517117442693 -7.31190289117119 -0.148977688297954 0.956795822216962 -0.01359315851921 -0.00635427194371346 0.290373214773169
1636512918.9072 0.525902850230424 -6.83153129633796 -0.145068835974318 0.968400614463312 -0.0122247480337553 -0.00534096774585857 0.249042726266255
1636512919.24205 0.317740856775334 -6.32632388685548 -0.138599631844565 0.978031725241941 -0.0110581286970647 -0.0043781322202088 0.208116539871906
1636512919.6439 0.125447807495782 -5.69056695256693 -0.130469303548285 0.986915159123458 -0.00844604508903792 -0.00395214729819417 0.160970536267998
1636512919.97879 0.0138571491906038 -5.15433227631464 -0.12434703621033 0.992415559530309 -0.00608198941679821 -0.00212674529044422 0.122759291140616
1636512920.31381 -0.0637391396640919 -4.60314500529737 -0.113276734865337 0.996165568884082 -0.00397115312041249 -0.0027634737441399 0.0873541786385353
1636512920.64873 -0.102315556172788 -4.02636790995709 -0.102883895800661 0.998308935326165 -0.00142947899945152 -0.0025511760139547 0.0580578826575288
1636512921.11759 -0.127265212531512 -3.21166760265005 -0.0951939368749218 0.999575227349512 -0.00197591961347404 -0.000722579332902688 0.0290678256834035
1636512921.51962 -0.113741774842009 -2.511564495136 -0.0837887446985015 0.999922927550443 -0.00146674732907656 0.000809999850397196 0.0123016873422898
1636512921.92155 -0.0779553359583649 -1.8038651743351 -0.0728037509933259 0.999998245353291 -0.000327452955280706 0.000796587399364546 0.00166358450828397
1636512922.32328 -0.0374620609209735 -1.11806695643828 -0.0587879950158627 0.999998239608749 0.000547005286225734 0.00107536405188621 0.0014370653345989
1636512922.79239 0.000107305974294651 -0.34661229868593 -0.0347584487640039 0.999984515919026 0.000609075255951168 -0.00265462529639147 0.00485282536879177
1636512923.12866 0.0182411201642715 0.0482080313886524 -0.0270718052443614 0.999988386034711 -8.21315535029224e-05 -0.00157842355715541 0.00455298025201462
1636512923.46235 0.0343970134208381 0.309300428649672 -0.0250336532606849 0.999988850381118 -0.00039784954208239 -0.000220212848682796 0.00470024845022856
1636512923.79708 0.046138520072124 0.451112788411008 -0.0225975218282621 0.999989515515969 1.31896509055374e-05 -0.00033085668098588 0.00456718929176388
1636512924.19893 0.0549284703287081 0.454513841002071 -0.0249462348522828 0.999988295372843 -0.000148090213689824 0.00113012675950458 0.00470212719010619
1636512924.66793 0.0584973278317944 0.45351315606476 -0.0242387037859252 0.999988721268919 -0.000270875704764397 0.00126895004688231 0.00456877741659236
1636512925.06993 0.0598986816622882 0.452214987099294 -0.023359537557229 0.999988677987505 -0.000325141585613351 0.00114476329189666 0.00460735246726571
