1636512861.5812 0.00781314164106033 -0.00185684534272795 -0.00284697551656676 0.999999978237328 -0.000202356219142399 3.39045027661287e-05 -3.77861011581731e-05
1636512862.08146 0.00434042040691904 -0.0157117262275004 -0.00921404182138336 0.999999918972648 0.000350128807426616 -0.000178077969535304 8.80497137188798e-05
1636512862.68176 0.016365914416177 0.0645576747501433 -0.0114350111028535 0.999999511633469 0.000897557606700237 -0.000324238214448767 0.000256890536117542
1636512863.38225 0.0429124458567265 0.379510223686365 -0.00459575809608076 0.999998789983074 0.00154999846882684 -0.000131011566330071 -1.93158950202776e-05
1636512864.18254 0.0834590394415057 1.01558382138329 0.00995709874599571 0.999975383956083 0.00187315971729096 -0.000230114727450349 -0.00675794360516594
1636512864.68279 0.108805464067748 1.55380219668291 0.0141386738924928 0.999753280396257 0.0021485475334494 -0.000578046349403928 -0.0221004059428309
1636512865.18307 0.194807935311611 2.13437756683815 0.0217331846282334 0.998921616613597 0.00395007467626051 0.000540138002257188 -0.0462569889105168
1636512865.68331 0.30174244688331 2.81370315084995 0.0422196473879209 0.997088179918269 0.00410146612998208 -0.000876016680387353 -0.0761417890362077
1636512866.18357 0.478605047049967 3.53356493694954 0.0610398207163366 0.993733227773201 0.00309780523899764 -0.000693071367585474 -0.111732695636671
1636512866.68383 0.73008363610634 4.27834796513255 0.076553572373052 0.988130541796928 0.00465841825337314 0.000477675145533385 -0.153545118235457
1636512867.18409 1.07115123744585 5.04398958657485 0.0989017551135864 0.979914382543365 0.00505084949658589 0.00126152021904606 -0.199350696940732
1636512867.68435 1.47771893779946 5.784095063183 0.123272696843167 0.967264560730803 0.00551459574541435 -0.000192021250263212 -0.253710113940795
1636512868.18526 1.97212512750518 6.45686980369342 0.141618321064291 0.949924919436666 0.00783044023643327 -0.00191617860788155 -0.312374230528849
1636512868.68485 2.54549545655461 7.06389060366589 0.172701656963547 0.928957767498827 0.00916397984525704 -0.00187288478448095 -0.370067534349576
1636512869.18512 3.2012178262892 7.55062881269432 0.194359109399072 0.904744877389348 0.0151233181071486 0.00334800201915339 -0.425672154327298
1636512869.68538 3.889597031873 8.00782929473455 0.233006562809533 0.876087077671121 0.0148269627730888 0.00248573162063954 -0.481918473033469
1636512870.18564 4.64181590665977 8.33816928146494 0.264502155432829 0.843243391401008 0.0168220216867273 0.00579950418951032 -0.537237348102357
1636512870.68589 5.40869936689174 8.57508819867182 0.299208234489871 0.807717471364822 0.018671208832273 0.00789281618121499 -0.589221160402008
1636512871.18615 6.22599561578156 8.7146003246266 0.319982415468301 0.768710518880516 0.0199627373822594 0.00802962791000404 -0.639234817852002
1636512871.6864 7.04859197573931 8.76203601701293 0.353897346669222 0.726350964951072 0.0202893286470296 0.00873349203197835 -0.686968954884154
1636512872.18666 7.87085483840665 8.67357104705359 0.371759555421337 0.679665634626464 0.0234772707844103 0.0122168948680181 -0.733044466825926
1636512872.68693 8.69545270465564 8.50002730673539 0.396706745384936 0.63195931802103 0.0223034765552314 0.0129276802616776 -0.774572688895624
1636512873.18854 9.49482799157106 8.22327189935016 0.412458134266743 0.585141760017867 0.0218969294604525 0.01199385292984 -0.810546601162014
1636512873.68744 10.2510688299376 7.84869859329062 0.417936976413788 0.541855376265236 0.0244256769181337 0.0108591333056712 -0.840046556295185
1636512874.1877 10.9950523863037 7.40852364210405 0.42695241498191 0.505973530012269 0.0249847509219327 0.00774153784557117 -0.862152317018332
1636512874.68925 11.7176150180625 6.91387062863355 0.450489058797954 0.478671952591194 0.023158007505003 0.00525685533161224 -0.877672623455326
1636512875.18821 12.4108299877697 6.36195848348352 0.462236770694962 0.458086589373073 0.0252270478482899 0.00660509133258315 -0.888524983026304
1636512875.68847 13.099077600116 5.79515622109656 0.486591484245029 0.440385214686024 0.0257783123624442 0.00765397766074997 -0.897406127638795
1636512876.18873 13.7545480740686 5.19329700156948 0.513655807661722 0.418820974272934 0.0247127297095406 0.00841735185772461 -0.907693461851013
1636512876.68898 14.3755066794215 4.554555533867 0.526834276326053 0.396287464617024 0.0262975998788371 0.0097068367411939 -0.917698457527582
1636512877.18924 14.9676561406985 3.8768944669084 0.543950786535133 0.373313199655126 0.0281289208823208 0.0113238700249191 -0.927209678951264
1636512877.68951 15.536662639714 3.19169468486154 0.553806188697253 0.352116686298026 0.0285630267639217 0.0106183066311451 -0.935459910577074
1636512878.18976 16.0854195965999 2.4468928018354 0.567761109467534 0.332912230925138 0.0283669893502146 0.0107825334958124 -0.94246936151106
1636512878.69002 16.6186248880604 1.68008725895932 0.580314851491006 0.320783037544088 0.028947426576404 0.0118493462747028 -0.946636087581418
1636512879.29032 17.2208413349124 0.732842656002359 0.584100390053694 0.310389203486138 0.032759378202749 0.0119133003531846 -0.949970230467095
1636512879.79059 17.7446614388057 -0.0362482916853458 0.59843516377952 0.30769313864307 0.0304854101545929 0.0111038739193918 -0.950932319454789
1636512880.29084 18.2396521650581 -0.829310450692619 0.607414969415955 0.305333808409998 0.0307248587228255 0.0117155497688172 -0.951677463425463
1636512880.79111 18.7411331756399 -1.61013289791495 0.618963468874555 0.302907017643146 0.0322701680724065 0.0125637179476951 -0.952390743291032
1636512881.29136 19.2436194021099 -2.3972161591073 0.630007214893627 0.301130335495265 0.0305770180052956 0.0122705964863926 -0.953013640760866
1636512881.89167 19.847241776052 -3.35777941042186 0.638183756137271 0.300601724160054 0.0289113131702009 0.0132860261858488 -0.953218873559985
1636512882.39326 20.3467992399325 -4.16313971668109 0.641979116218423 0.300780453079052 0.0280609391040255 0.0145562549917152 -0.953169354408112
1636512882.89218 20.8415478154739 -4.9556652776872 0.647226490420403 0.301369034762191 0.0290926567736533 0.0145871169672671 -0.952952012552017
1636512883.39244 21.3291754365843 -5.75209259521865 0.643417859613471 0.305046945619127 0.0294270581638695 0.0130594746501697 -0.951792970838786
1636512883.89269 21.8278022525671 -6.53638054364791 0.648219828698836 0.314832029656051 0.0288231033178538 0.0105624299169657 -0.948650861430078
1636512884.39295 22.3316262851169 -7.31279232392764 0.658605816019851 0.332227674195261 0.0311413625110313 0.010160926090378 -0.942630226345809
1636512884.89425 22.8752041785209 -8.0611521568979 0.676643449976941 0.355559204070952 0.0311248832582278 0.0107508115700058 -0.934073505722745
1636512885.39348 23.4785780333862 -8.75738798570291 0.693784839397676 0.385564440100247 0.030679783883448 0.0109318042634527 -0.922105909885949
1636512885.89372 24.097772749292 -9.41720403713741 0.706054630599576 0.423160645856125 0.0311814370820633 0.0109644697232437 -0.905451581358061
1636512886.39398 24.7922129571985 -10.0065208476865 0.732344290094244 0.464527087624092 0.029580251087576 0.0118728613486637 -0.884985100875981
1636512886.89491 25.5196922080477 -10.5215446643606 0.74453142264026 0.514947975216275 0.0301084176518246 0.0133675793044929 -0.856588217191142
1636512887.39574 26.294723671125 -10.9025820097335 0.771921464875049 0.573850596189427 0.0276271660249941 0.0126006018146243 -0.818396882804655
1636512887.89477 27.0651828936805 -11.1574671829022 0.795353860139257 0.634089676466186 0.0279990868287086 0.0121509425602424 -0.772656901820377
1636512888.39505 27.8468980401196 -11.2774585467543 0.821978982349625 0.694835668295305 0.0256570228315889 0.0108119598444316 -0.718629398764313
1636512888.89528 28.6408189363338 -11.2616184789183 0.853837852911211 0.752255510122658 0.0219356304718297 0.0112340578007108 -0.658410412699582
1636512889.39554 29.38933592759 -11.1216128274407 0.881788019655954 0.805578291255467 0.0188282361735886 0.0108888666492031 -0.592089981982139
1636512889.89579 30.1298056864082 -10.8449348378115 0.899032063306427 0.850263022042167 0.0184648654801613 0.0107807793297321 -0.525923584646634
1636512890.39605 30.8141492175211 -10.4593904324539 0.927578384235774 0.886030490901615 0.0166336727938654 0.00891007802060455 -0.463242809584452
1636512890.89631 31.4398799933141 -9.95274421999991 0.933232137668715 0.913797621744838 0.015255199720823 0.00344083832642456 -0.405868631464131
1636512891.39656 32.0559906487692 -9.39645375048473 0.97174568583919 0.935766509522993 0.0135019126399994 0.0040413332896915 -0.352338481627337
1636512891.89685 32.6043914550809 -8.7351174910429 1.01476486588837 0.953119473415642 0.00798373801260397 0.00474264534330353 -0.302451709597388
1636512892.49719 33.1665845700426 -7.8770225700799 1.04568438404387 0.969601384846136 0.00432300192911629 0.00223464235259953 -0.244641518414868
1636512892.9974 33.5825151626135 -7.11241463595161 1.06271759994034 0.980539533085473 0.00304730338299908 0.00300126091209474 -0.196275139616691
1636512893.49765 33.9150026667282 -6.29949280032567 1.07338334609133 0.989141415898275 0.00174299466759065 0.00191010159917297 -0.146944114670253
1636512893.99791 34.1480615220622 -5.47284077078775 1.08856391608066 0.995384098943991 0.000227643350062855 -0.000185843824509148 -0.0959708768848035
1636512894.49817 34.3218617359934 -4.64276194702981 1.09661013160446 0.999188495106904 -0.00154892064872797 0.00201507078989391 -0.0401981539443818
1636512894.99845 34.3722957551228 -3.81837540453533 1.10135622838348 0.999711481263879 -0.00254497269879933 0.000816701393297738 0.0238707004919535
1636512895.49869 34.3230559877576 -3.02653092336613 1.10894140303996 0.995597426178891 -0.00424237011281857 -0.000306532583807586 0.0936358548824531
1636512895.99894 34.1535406907326 -2.25923293515378 1.10565611273974 0.985115781638934 -0.00709869884188672 0.00159025901871895 0.171738103858512
1636512896.4992 33.8731147379047 -1.56103549547919 1.10684010421946 0.966551103921587 -0.0098718062084524 0.00147713816865791 0.256279786586797
1636512896.99946 33.4446378017117 -0.946320659852003 1.0999957090218 0.940704399441394 -0.0115117730027144 -0.00155812007788278 0.339028441603008
1636512897.49971 32.8880978988869 -0.38215273050798 1.09233233461557 0.913981297504802 -0.014143098203594 -0.00272780475527328 0.405500579119018
1636512897.99997 32.2757593672245 0.165717293585001 1.08883179144732 0.888228972800396 -0.0180090494768058 -0.00184396517724437 0.459044187205676
1636512898.50023 31.5777280775238 0.633867939092029 1.07666081585073 0.861833087550566 -0.0202073777687834 -0.00486767937738953 0.506765919122672
1636512899.10054 30.6511424737745 1.11105960063608 1.04678673119848 0.830630247707182 -0.0222859161718662 -0.00722010261730788 0.556331375757723
1636512899.6008 29.822874521638 1.4717150232626 1.02791507644738 0.80616031130512 -0.0246911901147936 -0.00834412376132283 0.591122891796455
1636512900.20111 28.7965787002592 1.79119657665555 0.988447552511595 0.772826403755764 -0.0254475597573428 -0.00999043521251611 0.634028361009659
1636512900.70137 27.9185767490155 1.9590892280535 0.954432848533729 0.738450382550309 -0.0245396538477511 -0.0118707170945667 0.673756576202411
1636512901.20163 27.0253893228106 2.03877594927719 0.918615568849004 0.698056649285498 -0.0257776835053162 -0.0113659254220565 0.715488113919933
1636512901.80196 25.9707118528176 1.9741070493086 0.877568460132788 0.644102211735452 -0.0263138553957841 -0.0126768180357914 0.764381593274063
1636512902.30219 25.1137085151423 1.805803841376 0.84334583619737 0.596240225475291 -0.0262600764573121 -0.0116330980792739 0.80229213690445
1636512902.90319 24.1474722274408 1.47512840884388 0.805020296891363 0.537109473450352 -0.026573683360728 -0.0102273050574946 0.843031823310242
1636512903.40276 23.3854822942974 1.09754196773979 0.784789127957469 0.486330917536208 -0.0276488314090487 -0.00923296018367956 0.873288344830246
1636512904.00306 22.5323369778868 0.521884103787675 0.743444111633643 0.432665154121419 -0.0292073147414876 -0.00937240154622313 0.901032715978692
1636512904.60337 21.7378506915343 -0.148521943679305 0.717670424439815 0.387894930160125 -0.0274981014109766 -0.0102697063247032 0.921236077619015
1636512905.20368 20.9572897872253 -0.879327164643779 0.682188264798454 0.352098796243269 -0.0317402898086252 -0.00970413479213938 0.935374161207611
1636512905.804 20.2542326750667 -1.68962748417597 0.66317442810545 0.329459353831246 -0.0294164972419791 -0.0143271747672775 0.943602636667733
1636512906.40431 19.546332412176 -2.4834703969703 0.634267527039665 0.329089810713229 -0.0311500381856645 -0.0139046517210922 0.943682272942688
1636512906.90456 18.9158495440728 -3.1760248149849 0.613142451205099 0.337934184910191 -0.0326799000572636 -0.0148503356174929 0.940484969754105
1636512907.50487 18.1335977697957 -3.9917253091171 0.569165869801054 0.354901776229275 -0.0309918755358099 -0.0164221075109617 0.934245442731714
1636512908.10518 17.316961565589 -4.77952609992563 0.524965541703899 0.373117529717394 -0.0307321520947824 -0.015661453342426 0.927142687359618
1636512908.70549 16.4711250226946 -5.53288313902936 0.483290530410138 0.39307346440236 -0.0290960816100887 -0.0137550732119964 0.918943669426259
1636512909.20575 15.7371513460532 -6.13653090801953 0.449490925076157 0.411889110620162 -0.0272778096771933 -0.013314468547083 0.9107282836165
1636512909.80702 14.8247089592226 -6.80246643809144 0.410209232431006 0.43500394572933 -0.0285391324484736 -0.0143282194766664 0.899862093459676
1636512910.30632 14.0503871905798 -7.33262732749127 0.379541282246427 0.452445468852087 -0.0269588712489413 -0.0142239988328784 0.891270999659139
1636512910.90662 13.0995657156303 -7.92078128159159 0.333436936102191 0.467841305123215 -0.0256073423306858 -0.0138673501027738 0.883332595255317
1636512911.40688 12.2884939300426 -8.38605598970931 0.304931651830777 0.481265122699417 -0.0255602683948909 -0.0137109797262428 0.8760950652684
1636512912.00718 11.2987684580338 -8.90182241183175 0.267725391246909 0.502136090340296 -0.0260164074916739 -0.0126768688604533 0.864304223242536
1636512912.50744 10.4525586897439 -9.30684132805605 0.236329865598657 0.521743724240348 -0.0259151598622107 -0.0134152613263083 0.85260302689392
1636512913.0077 9.5875594172883 -9.65148442643541 0.206863337165766 0.547117119963444 -0.0276651576391092 -0.0143931492476659 0.836474944843206
1636512913.50796 8.69881534402433 -9.9298179684243 0.17050299856779 0.578680110629195 -0.0288402439560471 -0.01502313844702 0.81490605299135
1636512914.10844 7.61023601761991 -10.1833621469043 0.132296171339779 0.620332220109319 -0.027259052760362 -0.0157946411514528 0.783706201358486
1636512914.6087 6.68602143295368 -10.3110491741933 0.0951824706634733 0.656735683703673 -0.0252993223471797 -0.0168722282114775 0.753507474385107
1636512915.20918 5.59941928886706 -10.3122316980789 0.0398152721678615 0.711006012815612 -0.0206230910696663 -0.0162418986804278 0.702695765308169
1636512915.70945 4.71325518447516 -10.1931504672151 -0.00689278663876308 0.756343631872661 -0.016697861480559 -0.0173542541174948 0.653731077593588
1636512916.30975 3.74781684642252 -9.88827222050699 -0.0239877842623514 0.808677090778704 -0.0150055337074896 -0.0126249609025655 0.587925851761984
1636512916.81001 2.97496588744265 -9.51903340836796 -0.0413878480019569 0.847682413896713 -0.0141489602402234 -0.0135148033459991 0.530143077088517
1636512917.41033 2.15455779343932 -8.98414960892448 -0.0636189181241315 0.888343204279418 -0.0093965560947261 -0.016387202049203 0.458791364078634
1636512918.01081 1.48003088808854 -8.29856848019134 -0.0741553256487886 0.924818729849624 -0.00946368174380272 -0.0122598641054122 0.380092687879281
1636512918.61111 0.916946917019032 -7.50190549582969 -0.0810556913930881 0.954595974575042 -0.00878224980398055 -0.00979387989253144 0.297612965662044
1636512919.11137 0.549082973810982 -6.77615708541529 -0.0768504922492487 0.971667920765254 -0.00727353910789319 -0.00951849651614483 0.236046490354434
1636512919.71215 0.229263318879573 -5.81856449024389 -0.0705354662259504 0.986213996493944 -0.00669918979610687 -0.00659701442368443 0.165207606895723
1636512920.31199 0.052348173963833 -4.8228356782309 -0.0685363624032306 0.99513384132837 -0.00564628640432212 -0.00329564595290999 0.0983152887939429
1636512920.81225 -0.0159643130458702 -3.95588208774107 -0.0681746757146625 0.998424878481145 -0.00437704509797112 -0.000130952363781643 0.0559337675970403
1636512921.41257 -0.0385381760394447 -2.89841933001009 -0.0555373808839553 0.999710222801388 -0.00170301629545665 -0.000517707399340402 0.0240062937777767
1636512922.01319 -0.00384626932228006 -1.8220513093954 -0.0441629291133172 0.99997542736807 -0.0010215659390457 3.2298665297745e-05 0.00693541778661179
1636512922.51315 0.0156427754133782 -0.936154067286272 -0.0206312814106683 0.999961168119152 -0.00123746035312882 -0.00183723304129974 0.00852968466048046
1636512923.11344 0.0506208502651691 -0.0894212409981371 -0.00661192262236487 0.999944607249625 -0.00383130356336498 0.000656633711754156 0.00978122577013802
1636512923.71374 0.0684012491504606 0.351413364124079 -0.00786028113130993 0.999953241747129 -0.00209314881572242 0.00012548416676087 0.00944019603431003
1636512924.214 0.0636895142946958 0.397034748816012 -0.00594972201982985 0.99995464442295 -0.00103941896000803 -3.96473799758146e-05 0.00946716078259338
1636512924.71431 0.0693661264151418 0.39852327758273 -0.00918523900480128 0.999956903193132 -0.000538480955087234 -0.000349632600508414 0.00926172509348643
1636512925.31456 0.0724063436680096 0.400098451687619 -0.00745892745717097 0.999955696085439 -0.000584005861276729 -0.000284544895177859 0.00939062498675678
