1636512861.5812 0.00776538173982474 -0.00214139400097807 -0.00285235620789126 0.999999978237328 -0.000202358248761897 3.39414031691916e-05 -3.77420784150349e-05
1636512862.08146 0.00458296997893382 -0.0152203453514749 -0.00920434927369151 0.999999918972648 0.000350116869094207 -0.000178143525607205 8.79645347266779e-05
1636512862.68176 0.0168230683883148 0.0658169630993468 -0.0114083117112669 0.999999511633469 0.000897555647915307 -0.000324408622770478 0.000256682155532179
1636512863.38225 0.0431584421507157 0.381661081620066 -0.00454977722776739 0.999998789983074 0.00154997240997606 -0.000131270916304489 -1.96433837159855e-05
1636512864.18254 0.0840424442187328 1.01788143151713 0.0100516148125869 0.999975383956083 0.00187173625857858 -0.000229919911324945 -0.0067583446270202
1636512864.68279 0.110161728490796 1.55579147764439 0.0142870876002779 0.999753280396257 0.00214392192061504 -0.000576740022608407 -0.0221008892732418
1636512865.18307 0.195088011188473 2.13784331330081 0.0218882345985862 0.998921616613597 0.00394068760415028 0.000542964190857072 -0.0462577564649555
1636512865.68331 0.304455460084664 2.81589093559216 0.0424641239555521 0.997088179918269 0.00408571749451825 -0.000870960638615027 -0.0761426937230029
1636512866.18357 0.481326350747341 3.53270075492747 0.0612712506663673 0.993733227773201 0.00307479502452646 -0.000685160525186825 -0.1117333800172
1636512866.68383 0.731794861961809 4.27788578642138 0.0767550339286656 0.988130541796928 0.00462703783923867 0.000488478811563106 -0.153546033089082
1636512867.18409 1.0721130581578 5.04212783242868 0.0990543640025241 0.979914382543365 0.00501021563815188 0.00127571462868539 -0.199351631987554
1636512867.68435 1.48081488389651 5.77983684092116 0.123454102744259 0.967264560730803 0.00546257929351908 -0.000173802530052341 -0.253711252360611
1636512868.18526 1.9781918027352 6.45209821304078 0.141851214692757 0.949924919436666 0.00776611357510439 -0.00189392235425888 -0.312375972141422
1636512868.68485 2.55168021001354 7.05791112530224 0.172862359081331 0.928957767498827 0.00908783935057519 -0.00184649900423615 -0.370069544573666
1636512869.18512 3.20362282462503 7.55240965430927 0.194329900161031 0.904744877389348 0.0150366628632511 0.00337758125394453 -0.425674990518051
1636512869.68538 3.89244699938049 8.00604051898472 0.232852220385244 0.876087077671121 0.0147286378447855 0.00251960545212531 -0.481921312200734
1636512870.18564 4.64147413596624 8.3386344047161 0.264137765657483 0.843243391401008 0.0167129197669295 0.00583721699175264 -0.537240344789165
1636512870.68589 5.4067796441749 8.57717351694506 0.298679619576558 0.807717471364822 0.0185518078847324 0.00793414083432606 -0.589224376859483
1636512871.18615 6.22433763960849 8.71624262949111 0.319299330358222 0.768710518880516 0.0198331118615166 0.00807450960066539 -0.639238287441425
1636512871.6864 7.04568401826273 8.76287546914004 0.353009538161558 0.726350964951072 0.0201500410730591 0.00878192108780178 -0.686972437162809
1636512872.18666 7.86691239756342 8.67940592430416 0.3707469681227 0.679665634626464 0.0233291286416961 0.0122682646068956 -0.733048338479912
1636512872.68693 8.68894880085229 8.50429675764737 0.39543355583301 0.63195931802103 0.0221469451379535 0.0129823814883733 -0.774576265424097
1636512873.18854 9.48790094650035 8.22524932845308 0.410961386760786 0.585141760017867 0.0217328700366246 0.0120513374071428 -0.810550163968809
1636512873.68744 10.2471950588429 7.85059659786835 0.416323538307542 0.541855376265236 0.0242553820601338 0.0109184185635261 -0.840050722152923
1636512874.1877 10.9934288545274 7.40646767092824 0.425171603101072 0.505973530012269 0.0248094020542693 0.00780239732967352 -0.862156832074387
1636512874.68925 11.7148219943723 6.90705579313643 0.448474406736554 0.478671952591194 0.022979060545119 0.00531919349831673 -0.877676951252296
1636512875.18821 12.4091720183409 6.357789498318 0.460078657799682 0.458086589373074 0.0250461041022622 0.00666790032026356 -0.888529632826707
1636512875.68847 13.0970316316402 5.79231897389429 0.484250383097679 0.440385214686024 0.025595725401209 0.00771736410166999 -0.897410811066176
1636512876.18873 13.750241879167 5.19047775927808 0.511081958762112 0.418820974272934 0.0245281634226471 0.00848169393520125 -0.907697869104126
1636512876.68898 14.3720445084467 4.55401238358953 0.524129195013389 0.396287464617024 0.0261112005568372 0.00977166716172262 -0.917703092025831
1636512877.18924 14.9653123314508 3.87914845123466 0.541141722566807 0.373313199655126 0.0279408448083201 0.0113891100505319 -0.927214566498449
1636512877.68951 15.5349243388315 3.19300361255701 0.550836195509333 0.352116686298026 0.0283731415108329 0.0106840962406536 -0.935464940101351
1636512878.18976 16.0830454006083 2.44810772836956 0.564608529515672 0.332912230925138 0.0281756955383763 0.0108488850678054 -0.942474338310684
1636512878.69002 16.616306953185 1.6828140705144 0.577023767256067 0.320783037544088 0.0287554585259872 0.0119159146099682 -0.946641102745891
1636512879.29032 17.2233161062273 0.737147994031827 0.580794889710681 0.310389203486138 0.0325667376311895 0.0119794788870417 -0.949976021826287
1636512879.79059 17.7443293363437 -0.0341074726009895 0.594842877768242 0.307693138643071 0.0302924363253528 0.0111705077009277 -0.950937705894111
1636512880.29084 18.2392299652749 -0.826356920212562 0.603677042131247 0.305333808409998 0.0305318351417246 0.0117821994826779 -0.951682852771907
1636512880.79111 18.7422619356639 -1.60550327352373 0.615148523192673 0.302907017643146 0.0320771410192894 0.0126301614550146 -0.952396385287231
1636512881.29136 19.2424845240074 -2.39378741166951 0.625942711904428 0.301130335495265 0.0303838140565856 0.0123373719038784 -0.953018957913424
1636512881.89167 19.8433055513371 -3.35380432244466 0.63386126008868 0.300601724160054 0.02871823810545 0.0133530973534746 -0.953223772795869
1636512882.39326 20.3410667767609 -4.15791656543595 0.637478307209433 0.300780453079052 0.027868087969601 0.0146234654885728 -0.953173983580953
1636512882.89218 20.8370425518963 -4.95005034871373 0.642607747576296 0.301369034762191 0.0288998553286886 0.0146541374599752 -0.952956850808992
1636512883.39244 21.3256373584378 -5.74843164555274 0.638631124634144 0.305046945619127 0.0292342371172786 0.0131263514320451 -0.951797992878055
1636512883.89269 21.824474825895 -6.53632302252852 0.643225207580779 0.314832029656051 0.0286305058922431 0.0106291712413617 -0.948655948146496
1636512884.39295 22.3315556537419 -7.31217174479928 0.653559976617647 0.332227674195261 0.0309499310371214 0.010226822984005 -0.942635818521267
1636512884.89425 22.8749010024324 -8.05962067243025 0.671441272084724 0.355559204070952 0.0309353042805137 0.0108160654802486 -0.934079050229171
1636512885.39348 23.477745086873 -8.75561751314969 0.688398654411076 0.385564440100247 0.0304926874799079 0.0109962299118642 -0.922111349820705
1636512885.89372 24.0977847000437 -9.4147154203407 0.700536511328089 0.423160645856125 0.0309977585471962 0.0110275541158112 -0.905457122018431
1636512886.39398 24.7899458459511 -10.0033941255839 0.726584178604603 0.464527087624092 0.0294009189536059 0.011934670613962 -0.884990245406975
1636512886.89491 25.5173706533777 -10.5155312147849 0.738646454285907 0.514947975216275 0.0299351554112525 0.0134271566576381 -0.856593357874817
1636512887.39574 26.2905204795182 -10.8983388841512 0.765761252505243 0.573850596189427 0.027461600019705 0.0126577145192342 -0.8184015738258
1636512887.89477 27.0623046090229 -11.15208141243 0.789082396402359 0.634089676466186 0.0278428170370209 0.012204540852586 -0.772661704060081
1636512888.39505 27.8434236618027 -11.2738857407964 0.815486079870265 0.694835668295305 0.0255115977656663 0.0108618749765156 -0.718633823387164
1636512888.89528 28.6340383058814 -11.2594643712098 0.84707265065209 0.752255510122658 0.0218026151391319 0.0112800545848607 -0.658414044376149
1636512889.39554 29.3809494094018 -11.1210633513623 0.874818095450579 0.805578291255467 0.0187087515888244 0.0109303813293049 -0.592093004549037
1636512889.89579 30.1218047023509 -10.8427489287928 0.891968800163703 0.850263022042167 0.0183589198860538 0.0108173618040286 -0.525926542486629
1636512890.39605 30.8074880867734 -10.4585380900669 0.920411479856503 0.886030490901615 0.0165402554424573 0.00894223834948553 -0.463245534803999
1636512890.89631 31.4395463461001 -9.95465306808068 0.926111615968658 0.913797621744838 0.0151726177384598 0.00346890086497634 -0.405871488147701
1636512891.39656 32.0541846010697 -9.39801622873685 0.964497287203295 0.935766509522993 0.0134303998329583 0.00406565109821358 -0.352340935028317
1636512891.89685 32.5993780898362 -8.7416015813118 1.00731229256625 0.953119473415642 0.00792256496867683 0.00476412687063321 -0.302452980569488
1636512892.49719 33.1639239761906 -7.88703746021106 1.03822694833158 0.969601384846136 0.00427325198852474 0.00225237715896542 -0.244642229835799
1636512892.9974 33.5787020161685 -7.12194123083273 1.05519802690125 0.980539533085473 0.00300759252514567 0.00301556031636399 -0.196275532962474
1636512893.49765 33.9125391882889 -6.30903555220544 1.06589068933441 0.989141415898275 0.00171320791768325 0.00192089764849295 -0.14694432423748
1636512893.99791 34.1482953666223 -5.48262689959057 1.08116324955135 0.995384098943991 0.000207948111301286 -0.000178639534195156 -0.0959709352614627
1636512894.49817 34.3187817133438 -4.65242381815908 1.0891337559996 0.999188495106904 -0.00155681790048743 0.00201836500037945 -0.0401976835993136
1636512894.99845 34.3705387713265 -3.82678252993553 1.0939693345004 0.999711481263879 -0.00253994418656259 0.000815328168743366 0.0238712830129928
1636512895.49869 34.3223496304245 -3.03428034424852 1.10165462134582 0.995597426178891 -0.00422323602451473 -0.000312885113201854 0.0936366988223852
1636512895.99894 34.1497688645625 -2.26815973882406 1.09836704615989 0.985115781638934 -0.00706324269727496 0.00157849296846288 0.171739674299386
1636512896.4992 33.8690488283332 -1.57059836221282 1.09964862903825 0.966551103921587 -0.00981904683063375 0.00145945866662309 0.256281914710537
1636512896.99946 33.4436978704824 -0.953787464604218 1.09302912485987 0.940704399441394 -0.0114425695515283 -0.00158176833585317 0.339030674840194
1636512897.49971 32.888519170067 -0.389938540651991 1.08555882783653 0.913981297504802 -0.0140604716830749 -0.00275602665764817 0.405503261718756
1636512897.99997 32.2761904219532 0.154501551971011 1.08221448486783 0.888228972800396 -0.0179153032679207 -0.00187557734347333 0.459047727362199
1636512898.50023 31.5822265227829 0.623807102161956 1.07035846378422 0.861833087550566 -0.0201043623671859 -0.00490252298603925 0.506769680511017
1636512899.10054 30.6586643663493 1.1023148505684 1.04082792186079 0.830630247707182 -0.0221731408468139 -0.00725833697574657 0.556335384424934
1636512899.6008 29.832637390985 1.46263543169857 1.02224543043186 0.80616031130512 -0.0245714752463907 -0.00838457897400306 0.591127307706282
1636512900.20111 28.80748500676 1.78458746725243 0.983070716479008 0.772826403755764 -0.0253193307858192 -0.0100340010549104 0.634032806697983
1636512900.70137 27.9291766824906 1.95686050782822 0.949269758408677 0.738450382550309 -0.0244036012077687 -0.011917433824977 0.673760693073157
1636512901.20163 27.0349588321212 2.03651227551896 0.913593001758132 0.698056649285498 -0.0256329952902182 -0.0114155831798521 0.7154925215552
1636512901.80196 25.9798455746004 1.97455021574295 0.872772101083525 0.644102211735452 -0.0261593697274008 -0.0127300753749937 0.764386010726198
1636512902.30219 25.1199993402456 1.80643773865514 0.838596924952865 0.596240225475291 -0.0260976474710726 -0.0116892254634492 0.802296621163092
1636512902.90319 24.1509181592195 1.47502069061374 0.800327558365744 0.537109473450352 -0.026402670436703 -0.0102864541804193 0.843036476900075
1636512903.40276 23.3879442226482 1.09614727497089 0.78017430173833 0.486330917536208 -0.0274714517075179 -0.00929421176958327 0.87329329301046
1636512904.00306 22.5353556008278 0.520242403854857 0.738979035047697 0.432665154121419 -0.0290242737662604 -0.0094354846642634 0.901037972324463
1636512904.60337 21.7380373599535 -0.147680971138155 0.713257962763027 0.387894930160125 -0.0273110719256976 -0.0103346017057263 0.921240915566566
1636512905.20368 20.9617915685112 -0.881101474967897 0.677998590694811 0.352098796243269 -0.0315502681765646 -0.00976938332501837 0.935379910737598
1636512905.804 20.2572478240879 -1.68399285487778 0.659133413622412 0.329459353831246 -0.0292255676833106 -0.0143934352083207 0.943607561112982
1636512906.40431 19.551286048071 -2.47906418356683 0.630361593947617 0.329089810713229 -0.0309590211467712 -0.013970626485584 0.943687584473784
1636512906.90456 18.9233453184146 -3.17105570093863 0.609429970116505 0.337934184910191 -0.0324896972159331 -0.0149158116548174 0.940490523507058
1636512907.50487 18.1399508955037 -3.98391600687155 0.565569251044191 0.354901776229275 -0.0308032156998734 -0.0164873966807571 0.934250532182104
1636512908.10518 17.322969911087 -4.77260433479973 0.521445040363794 0.373117529717394 -0.0305448195843972 -0.0157262502069421 0.927147781137708
1636512908.70549 16.474436225414 -5.52756589633932 0.479750654953721 0.393073464402359 -0.0289101082895397 -0.0138195266500708 0.918948571958509
1636512909.20575 15.7383232890008 -6.13075502784439 0.445990463475596 0.411889110620162 -0.0270934455673965 -0.0133786079566221 0.910732847002326
1636512909.80702 14.828646480306 -6.79618246311375 0.406956808017912 0.43500394572933 -0.0283571653169297 -0.0143913265990294 0.899866839089997
1636512910.30632 14.0527475198799 -7.32552778681055 0.376366950091896 0.452445468852087 -0.0267786469072189 -0.0142867235188124 0.891275429548089
1636512910.90662 13.100431896198 -7.91322319029218 0.330370936898025 0.467841305123215 -0.0254286845593041 -0.0139297031252406 0.883336775297527
1636512911.40688 12.2895762556637 -8.37863423952799 0.302001045961988 0.481265122699417 -0.025383067245162 -0.0137727944807904 0.876099247632671
1636512912.00718 11.3003174662807 -8.89600292931674 0.264942247835154 0.502136090340296 -0.0258414481907348 -0.0127377170662821 0.864308577359444
1636512912.50744 10.4551248099099 -9.30015247118713 0.233743122470884 0.521743724240348 -0.0257427223387038 -0.0134752435069956 0.852607304844869
1636512913.0077 9.59377922966216 -9.6452042405405 0.204563834423016 0.547117119963444 -0.0274961891772141 -0.0144516198182169 0.836479508002597
1636512913.50796 8.7080175845126 -9.92427142871111 0.168482869723895 0.578680110629195 -0.0286758008265049 -0.0150797835514368 0.8149108099278
1636512914.10844 7.61995199727808 -10.1765671343055 0.130526447061753 0.620332220109319 -0.0271011322098786 -0.0158491977559646 0.783710576844334
1636512914.6087 6.69621097872832 -10.3023323039571 0.09365321883984 0.656735683703673 -0.025147770771481 -0.0169248355570672 0.753511367742292
1636512915.20918 5.6070426802315 -10.301404817412 0.0384355057140138 0.711006012815612 -0.0204818446537488 -0.0162914582963764 0.70269874922772
1636512915.70945 4.72104527887668 -10.178931546597 -0.00798697052977737 0.756343631872661 -0.016566835011672 -0.017400778995494 0.653733174463189
1636512916.30975 3.75243743458839 -9.87859746282605 -0.0251203855127166 0.808677090778704 -0.0148871946168166 -0.0126668045261685 0.587927960169636
1636512916.81001 2.98263068420735 -9.50981435052805 -0.0422214107087353 0.847682413896713 -0.0140426103265193 -0.0135524304185283 0.530144944232433
1636512917.41033 2.16570288924413 -8.97026510184972 -0.0639713918540511 0.888343204279418 -0.00930530932786252 -0.0164202440663889 0.458792042448089
1636512918.01081 1.48929505909241 -8.29082674088588 -0.0745627644145788 0.924818729849624 -0.0093878653944579 -0.0122869557799178 0.380093693213036
1636512918.61111 0.925370524881736 -7.49830193302789 -0.0814013605209201 0.954595974575042 -0.00872291818879401 -0.00981486180934864 0.29761401934563
1636512919.11137 0.558266415689322 -6.77360732893612 -0.0770510991493483 0.971667920765254 -0.00722677586980637 -0.00953508609047339 0.23604725713192
1636512919.71215 0.235902111977115 -5.81950498618718 -0.0707496617995055 0.986213996493944 -0.0066664494870361 -0.00660835472385247 0.165208478046748
1636512920.31199 0.0553718073476244 -4.82607098828075 -0.0687991319794461 0.99513384132837 -0.00562669648209939 -0.00330211534279071 0.0983161948206102
1636512920.81225 -0.0168686024927723 -3.95955971183497 -0.0684961929229668 0.998424878481145 -0.00436560642907519 -0.000134436988475525 0.0559346532760642
1636512921.41257 -0.0385474808436689 -2.89972667030363 -0.055741975708566 0.999710222801388 -0.00169818458484301 -0.000519232505438366 0.0240066031149753
1636512922.01319 -0.00427522999297219 -1.82316967236593 -0.0443110756262349 0.99997542736807 -0.00102013943518994 3.19471660658624e-05 0.00693562938440343
1636512922.51315 0.0179574482251391 -0.937487402798382 -0.020633277907625 0.999961168119152 -0.00123602178925266 -0.001837668495179 0.00852979943604562
1636512923.11344 0.0496301222092286 -0.0943501458299917 -0.00668016539977301 0.999944607249625 -0.00382918880564505 0.000656540218019616 0.00978206013196211
1636512923.71374 0.0682039258977835 0.34889473780707 -0.00787100346748293 0.999953241747129 -0.00209119337628989 0.000125123948446119 0.00944063417719155
1636512924.214 0.0637163469672222 0.395987557727557 -0.0059414721115274 0.99995464442295 -0.00103748582102108 -4.01869358750086e-05 0.00946737055121444
1636512924.71431 0.0698200109941824 0.39816804012351 -0.00915988696519521 0.999956903193132 -0.000536642090800823 -0.000350240937756783 0.00926180883810211
1636512925.31456 0.0727693721318303 0.399683970071321 -0.00743739127967102 0.999955696085439 -0.00058212963147658 -0.000285155300932767 0.00939072296640599
