1636512861.5812 0.00781903113655938 -0.00181809444245234 -0.00285247005131872 0.999999978237328 -0.000202374304368455 3.38843390287858e-05 -3.77072496229176e-05
1636512862.08146 0.00430435069123793 -0.0157762061359069 -0.00921240890058792 0.999999918972648 0.000350181700574008 -0.000178044147408209 8.79076519226769e-05
1636512862.68176 0.0162910440718127 0.0643923277698638 -0.011427846948409 0.999999511633469 0.000897690760184042 -0.000324152979685767 0.000256532589434939
1636512863.38225 0.0428453811933017 0.379226093631818 -0.00457606746163997 0.999998789983074 0.0015500051764235 -0.000130842583395337 -1.99137919300229e-05
1636512864.18254 0.0833894815907666 1.01525030550839 0.00999488146696967 0.999975383956083 0.00187060457955617 -0.000229593474891373 -0.00675866904265219
1636512864.68279 0.10879422904708 1.5534335893508 0.014194958907543 0.999753280396257 0.00214017289838003 -0.000576772972154875 -0.022101251770592
1636512865.18307 0.195213995025763 2.13368214591077 0.0218044701141857 0.998921616613597 0.00393235656068133 0.000542743912521087 -0.0462584680140002
1636512865.68331 0.302159237348758 2.81299703465904 0.0422832102773098 0.997088179918269 0.00407249260100121 -0.00087198748919355 -0.076143390449254
1636512866.18357 0.47941213004861 3.53302537096761 0.0610591258165692 0.993733227773201 0.00305522463432768 -0.000687475533386289 -0.111733902640519
1636512866.68383 0.731469067372658 4.27743280574404 0.0765278276208022 0.988130541796928 0.00459974812777511 0.000485408554306151 -0.153546862761194
1636512867.18409 1.07309700947398 5.04286467541695 0.0987838607117852 0.979914382543365 0.00497460744587608 0.00127145251591889 -0.199352550959136
1636512867.68435 1.4798894292199 5.78275387690094 0.123040881713301 0.967264560730803 0.00541775878677604 -0.000179479636705814 -0.253712209463864
1636512868.18526 1.97438844317605 6.45494514004779 0.141254458555472 0.949924919436666 0.00771139418457967 -0.00190062419734644 -0.312377287043464
1636512868.68485 2.54815726792495 7.0614181870027 0.172158411334039 0.928957767498827 0.00902290377851653 -0.00185446980659661 -0.370071093646525
1636512869.18512 3.20470728266024 7.54637506350387 0.193605228039517 0.904744877389348 0.0149604477105715 0.00336968079581992 -0.425677738545683
1636512869.68538 3.89326650786569 8.00324205747181 0.232008112388349 0.876087077671121 0.0146427130743129 0.00251002611659049 -0.481923980582407
1636512870.18564 4.64605114160095 8.33243139442098 0.263211239964335 0.843243391401008 0.016616293819312 0.00582661918275314 -0.537243457053816
1636512870.68589 5.41317563267282 8.56829310869389 0.297614036462698 0.807717471364822 0.0184454083316261 0.00792257886158907 -0.589227872819743
1636512871.18615 6.23035416235306 8.70702522160554 0.318072146821383 0.768710518880516 0.0197178285423283 0.00806188507507553 -0.639242013175808
1636512871.6864 7.05293275142505 8.75374106296426 0.351654198989155 0.726350964951072 0.0200261203046006 0.00876803173510401 -0.686976238191456
1636512872.18666 7.87503181625783 8.66379009021536 0.36914341823034 0.679665634626464 0.0231960945703745 0.0122539492764801 -0.733052799620613
1636512872.68693 8.69958402620113 8.48971649718888 0.39373884737044 0.63195931802103 0.0220063694002839 0.0129665623659025 -0.774580537021571
1636512873.18854 9.49857046143358 8.21263263167745 0.409167106343905 0.585141760017867 0.0215861900412566 0.0120343844627282 -0.810554335423171
1636512873.68744 10.2539481485652 7.83756121925647 0.414337100316934 0.541855376265236 0.0241037983061168 0.0109013277870674 -0.840055307210279
1636512874.1877 10.9972362102177 7.39755617253638 0.423075164918951 0.505973530012269 0.0246547710838433 0.00778483362089306 -0.862161426622197
1636512874.68925 11.7196603877088 6.90331081946666 0.446338395627002 0.478671952591194 0.0228223720989409 0.00530068367600112 -0.877681151607393
1636512875.18821 12.4125079434956 6.35090337988122 0.457767311462785 0.458086589373074 0.0248871230705038 0.00664965490712204 -0.888534236724413
1636512875.68847 13.100631193263 5.78382047317906 0.481811178174401 0.440385214686024 0.0254348833253453 0.0076990190920625 -0.897415541709185
1636512876.18873 13.7561751628744 5.18183299245016 0.508582538167724 0.418820974272934 0.0243652906622595 0.00846276202411734 -0.907702432396728
1636512876.68898 14.3767715027786 4.54266799606707 0.521462291163957 0.396287464617024 0.0259462013604069 0.00975288974713366 -0.91770797161404
1636512877.18924 14.9685162952145 3.86452539979064 0.538280280572147 0.373313199655126 0.0277737158669492 0.0113705693469075 -0.927219815266543
1636512877.68951 15.5372044268265 3.17937009218401 0.547886281263573 0.352116686298027 0.0282047485688669 0.0106654414173519 -0.935470245249969
1636512878.18976 16.0858417480569 2.43452208312083 0.56158774707329 0.332912230925138 0.0280060174109833 0.0108299770002162 -0.942479613088473
1636512878.69002 16.6189366497528 1.66749953739182 0.573877428050806 0.320783037544088 0.0285847482264835 0.0118970488633907 -0.946646510172175
1636512879.29032 17.2204456010014 0.720047521951725 0.577358052588096 0.310389203486138 0.0323954197638596 0.0119615732449183 -0.949982105043601
1636512879.79059 17.74467326862 -0.0487218386420965 0.591483775758578 0.307693138643071 0.0301211723588898 0.0111519455323208 -0.950943363991014
1636512880.29084 18.2397139856067 -0.841860649114059 0.600225230444923 0.305333808409998 0.0303602701237275 0.0117636824202173 -0.951688570497606
1636512880.79111 18.741024844617 -1.62287481827929 0.611520365452255 0.302907017643146 0.0319052150920578 0.0126120517357337 -0.952402400282296
1636512881.29136 19.2438597413128 -2.40976242919275 0.622350840097085 0.301130335495265 0.030211859137657 0.0123187760047411 -0.953024665142356
1636512881.89167 19.8479351068454 -3.3703491705512 0.630245739979497 0.300601724160053 0.0285459659943177 0.0133340347394068 -0.953229214184617
1636512882.39326 20.3478064862103 -4.17583246730242 0.633796608679612 0.300780453079052 0.0276954731864363 0.0146041689956819 -0.953179310548904
1636512882.89218 20.8424698594904 -4.9683657480991 0.638811415012111 0.301369034762191 0.0287272704021391 0.0146351326128341 -0.952962361121966
1636512883.39244 21.3300876194367 -5.76447470324136 0.634803602233743 0.305046945619128 0.0290622798672844 0.0131074720039504 -0.951803519133556
1636512883.89269 21.8288958389571 -6.54819565558012 0.639424749512013 0.314832029656051 0.0284597953324528 0.0106102138811348 -0.948661297046361
1636512884.39295 22.3326056934688 -7.32455565422966 0.649580570358375 0.332227674195261 0.0307803963332171 0.0102086780086743 -0.942641566340936
1636512884.89425 22.8766197094431 -8.07286270326056 0.667376478149903 0.355559204070952 0.0307671197749719 0.0107981588816066 -0.934084812265969
1636512885.39348 23.480554041405 -8.76888769090586 0.684267287481137 0.385564440100247 0.0303265696078326 0.0109785399240185 -0.922117038866077
1636512885.89372 24.1002160964417 -9.42846431078425 0.696282356314748 0.423160645856125 0.0308345772455786 0.0110104757617404 -0.905462901541645
1636512886.39398 24.7955751654628 -10.0174406346355 0.72229139505578 0.464527087624092 0.0292411062546725 0.0119177302788407 -0.884995768505976
1636512886.89491 25.5237520875052 -10.5322585565621 0.734174413488225 0.514947975216275 0.0297799516286162 0.0134111686855245 -0.856599018127002
1636512887.39574 26.2997677539139 -10.9122572791235 0.761295653453678 0.573850596189427 0.027313363419665 0.012642124255761 -0.818406775464406
1636512887.89477 27.0706996119366 -11.1663376218727 0.784453673756285 0.634089676466186 0.0277027948143291 0.0121903520808528 -0.772666961034719
1636512888.39505 27.8530221167451 -11.2849686130434 0.810820496406693 0.694835668295305 0.0253815019149856 0.0108485720193152 -0.718638630961555
1636512888.89528 28.6477324704308 -11.2677240057868 0.842393155286187 0.752255510122658 0.0216830535162824 0.0112674315814399 -0.658418208789723
1636512889.39554 29.3966049351753 -11.1262259970852 0.870081201332362 0.805578291255467 0.0186010156280873 0.0109187813882344 -0.592096612968291
1636512889.89579 30.136949786285 -10.8485587178553 0.887073373771271 0.850263022042167 0.0182629166183649 0.0108075398224341 -0.525930086900625
1636512890.39605 30.8208848797598 -10.4617625286439 0.915399080092691 0.886030490901615 0.016455856142674 0.00893368920626313 -0.463248705544248
1636512890.89631 31.445423481291 -9.95382936736951 0.920875647003492 0.913797621744838 0.0150998795174683 0.00346159913346715 -0.405874263120335
1636512891.39656 32.0613308526777 -9.39678832234351 0.959171816171719 0.935766509522993 0.0133669633459237 0.00405938399432721 -0.352343419617352
1636512891.89685 32.6097121603038 -8.73410783943268 1.00197098560998 0.953119473415642 0.00786775808425538 0.00475774921802778 -0.302454511622815
1636512892.49719 33.1709837932015 -7.87482299886072 1.0326935871419 0.969601384846136 0.0042293640365164 0.00224662782713324 -0.244643045369592
1636512892.9974 33.5865022960572 -7.10974494474578 1.0495904394626 0.980539533085473 0.0029720470106277 0.00301083115932098 -0.196276147019496
1636512893.49765 33.9181831995314 -6.29634102798643 1.06015689756887 0.989141415898275 0.00168668949778955 0.00191720811813032 -0.146944679203858
1636512893.99791 34.1501974283822 -5.46923441771304 1.07527198387261 0.995384098943991 0.000191025271922604 -0.000181301219729033 -0.0959709654461872
1636512894.49817 34.3236566655418 -4.63879371469929 1.08326950585658 0.999188495106904 -0.00156448519378531 0.00201679518583767 -0.0401974647118119
1636512894.99845 34.3729796182367 -3.81425538474039 1.08802341568189 0.999711481263879 -0.00253594807215672 0.000815301690092162 0.0238717087722989
1636512895.49869 34.3225532343076 -3.02228849873913 1.09564127419341 0.995597426178891 -0.00420658976390025 -0.000311400595119291 0.0936374530740478
1636512895.99894 34.1522510440381 -2.25477151740126 1.0924236892237 0.985115781638934 -0.00703330729783037 0.00158140453395474 0.171740876072255
1636512896.4992 33.8705674135461 -1.55663557233217 1.09371104596447 0.966551103921587 -0.0097741272260444 0.00146400310612636 0.256283605874108
1636512896.99946 33.4404171405313 -0.942572147991485 1.08702491242773 0.940704399441394 -0.0113821743774684 -0.00157532841821058 0.339032737826929
1636512897.49971 32.8827081167844 -0.378838779293904 1.07955592240283 0.913981297504802 -0.0139879959012267 -0.00274842765114904 0.405505819844243
1636512897.99997 32.2695972286906 0.168982093818161 1.07626247532189 0.888228972800396 -0.0178336016800435 -0.00186752789592928 0.459050941474504
1636512898.50023 31.5703657810508 0.636428212601631 1.06432350689664 0.861833087550566 -0.0200133835487804 -0.00489372699407713 0.506773366622689
1636512899.10054 30.6427302489 1.11276818353396 1.03477252754808 0.830630247707182 -0.0220727444494309 -0.00724870894245142 0.556339502251137
1636512899.6008 29.8137399753278 1.47292245255776 1.01618359619375 0.80616031130512 -0.0244646141988144 -0.00837462873565175 0.591131880989408
1636512900.20111 28.7868177451007 1.79133610005834 0.977096899630247 0.772826403755764 -0.0252044255392059 -0.0100230420068772 0.63403755820937
1636512900.70137 27.9084818023732 1.95789915830048 0.943424000787484 0.738450382550309 -0.0242811490529831 -0.0119050956708683 0.673765335268175
1636512901.20163 27.0151118613419 2.03673628375688 0.907944991119641 0.698056649285498 -0.025503301749312 -0.0114024027978676 0.71549736631145
1636512901.80196 25.9602378931044 1.97059985469388 0.867281769657775 0.644102211735452 -0.0260206657141423 -0.0127156552482329 0.764390984970977
1636512902.30219 25.1035256449402 1.80132652054893 0.833405880824893 0.596240225475291 -0.0259525270619854 -0.0116737141419883 0.802301554443466
1636512902.90319 24.137714258646 1.46963803647153 0.79546453919987 0.537109473450352 -0.0262507334129893 -0.0102698729947224 0.843041423794726
1636512903.40276 23.3760172440903 1.0913207629559 0.775518905392773 0.486330917536208 -0.0273144383343962 -0.0092770690647487 0.87329840037437
1636512904.00306 22.5230720738002 0.514790757716139 0.734463420057209 0.432665154121419 -0.0288623146292673 -0.00941798551140493 0.901043357864779
1636512904.60337 21.7292804015749 -0.156666346609733 0.708986514386757 0.387894930160125 -0.0271452912385018 -0.0103160560388149 0.921246023224769
1636512905.20368 20.9484472482365 -0.887678498209617 0.673727186418231 0.352098796243269 -0.0313821432103454 -0.00975161007169401 0.935385751908044
1636512905.804 20.245830404327 -1.69932454006541 0.654909733646906 0.329459353831246 -0.0290547082803537 -0.0143747853993619 0.943613121806053
1636512906.40431 19.5377308751552 -2.49306716394233 0.626218438347718 0.329089810713229 -0.03078826449359 -0.0139524540800518 0.943693439777637
1636512906.90456 18.9068887989883 -3.18563498202626 0.605259450720948 0.337934184910191 -0.0323192443320079 -0.0148981533430055 0.94049667630559
1636512907.50487 18.1247106535005 -4.00155508574984 0.561534946657137 0.354901776229275 -0.0306334315637352 -0.0164694484544589 0.934256431269029
1636512908.10518 17.3080369875407 -4.78905725255328 0.517620628353813 0.373117529717394 -0.0303765021853744 -0.0157084317594768 0.927153613110702
1636512908.70549 16.4624720243353 -5.54199107182392 0.476283384012016 0.39307346440236 -0.0287437686002934 -0.0138014882600484 0.918954061023285
1636512909.20575 15.7287042152905 -6.14549030110194 0.44276333147918 0.411889110620162 -0.026928680916317 -0.0133602996885096 0.910738002440259
1636512909.80702 14.8158041173259 -6.8112265927349 0.403756955418351 0.43500394572933 -0.0281940419995921 -0.0143736758453143 0.899872246843035
1636512910.30632 14.0416382667169 -7.3412955817907 0.37337971144283 0.452445468852087 -0.0266170719924999 -0.0142688794142263 0.891280555310181
1636512910.90662 13.090978586925 -7.92935051127863 0.327631933842492 0.467841305123215 -0.0252686124427506 -0.0139117104269332 0.883341652340034
1636512911.40688 12.2798523568282 -8.39446252671756 0.299414276901742 0.481265122699417 -0.0252243184908376 -0.0137549942335519 0.87610411228542
1636512912.00718 11.2900219886316 -8.90976068769469 0.262566248538876 0.502136090340296 -0.025685070982906 -0.0127203777710612 0.864313493991461
1636512912.50744 10.44364553866 -9.31464270798757 0.231459658522331 0.521743724240348 -0.0255882104011921 -0.0134582084082511 0.85261222506525
1636512913.0077 9.57812951909804 -9.65887437623071 0.202258109056324 0.547117119963444 -0.0273442591396875 -0.0144355268376166 0.836484766209121
1636512913.50796 8.6889742357497 -9.93663524195578 0.1661865104484 0.578680110629195 -0.0285275112856693 -0.0150646280761645 0.814916294868961
1636512914.10844 7.60036895032596 -10.18969024441 0.128387571727451 0.620332220109319 -0.0269581475457426 -0.0158344905578232 0.783715805559591
1636512914.6087 6.67618715270962 -10.3170386882124 0.0916288992627372 0.656735683703673 -0.0250098292404713 -0.0169104434752555 0.75351628190312
1636512915.20918 5.59018879153128 -10.3175633824498 0.0367540716496014 0.711006012815612 -0.0203530647413128 -0.0162772148766966 0.702702821092629
1636512915.70945 4.70435561794816 -10.1981297988592 -0.00957003775111895 0.756343631872661 -0.0164464078103251 -0.017386839618544 0.653736586098627
1636512916.30975 3.73995073900774 -9.89170400248907 -0.0261915439047071 0.808677090778704 -0.0147797149566645 -0.0126542650877829 0.587930941906089
1636512916.81001 2.96731164774136 -9.52171414332012 -0.0432769024481781 0.847682413896713 -0.0139451044564356 -0.0135412944648223 0.530147802575996
1636512917.41033 2.14728270638165 -8.98676109205441 -0.0651318923802524 0.888343204279418 -0.0092196287734374 -0.0164098188763271 0.458794145233243
1636512918.01081 1.47401686965943 -8.29978195737358 -0.0753246194414595 0.924818729849624 -0.00931724619458706 -0.0122787834259784 0.380095694950963
1636512918.61111 0.912153326442373 -7.50217087764436 -0.0819337474956252 0.954595974575042 -0.00866756943481817 -0.00980884252946246 0.297615834883581
1636512919.11137 0.545025470185355 -6.77612439075522 -0.0775255294713046 0.971667920765254 -0.00718239256641055 -0.00953039725964127 0.236048801142525
1636512919.71215 0.226503169725114 -5.81801893571855 -0.0710115663432748 0.986213996493944 -0.00663540375847639 -0.00660551810155689 0.165209841314052
1636512920.31199 0.050954605470729 -4.82206509722374 -0.0688658379628895 0.99513384132837 -0.00560839543816949 -0.00330088646449798 0.0983172817575861
1636512920.81225 -0.0163051467308873 -3.95516690346794 -0.068411167220614 0.998424878481145 -0.00435567706708415 -0.000134060118508819 0.0559354282640517
1636512921.41257 -0.038639595934236 -2.89813926202744 -0.0556809725544254 0.999710222801388 -0.00169379529906779 -0.000519022179609901 0.0240069177501147
1636512922.01319 -0.00374493673118176 -1.82186737505885 -0.0442598017098894 0.99997542736807 -0.00101892166869916 3.18614011710838e-05 0.00693580878705723
1636512922.51315 0.0152885769429767 -0.935933952000685 -0.020699297187098 0.999961168119152 -0.00123400474497276 -0.00183776875429329 0.00853006987521045
1636512923.11344 0.0506248566747539 -0.0887120661760264 -0.00668384556603632 0.999944607249625 -0.00382764033321487 0.000655757802780853 0.00978271861887666
1636512923.71374 0.0682654598219149 0.351800066565999 -0.00789580135903351 0.999953241747129 -0.00208955833008644 0.000124812791058095 0.00944100032620619
1636512924.214 0.063520275359552 0.397224107964076 -0.00596811197850974 0.99995464442295 -0.00103580036026331 -4.02057636559084e-05 0.00946755502138141
1636512924.71431 0.0691411033185389 0.398619754908302 -0.00919989326175943 0.999956903193132 -0.00053490721530622 -0.000350126992177541 0.00926191350434715
1636512925.31456 0.0721922894358976 0.400203599742359 -0.00747514647077144 0.999955696085439 -0.000580389965152063 -0.000285050291838025 0.00939083383437019
