1636512861.08095 0 0 0 1 0 0 0
1636512861.5812 0.00791556261833066 0.00316452942816239 -0.00161542279327936 0.999999978237328 -0.000204029762424928 3.67615394604439e-05 2.33621367919598e-05
1636512862.08146 0.00474618018946413 0.007969166211127 -0.0160130200451695 0.999999918972648 0.000358438666369426 -9.19590725936204e-05 -0.000158492739672223
1636512862.68176 0.0129815222998379 0.0133408568241315 0.0643787146287574 0.999999511633468 0.000913469626170248 -0.000260549542605699 -0.00027280029786182
1636512863.38225 0.0264270004549277 0.0209263144742646 0.380027188369727 0.999998789983074 0.00155391892756376 3.29384943169061e-05 -6.54477641289162e-05
1636512864.18254 0.0497141754338294 0.0369534373188246 1.01740962364011 0.999975383956083 0.00180843390714625 0.00676271415776354 -0.000476178442122986
1636512864.68279 0.0748781124380234 0.0586512631308346 1.55582359696925 0.999753280396257 0.00193328136203014 0.0220732606658726 -0.00155303692008147
1636512865.18307 0.172572163143048 0.0776063945493282 2.13755922924449 0.998921616613597 0.00342429432790896 0.0462768258688337 -0.00152756601778094
1636512865.68331 0.29487049732511 0.0909104743160243 2.81695530624683 0.997088179918269 0.00331480900080034 0.0760592038233641 -0.00437847260106
1636512866.18357 0.493993315568664 0.110503490911327 3.53563267894365 0.993733227773201 0.00192070165044397 0.111602315232437 -0.00595870450567934
1636512866.68383 0.775437287910057 0.131740717462578 4.27526519656342 0.988130541796928 0.00297850650740794 0.153439484794255 -0.00674428448151952
1636512867.18409 1.15011943783477 0.149812974909519 5.0325875091809 0.979914382543365 0.00284301322606926 0.199231406939877 -0.00815883871696268
1636512867.68435 1.60088491673391 0.16417675854128 5.7549944221911 0.967264560730803 0.00278345331143056 0.253460609752089 -0.0122164334406365
1636512868.18526 2.14440777790775 0.17888718817672 6.40048647888118 0.949924919436666 0.00453947625820122 0.312000084316956 -0.0166729713835736
1636512868.68485 2.76410982808959 0.180497112175065 6.97491567787273 0.928957767498827 0.00524811414192705 0.369641830894563 -0.0193607942622132
1636512869.18512 3.46372980567318 0.183585852013889 7.42303895866002 0.904744877389348 0.0103762943646244 0.425504448566494 -0.0165832325894464
1636512869.68538 4.19016628612146 0.173386743002133 7.8355536063497 0.876087077671121 0.00951145820466915 0.481636747135436 -0.0201744469389318
1636512870.18564 4.9773981217899 0.165022903675673 8.11432747660899 0.843243391401008 0.0107649518761259 0.537071855984986 -0.0194555950428869
1636512870.68589 5.7711371809606 0.148728945426527 8.29714746016343 0.807717471364822 0.0119614958627164 0.589115760946287 -0.0197997291249296
1636512871.18615 6.60774489164522 0.141332390883202 8.38001395981889 0.768710518880516 0.012706871172489 0.639091211798672 -0.0220249083802686
1636512871.6864 7.44221335173266 0.118094813032427 8.36875977991218 0.726350964951072 0.0124882841259424 0.686804656875533 -0.0236152867507043
1636512872.18666 8.26965615143821 0.104523622169616 8.21622814379882 0.679665634626464 0.0150257352016629 0.733031173465657 -0.0222295100489773
1636512872.68693 9.09105323344869 0.0816115483492392 7.9846431141878 0.631959318021029 0.013374831557917 0.774527372300938 -0.0235771882080367
1636512873.18854 9.88114564859886 0.0599862469627457 7.65692448190675 0.585141760017867 0.0126214655460915 0.810407290334823 -0.0262648636553012
1636512873.68744 10.6254721298717 0.040918963072695 7.24117719279223 0.541855376265236 0.0148789316769323 0.83984929107919 -0.0287147501886047
1636512874.1877 11.3602022903032 0.0145454582162213 6.77728460481848 0.505973530012269 0.0153342112817828 0.861786051005136 -0.0328702172834538
1636512874.68925 12.0805320019964 -0.0263739096527293 6.27525439515662 0.478671952591194 0.0134496123384581 0.877145049328971 -0.0361777855618025
1636512875.18821 12.7779098435817 -0.0560058816238238 5.72441844895467 0.458086589373073 0.0153412778172616 0.888075144546663 -0.0352683919381437
1636512875.68847 13.4731512060334 -0.0981299466739216 5.16451382454565 0.440385214686024 0.0157508804503606 0.897002631859632 -0.0346273141880252
1636512876.18873 14.132728257514 -0.144477941273901 4.56447950436661 0.418820974272934 0.0145424537631177 0.907300162651078 -0.0344081879927789
1636512876.68898 14.7565694218517 -0.179998955335871 3.9252801341492 0.396287464617024 0.0159621058743717 0.917374904492077 -0.0335371610548459
1636512877.18924 15.3517180417817 -0.221168430070422 3.24708886582403 0.373313199655126 0.0176191034800325 0.92697530554857 -0.0323048767053148
1636512877.68951 15.9250619441502 -0.258067142500728 2.56431282806085 0.352116686298027 0.0179944196503152 0.935187257873105 -0.0333891120536098
1636512878.18976 16.4826510334522 -0.300541473124748 1.82460285820588 0.332912230925138 0.0177159340139241 0.942193446559387 -0.0335723315098332
1636512878.69002 17.0337271817971 -0.341810029613321 1.07002422212849 0.320783037544088 0.0182047064926717 0.946413529211361 -0.0326842960946155
1636512879.29032 17.6624988877885 -0.384875113019795 0.140082951110582 0.310389203486138 0.0219741650940694 0.949795607992765 -0.0326187287507365
1636512879.79059 18.2163067914316 -0.429413291667714 -0.60655695209902 0.307693138643071 0.0197271370627715 0.950688602880957 -0.0335701183724083
1636512880.29084 18.7422672775662 -0.46919002485463 -1.37884661461438 0.305333808409998 0.0199318357937247 0.951465156751956 -0.0329854945500978
1636512880.79111 19.2738267765795 -0.511085749445198 -2.13872546508934 0.302907017643146 0.0214311997257706 0.952237968352147 -0.0321075375795802
1636512881.29136 19.8081231039327 -0.552997745328301 -2.90365252769547 0.301130335495265 0.0197457136278816 0.952824336355764 -0.0325024904589436
1636512881.89167 20.4526604239097 -0.597162859381817 -3.83669842532148 0.300601724160054 0.0180354939839558 0.953056474190162 -0.0315702612117081
1636512882.39326 20.9871983730365 -0.630844587052188 -4.61897750163506 0.300780453079052 0.0171315072214229 0.953056829446602 -0.0303366173307455
1636512882.89218 21.5163308016722 -0.668021533489275 -5.38798345415031 0.301369034762191 0.0181632035048333 0.952854482930807 -0.0302512360675201
1636512883.39244 22.0423312419703 -0.69834970606709 -6.15819629108658 0.305046945619127 0.0185758991551635 0.951628112545869 -0.0317053994046042
1636512883.89269 22.5866404314428 -0.737454985703599 -6.90904439726362 0.314832029656051 0.0181145114726058 0.9483626998234 -0.0340712072053911
1636512884.39295 23.1445701326331 -0.779932856061071 -7.64424262043563 0.332227674195261 0.0205127229278426 0.942360029942623 -0.0340818817472204
1636512884.89425 23.7482679645356 -0.825625516786496 -8.34206516193568 0.355559204070952 0.0205629283870453 0.933841797941129 -0.0330804291789032
1636512885.39348 24.4159642414206 -0.867348569923095 -8.97566987476915 0.385564440100247 0.0202393984296459 0.92189181644079 -0.0323405018651447
1636512885.89372 25.1036264114585 -0.902771103071272 -9.56002212134998 0.423160645856125 0.0209186039302511 0.905265919497453 -0.0314816582261521
1636512886.39398 25.8643660085095 -0.945093779823019 -10.0606110499073 0.464527087624092 0.0195002300908418 0.884847407387238 -0.0296545364146403
1636512886.89491 26.6569897819453 -0.969637018221738 -10.4674624837506 0.514947975216275 0.0202691617761905 0.856563606977094 -0.0267680986239107
1636512887.39574 27.4888240135848 -1.0023895785562 -10.7147442968431 0.573850596189427 0.0182351336885058 0.818350564992426 -0.025793912634174
1636512887.89477 28.2972590290851 -1.02670767417222 -10.8242846531945 0.634089676466186 0.019119042867883 0.772649958151792 -0.0240163812190244
1636512888.39505 29.0945489876857 -1.04559152621493 -10.7865201215859 0.694835668295305 0.0174194776944189 0.718594606603715 -0.0228417867410342
1636512888.89528 29.8783105212933 -1.05912241704356 -10.609591971135 0.752255510122658 0.0143324327345654 0.658421855045378 -0.0196695109398471
1636512889.39554 30.5893560268097 -1.06451130119266 -10.3114691387253 0.805578291255467 0.0119577421296222 0.592126340404918 -0.016941843458211
1636512889.89579 31.2690636394011 -1.05617511897845 -9.89251652521134 0.850263022042167 0.0123124178279165 0.526031256366546 -0.0138677698418255
1636512890.39605 31.8778456845788 -1.05456792772372 -9.38457497811997 0.886030490901615 0.0112394825336758 0.463314383368475 -0.0127837939950863
1636512890.89631 32.4177867573037 -1.02808568994034 -8.77755706557601 0.913797621744838 0.0107174269743254 0.405731346769581 -0.0155279586897134
1636512891.39656 32.9458888001739 -1.02785038021524 -8.13466794988483 0.935766509522993 0.00951672560600142 0.35227303979067 -0.0124168041594988
1636512891.89685 33.4019881522797 -1.0229248378328 -7.40075536303842 0.953119473415642 0.0045112599423663 0.302410100459417 -0.00954196362113362
1636512892.49719 33.8476624798983 -1.00041501681565 -6.47269317370216 0.969601384846136 0.00158570909877614 0.244503862938883 -0.00940749908709016
1636512892.9974 34.1618760348372 -0.972909836596068 -5.66085470433538 0.980539533085473 0.000799284107594998 0.196217072231237 -0.00635969861225325
1636512893.49765 34.386699959072 -0.938637517231462 -4.81131889658379 0.989141415898275 7.51027047398251e-05 0.14687761940028 -0.0051204134252251
1636512893.99791 34.5074726045778 -0.909521993663843 -3.95908592112821 0.995384098943991 -0.000798713743328112 0.0958472119594138 -0.00481347955469524
1636512894.49817 34.5617776612208 -0.873227226659383 -3.11385413374201 0.999188495106904 -0.00206779130205343 0.0402253089554138 2.13850888527951e-06
1636512894.99845 34.4793516009797 -0.83767535254786 -2.29016653075417 0.99971148126388 -0.00232056749613241 -0.0238350648545562 0.00185980618748113
1636512895.49869 34.2911469168971 -0.80729648910972 -1.51721950825891 0.995597426178891 -0.00321586061980624 -0.0935901689913902 0.00403775861139558
1636512895.99894 33.975006914727 -0.768608428679822 -0.793342272749598 0.985115781638934 -0.0053098394943521 -0.171542624366651 0.00958281774103158
1636512896.4992 33.5473550372655 -0.740353353054906 -0.166560280366245 0.966551103921587 -0.00716427213901518 -0.256021652873609 0.0134368884993576
1636512896.99946 32.9863552576332 -0.711241690033406 0.350228308490321 0.940704399441394 -0.00777950358313853 -0.338835021764182 0.014336674010167
1636512897.49971 32.3294468401418 -0.684237441044552 0.811911169166055 0.913981297504802 -0.00964126887091271 -0.405315365723873 0.0162692364332253
1636512897.99997 31.6396677453269 -0.662104288069637 1.26108948006313 0.888228972800396 -0.0129646528264499 -0.458800704584036 0.0195735313174332
1636512898.50023 30.879254519767 -0.635827266464844 1.62641519739 0.861833087550566 -0.0145156375598161 -0.506636729438265 0.01876832047329
1636512899.10054 29.8959402030275 -0.595360908440672 1.98031754810143 0.830630247707182 -0.0159561465683538 -0.556280580545969 0.0187272178402038
1636512899.6008 29.0321204607527 -0.569537244291743 2.24271628812985 0.80616031130512 -0.0179354510768013 -0.591114070290757 0.019184055238607
1636512900.20111 27.9742925679943 -0.530335089945234 2.43517489079569 0.772826403755763 -0.0181574457475043 -0.634055354499158 0.0195822433037362
1636512900.70137 27.0804381053011 -0.503393463926643 2.48396813620282 0.738450382550309 -0.0167409304627274 -0.673813090239349 0.0196645157744505
1636512901.20163 26.1840341546026 -0.479466342515014 2.43582524122646 0.698056649285498 -0.017549885229757 -0.715485212760902 0.022132018371831
1636512901.80196 25.1467077978195 -0.459450977453748 2.21460078052546 0.644102211735452 -0.0175018965378636 -0.764388296177931 0.0231637026676602
1636512902.30219 24.3216411181998 -0.450844400953807 1.91930378345443 0.596240225475291 -0.0170848360694377 -0.80220174731628 0.0260395565315849
1636512902.90319 23.4122628622232 -0.448305474292645 1.4462222319449 0.537109473450352 -0.0170199844808856 -0.842828277864732 0.0293977497391572
1636512903.40276 22.7120129241133 -0.461230819441768 0.958826781485226 0.486330917536208 -0.0178110685277353 -0.873013956839943 0.0318062202871869
1636512904.00306 21.9389205782134 -0.461946715617077 0.272898117361271 0.432665154121419 -0.0190629914268926 -0.900750988354988 0.0329412164994006
1636512904.60337 21.2252614687406 -0.482031634391146 -0.485831434130019 0.387894930160125 -0.0170989220739999 -0.920950521300606 0.0330951255643625
1636512905.20368 20.5193814820624 -0.492633462982342 -1.28861465106504 0.352098796243269 -0.0212090210087648 -0.935098715627061 0.0341614862749245
1636512905.804 19.8809223469496 -0.517848062333799 -2.15217259133482 0.329459353831246 -0.0185987237089954 -0.943508304066774 0.0300449963643551
1636512906.40431 19.2078904814348 -0.535736691314049 -2.97614924341138 0.329089810713229 -0.0203479729889206 -0.943589907765687 0.0303964215445644
1636512906.90456 18.5960944558832 -0.553044173870131 -3.68678499819909 0.337934184910191 -0.0218698232008546 -0.940461396800691 0.0292328347913992
1636512907.50487 17.8283947787293 -0.555634607660825 -4.51965453385625 0.354901776229275 -0.0201826682544092 -0.934282994304366 0.0274349354857195
1636512908.10518 17.0239000017532 -0.559492723334868 -5.32319806471693 0.373117529717394 -0.0200326739119584 -0.927149242287831 0.0278618649524535
1636512908.70549 16.1876970071136 -0.566853728581936 -6.09024522925618 0.393073464402359 -0.018569119113287 -0.918848108084243 0.0294379630424972
1636512909.20575 15.4588916681869 -0.571682914548508 -6.70331625399944 0.411889110620162 -0.0168602616500416 -0.9105983731301 0.0295583318615831
1636512909.80702 14.5497289936836 -0.571929047501997 -7.38001300404429 0.43500394572933 -0.0181935327309518 -0.899810185786821 0.0279676978131776
1636512910.30632 13.7805404023861 -0.576396851261932 -7.92081199486133 0.452445468852087 -0.0167119342627663 -0.891204345574324 0.0277240581058039
1636512910.90662 12.840129279373 -0.570858372350358 -8.52959894108809 0.467841305123215 -0.0154627355545699 -0.883241262381002 0.0277540890210791
1636512911.40688 12.036427079296 -0.574160806347042 -9.01098185569983 0.481265122699417 -0.0155004695441658 -0.876004527110047 0.0275623946660829
1636512912.00718 11.0498992358909 -0.573536054547977 -9.53892652646155 0.502136090340296 -0.0161279824518446 -0.86418455822253 0.0280050761385525
1636512912.50744 10.2042885166669 -0.569757342044841 -9.95105521390554 0.521743724240348 -0.0161209591847753 -0.852531719124589 0.0267070922649241
1636512913.0077 9.33355764460862 -0.562800414055004 -10.2929317549021 0.547117119963444 -0.0180006731536273 -0.836492655822281 0.0248770891446205
1636512913.50796 8.43423976902484 -0.546212109924301 -10.5572236964451 0.578680110629195 -0.0193797398202267 -0.814995435319182 0.0231558989369928
1636512914.10844 7.33303117427869 -0.530334781417225 -10.7838944671191 0.620332220109319 -0.0181029294667452 -0.783850427292452 0.020945841410795
1636512914.6087 6.3996667242663 -0.508051497570622 -10.882964250536 0.656735683703673 -0.0164239172006655 -0.753715089255003 0.0184948891150483
1636512915.20918 5.30370107078654 -0.466523879302555 -10.8213752220926 0.711006012815612 -0.0123271754523412 -0.702875488771078 0.0168682473965464
1636512915.70945 4.41776800177693 -0.423942295129914 -10.6422930695671 0.756343631872661 -0.00888533671537374 -0.653973619746813 0.0135597194800352
1636512916.30975 3.46574502258375 -0.405060468005671 -10.254505873038 0.808677090778704 -0.00810855631714277 -0.588001225265687 0.0151714617026641
1636512916.81001 2.71363909027426 -0.375422761364739 -9.82101063133649 0.847682413896713 -0.00783697474227906 -0.530320863369022 0.0115277436068685
1636512917.41033 1.9303763448546 -0.33740468137125 -9.21546826487115 0.888343204279418 -0.00373382731529725 -0.459132958133439 0.0054163363810981
1636512918.01081 1.3090977623094 -0.300574793520659 -8.45715843430509 0.924818729849624 -0.00482762648294853 -0.380334310801625 0.00572913334827285
1636512918.61111 0.811835663270324 -0.260677575913893 -7.59829480542506 0.954595974575042 -0.00514243139670836 -0.297829078302418 0.00423330154708747
1636512919.11137 0.494304602116322 -0.234515676502918 -6.83727112745938 0.971667920765254 -0.00431058195236736 -0.23630556267787 0.00159739990456832
1636512919.71215 0.233231297358031 -0.198245372465481 -5.84851215527454 0.986213996493944 -0.00462664214396733 -0.165406487559033 0.00111408047164069
1636512920.31199 0.111870127902394 -0.155017639087358 -4.83238280508294 0.99513384132837 -0.004438543553225 -0.0984248255649054 0.00122101870870872
1636512920.81225 0.0701430644174975 -0.115869349887855 -3.95828134010021 0.998424878481145 -0.0037642784339799 -0.0559276556198039 0.00238528292977172
1636512921.41257 0.0499593154736418 -0.0815044702338063 -2.89844987302818 0.999710222801388 -0.00142021665753555 -0.0240234824806335 0.000570701802343377
1636512922.01319 0.0640676260461728 -0.0416409477348176 -1.82077286006719 0.99997542736807 -0.000947211425444666 -0.00693849017662009 0.000323735433499484
1636512922.51315 0.042527578036507 -0.0222464690479509 -0.934850584745029 0.999961168119152 -0.00106477197380529 -0.00862296864118028 -0.00147408488149939
1636512923.11344 0.0396535119952899 0.00862808481649985 -0.0872900150921042 0.999944607249625 -0.00375051489582235 -0.00978704763269982 0.000964245323533698
1636512923.71374 0.0387463530344881 0.0285382890108327 0.353024856378407 0.999953241747129 -0.00199477030990894 -0.00944950587662068 0.000491985269583988
1636512924.214 0.0320322480504432 0.0271445453234345 0.398239129563161 0.999954644422949 -0.000934649942428052 -0.00947079764050176 0.000373521766999758
1636512924.71431 0.0378467870705121 0.0297598766788619 0.399726717271664 0.999956903193132 -0.000423004056304719 -0.0092740012906903 7.56573213277915e-05
