1636512861.08095 0 -8.67361737988404e-19 -1.11022302462516e-16 1 0 0 0
1636512861.5812 0.00792270818831314 0.00323575661803894 -0.00153259152552787 0.999999978237328 -0.000204164561004063 3.60801327055382e-05 2.32465100204038e-05
1636512862.08146 0.00464785420515887 0.00789546572882479 -0.0161393471697749 0.999999918972648 0.000358838712427034 -9.07264775872981e-05 -0.000158297763212522
1636512862.68176 0.0127360623807821 0.0131422301897661 0.0640586152047474 0.999999511633469 0.000914494458105602 -0.000257447633147812 -0.00027231126837111
1636512863.38225 0.0261040912019137 0.0205759538222102 0.379421146848402 0.999998789983074 0.00155384184975371 3.8092603964013e-05 -6.44736159637183e-05
1636512864.18254 0.0501347071050835 0.036387112736334 1.01581261860136 0.999975383956083 0.00178637151176655 0.00676879584068207 -0.00047303443213818
1636512864.68279 0.0774989083468182 0.0578447102436699 1.55207490837193 0.999753280396257 0.00186129217590642 0.0220799947306257 -0.00154523818711493
1636512865.18307 0.179420936363755 0.0766768048408496 2.12972690545352 0.998921616613597 0.00327230094487521 0.0462883457717674 -0.00151160653500335
1636512865.68331 0.305601568910951 0.0898053722522988 2.8046542544619 0.997088179918269 0.00306616752683778 0.0760710561216318 -0.00435367712525555
1636512866.18357 0.509833555460171 0.109866687024902 3.51811404949954 0.993733227773201 0.00155559590794056 0.111609840994628 -0.00592414837602616
1636512866.68383 0.797138809588703 0.131488649948339 4.24996332460976 0.988130541796929 0.00247563176926183 0.153450512008255 -0.0066965647802484
1636512867.18409 1.17740958131212 0.150350502741047 4.99871285952603 0.979914382543365 0.00218969755671418 0.199242160155929 -0.00809751354830916
1636512867.68435 1.63293882573342 0.16526759198388 5.71036753413037 0.967264560730803 0.00195345305041269 0.253472088968961 -0.0121389327841368
1636512868.18526 2.18006761677621 0.180454426016825 6.34281664203954 0.949924919436666 0.00351878514373046 0.312018385091895 -0.0165768799537845
1636512868.68485 2.80261335563097 0.183266994963863 6.90391892355399 0.928957767498827 0.0040386087853349 0.369662964939517 -0.0192470308047609
1636512869.18512 3.50465697230458 0.188372732499686 7.33601786706833 0.904744877389348 0.00898044273629019 0.425541384062925 -0.0164495877092227
1636512869.68538 4.23041472004488 0.179837405852267 7.73518406522815 0.876087077671121 0.00793234885982118 0.481671596917508 -0.0200245574777227
1636512870.18564 5.01625846580335 0.174020761971327 7.99882601317366 0.843243391401008 0.00900220634252813 0.537110326158137 -0.0192883559121033
1636512870.68589 5.80641364557083 0.160162906429556 8.16740285095611 0.807717471364822 0.0100269791818721 0.589158001950314 -0.0196161891920428
1636512871.18615 6.63709327743422 0.155042052668441 8.23716920326703 0.768710518880516 0.0106085864616231 0.639136310410142 -0.021825965523782
1636512871.6864 7.46444054101216 0.134309898210461 8.21369959103136 0.726350964951072 0.0102333182694432 0.686849249268369 -0.0234022155216287
1636512872.18666 8.28295588653207 0.123847881831168 8.04798383324278 0.679665634626464 0.0126171422300052 0.733083478760155 -0.0220010453993218
1636512872.68693 9.0947705821524 0.103594778864339 7.80687057732825 0.63195931802103 0.0108299598808761 0.774574399765567 -0.0233373426761677
1636512873.18854 9.87427408722536 0.0842136975425574 7.47176795979083 0.585141760017867 0.00995969913880271 0.810452439934151 -0.0260147589079581
1636512873.68744 10.6075140607052 0.067339968743419 7.05000193591434 0.541855376265236 0.0121213801122755 0.839902475326518 -0.0284544424830352
1636512874.1877 11.3329909773175 0.0427706504028466 6.58331713131895 0.505973530012269 0.0125067423080118 0.861841869641481 -0.0326030682090157
1636512874.68925 12.0471744643085 0.00372645128277445 6.08036879438202 0.478671952591194 0.0105734498811082 0.877195551723441 -0.0359072137147188
1636512875.18821 12.7394873823596 -0.0230930742093788 5.52736136087351 0.458086589373074 0.0124284230578582 0.888131563658604 -0.0349933789475077
1636512875.68847 13.4308518401053 -0.0625177330554226 4.96614339281442 0.440385214686024 0.0128081255633861 0.897060162314804 -0.0343493783529697
1636512876.18873 14.0861353144797 -0.106414807931305 4.36515611367417 0.418820974272934 0.0115655420478867 0.907353577481782 -0.0341279237168153
1636512876.68898 14.7045551038059 -0.13931937677427 3.72450895916154 0.396287464617024 0.0129513547860078 0.917432692629721 -0.0332530042371852
1636512877.18924 15.2941550966863 -0.177841762030176 3.04497005816165 0.373313199655126 0.014575855302142 0.927038145125548 -0.0320168219479307
1636512877.68951 15.8624992989966 -0.212728458870927 2.36227560626598 0.352116686298027 0.014924704938094 0.935251618746386 -0.0330983692237803
1636512878.18976 16.4160379721658 -0.253085988564548 1.62265811953806 0.332912230925138 0.0146231826407694 0.942256903819046 -0.0332796669942328
1636512878.69002 16.9646721798835 -0.292014571701149 0.867876307605757 0.320783037544088 0.0150974570236209 0.946478310993299 -0.0323900669138054
1636512879.29032 17.5901744886577 -0.332349345434759 -0.0622376146554042 0.310389203486138 0.0188556777155877 0.949872806789971 -0.0323211493927698
1636512879.79059 18.1446684274099 -0.375192614462422 -0.807883604223295 0.307693138643071 0.0166063009504679 0.9507586583021 -0.0332736662288394
1636512880.29084 18.6706558680658 -0.412845946915776 -1.58011064156781 0.305333808409998 0.0168080702150658 0.9515357083141 -0.0326886833732393
1636512880.79111 19.2017638334222 -0.452436123540138 -2.34019846749081 0.302907017643146 0.0183043279925016 0.952313205728093 -0.0318095651520159
1636512881.29136 19.7368334692939 -0.492560276426578 -3.1044325536547 0.301130335495265 0.0166171584810876 0.952894120054874 -0.0322053885766065
1636512881.89167 20.3827380670886 -0.534254573641966 -4.0372430432346 0.300601724160054 0.0149056038382703 0.953120324963422 -0.0312741514327874
1636512882.39326 20.9184157882525 -0.56574896265837 -4.81957373804197 0.300780453079052 0.0140008566947818 0.953117321869793 -0.0300410687081266
1636512882.89218 21.4479021245496 -0.600849348980064 -5.58842627785696 0.301369034762191 0.0150331628968293 0.952918359787653 -0.0299551077352795
1636512883.39244 21.9750343881913 -0.629500798480472 -6.3578111545923 0.305046945619128 0.0154508096616761 0.951693797510035 -0.0314093812445698
1636512883.89269 22.5221983598872 -0.667168267589556 -7.10733643566735 0.314832029656051 0.0150016808090344 0.948427590296264 -0.0337764509736601
1636512884.39295 23.084064761723 -0.707510717215587 -7.84238873825522 0.332227674195261 0.0174197209748392 0.942432881045075 -0.0337874317616271
1636512884.89425 23.694217997159 -0.750932865536048 -8.53982664441967 0.355559204070952 0.0174974539447643 0.933914560395113 -0.0327884947486791
1636512885.39348 24.3701078373779 -0.790306919653151 -9.17227792391792 0.385564440100247 0.0172129557589798 0.921963352924964 -0.0320523407504382
1636512885.89372 25.0674706361917 -0.82328451555908 -9.7546903744163 0.423160645856125 0.0179465651171901 0.905339533281429 -0.0311980460427653
1636512886.39398 25.8397465275271 -0.862843437881558 -10.2520993533551 0.464527087624092 0.0165945396725275 0.884915896901816 -0.0293779088260226
1636512886.89491 26.6453693104027 -0.884252024476206 -10.654361173347 0.514947975216275 0.0174551417014394 0.856633924151823 -0.0264994498261779
1636512887.39574 27.4924027496345 -0.914284816554355 -10.8926631316266 0.573850596189427 0.0155467954480437 0.818414078277238 -0.0255379498385072
1636512887.89477 28.3147316572493 -0.935774277211187 -10.991350092968 0.634089676466186 0.0165806146939363 0.77271610865816 -0.0237735322484983
1636512888.39505 29.1254026741082 -0.95199080439835 -10.9388054980209 0.694835668295305 0.0150589557585671 0.71865508526303 -0.0226161522294313
1636512888.89528 29.9210646956835 -0.962340679561519 -10.7448507719635 0.752255510122658 0.0121688019689834 0.658471509613877 -0.0194637811219292
1636512889.39554 30.6407385060276 -0.964846970990091 -10.4276874985477 0.805578291255467 0.0100115064653039 0.592167692231111 -0.0167574065385355
1636512889.89579 31.3249983216712 -0.953861154874886 -9.99075321815935 0.850263022042167 0.0105826849027856 0.526073218686722 -0.0137028722742024
1636512890.39605 31.9349890801165 -0.9501425672405 -9.46525286498644 0.886030490901615 0.0097163301988224 0.463352819358158 -0.0126383113174581
1636512890.89631 32.4722594599953 -0.92258549452502 -8.84219662898569 0.913797621744838 0.00938625926248427 0.405769200676089 -0.0154000134163168
1636512891.39656 32.9984749843127 -0.92007015320516 -8.18565728412305 0.935766509522993 0.00836028858145333 0.352306284061622 -0.0123055857512278
1636512891.89685 33.4518816474182 -0.912614103924913 -7.43801689230762 0.953119473415642 0.0035178407295441 0.302426214405848 -0.00944875825910644
1636512892.49719 33.8911293022464 -0.888397094345173 -6.49551837378493 0.969601384846136 0.000783572618232486 0.244510588300302 -0.00933341992240048
1636512892.9974 34.1997739433623 -0.859415772406098 -5.67329979017305 0.980539533085473 0.000154826096898509 0.196220547447175 -0.00630054322520859
1636512893.49765 34.41717883998 -0.824305848615125 -4.81379095245343 0.989141415898276 -0.000407078212720232 0.146878600285607 -0.00507645744832146
1636512893.99791 34.5289954056812 -0.794818817749803 -3.95205859293582 0.995384098943991 -0.0011124513633371 0.0958454940159972 -0.00478532112336254
1636512894.49817 34.5743777573496 -0.75764494016467 -3.09753983006648 0.999188495106904 -0.00220070432410053 0.0402182543203027 1.2880446171182e-05
1636512894.99845 34.4791470209251 -0.722345094814841 -2.26500282511393 0.99971148126388 -0.00224294435148676 -0.0238431612607649 0.00185124037047864
1636512895.49869 34.275945078988 -0.692430575401447 -1.48407165676471 0.995597426178891 -0.00290907803909463 -0.0936014952849566 0.00400778384516979
1636512895.99894 33.9429764357956 -0.654061886744769 -0.75312906891531 0.985115781638934 -0.00474888891387101 -0.171562109700024 0.00952823883370416
1636512896.4992 33.4951064013208 -0.626853071040134 -0.122062242030173 0.966551103921587 -0.00632654036992064 -0.256047960817183 0.0133559034239892
1636512896.99946 32.9124998187547 -0.5998410991099 0.394631184037781 0.940704399441394 -0.00666867139740663 -0.338863177593689 0.0142305503937367
1636512897.49971 32.2381293056998 -0.574859801144267 0.854060119451319 0.913981297504802 -0.00831194110453039 -0.405349889105813 0.0161420831498856
1636512897.99997 31.534446423011 -0.554433509095966 1.30039798789624 0.888228972800396 -0.0114606127119007 -0.458846909535701 0.0194283258094223
1636512898.50023 30.7605862418481 -0.530695671861822 1.66036939881203 0.861833087550566 -0.0128530170265112 -0.50668755361186 0.0186078524070533
1636512899.10054 29.7638407706575 -0.493522307514605 2.00700352009441 0.830630247707182 -0.0141294457411787 -0.556335878938065 0.0185510151517998
1636512899.6008 28.8907547395668 -0.470350129484146 2.26352274118933 0.80616031130512 -0.0159939158300342 -0.591175854634907 0.0189962109259036
1636512900.20111 27.8224106254361 -0.43495105569658 2.44670885290061 0.772826403755764 -0.0160742577011258 -0.634117755859998 0.0193814241058719
1636512900.70137 26.9198101337364 -0.411643469269542 2.48508135867776 0.738450382550309 -0.0145264230934495 -0.673870616947756 0.0194526902474437
1636512901.20163 26.015077674118 -0.390888245249757 2.42585777591345 0.698056649285499 -0.0151991977160453 -0.715545925804367 0.0219072326381667
1636512901.80196 24.9690475009372 -0.374779780119539 2.1887008080981 0.644102211735452 -0.0149902496440957 -0.764448891997242 0.0229243271939365
1636512902.30219 24.1391604384516 -0.369514204361317 1.87982325900834 0.596240225475291 -0.0144500198276165 -0.802261622517063 0.0257891350852393
1636512902.90319 23.2261571084368 -0.370652985001196 1.39031216190548 0.537109473450352 -0.0142529999979673 -0.842888725941792 0.0291352226894932
1636512903.40276 22.5243999925968 -0.386263708666659 0.889191278490431 0.486330917536208 -0.0149458240518793 -0.873077577660603 0.0315341779359157
1636512904.00306 21.7510822840932 -0.389694137218924 0.18871005177045 0.432665154121419 -0.0161067868456759 -0.900818934834328 0.0326601051826662
1636512904.60337 21.0396631397106 -0.412795598581027 -0.582588007628678 0.387894930160125 -0.014076075169745 -0.921011913072118 0.0328091944906211
1636512905.20368 20.3344864278519 -0.425082867235465 -1.39401835098878 0.352098796243269 -0.0181400592458513 -0.935173931427139 0.0338687749070718
1636512905.804 19.6984084355106 -0.452419112538493 -2.2655863116908 0.329459353831247 -0.0154994370426502 -0.94357360937574 0.0297513918010059
1636512906.40431 19.025357521032 -0.47196700451278 -3.08971987529877 0.32908981071323 -0.017248624508133 -0.943661098420782 0.0301017070046088
1636512906.90456 18.4127744519064 -0.490540127664162 -3.79878348820669 0.337934184910191 -0.018780083282559 -0.940537283072879 0.0289381113908993
1636512907.50487 17.6450170788244 -0.495405326371793 -4.62874886687036 0.354901776229275 -0.0171122403198323 -0.934352798589247 0.0271431064726132
1636512908.10518 16.8402695886399 -0.5016038067604 -5.42796982243416 0.373117529717394 -0.0169860846130505 -0.927218718718742 0.0275722615083058
1636512908.70549 16.0045926911995 -0.511812608642271 -6.18995660427367 0.393073464402359 -0.0155509454335993 -0.918913268599734 0.0291517490075921
1636512909.20575 15.2763206735518 -0.519080712514614 -6.79873507537174 0.411889110620162 -0.0138694332173442 -0.910657968733305 0.0292756444385714
1636512909.80702 14.3664676404057 -0.521463399335123 -7.47016640543978 0.43500394572933 -0.0152373605268791 -0.899873767512133 0.0276874084668329
1636512910.30632 13.5980523292691 -0.528461963923545 -8.00704399430398 0.452445468852087 -0.0137840572358992 -0.891263005712182 0.0274472608873847
1636512910.90662 12.6585441176252 -0.525995962507653 -8.61240244573375 0.467841305123215 -0.0125611979745567 -0.883295847681379 0.0274804475015298
1636512911.40688 11.855301849103 -0.531665869219353 -9.09063676269377 0.481265122699417 -0.0126227265696375 -0.876059219230042 0.0272908931534579
1636512912.00718 10.8695122717481 -0.533851731748605 -9.61309255038375 0.502136090340296 -0.013289568947751 -0.864241522130779 0.0277367186238711
1636512912.50744 10.024655633903 -0.532460219405949 -10.0206754252115 0.521743724240348 -0.0133202480155364 -0.852588333284893 0.026442222960729
1636512913.0077 9.15447748794134 -0.527468435018253 -10.3560934526282 0.547117119963444 -0.015251818190754 -0.83655501856287 0.0246158485951554
1636512913.50796 8.25681112795411 -0.513041089520977 -10.6121002034633 0.578680110629195 -0.0167008476337897 -0.815061955154603 0.022900229475992
1636512914.10844 7.15988961404375 -0.500549875384384 -10.8283382224574 0.620332220109319 -0.015525593022581 -0.783912234407388 0.0207002754077525
1636512914.6087 6.23135119416984 -0.481312355711394 -10.9185499396737 0.656735683703673 -0.0139446530975801 -0.753770776594273 0.0182593743792856
1636512915.20918 5.14560764976096 -0.443969913315691 -10.8435598419657 0.711006012815612 -0.0100149247077465 -0.702917429543775 0.0166504734682459
1636512915.70945 4.26981900147462 -0.404830984188717 -10.6542135167302 0.756343631872661 -0.00673265042073982 -0.654003461037719 0.0133587010846399
1636512916.30975 3.33355525664256 -0.38906372508473 -10.2529647814107 0.808677090778704 -0.00617487687509703 -0.588029348117841 0.0149906469966061
1636512916.81001 2.59424587091107 -0.361870063814036 -9.811381264523 0.847682413896713 -0.00609164244125896 -0.530347309604997 0.0113643414833362
1636512917.41033 1.82739010767091 -0.327558500176222 -9.20034812194359 0.888343204279418 -0.00221997022021627 -0.459144398761372 0.00527676310400637
1636512918.01081 1.22590990060043 -0.292562296524373 -8.43614368245194 0.924818729849624 -0.00357434488021826 -0.38034989354817 0.00561243760778953
1636512918.61111 0.748784528359581 -0.254435861033814 -7.57541487559239 0.954595974575042 -0.00416085744013429 -0.297845705166881 0.00414107523863912
1636512919.11137 0.445414280759779 -0.229881260937638 -6.81585678107562 0.971667920765254 -0.00353068229743995 -0.236318986141129 0.00152408250139976
1636512919.71215 0.200842418348919 -0.194692273784433 -5.83027805896915 0.986213996493944 -0.00408072522468825 -0.165421200161185 0.001061761892284
1636512920.31199 0.0944907245744379 -0.152163502010782 -4.81941782581192 0.99513384132837 -0.00411403293914788 -0.0984393175214407 0.00118884058289693
1636512920.81225 0.0620808986357606 -0.113393208699822 -3.94988447551788 0.998424878481145 -0.00358092364526933 -0.0559405039711643 0.00236622721011154
1636512921.41257 0.047281851591878 -0.0801159428904918 -2.89477458355887 0.999710222801388 -0.00134117730356424 -0.0240282148225117 0.000562638678439559
1636512922.01319 0.0640432665152684 -0.040649161936751 -1.81944654278053 0.99997542736807 -0.000924478603061745 -0.00694167928285996 0.000321073344959329
1636512922.51315 0.0408230189863872 -0.021808574511945 -0.933271376093246 0.999961168119152 -0.00103535831896693 -0.00862599579803468 -0.00147732306029482
1636512923.11344 0.0380454987567832 0.00967863937607375 -0.0844681914768983 0.999944607249625 -0.0037187500874378 -0.00979967676275732 0.000958991931734974
1636512923.71374 0.0366892952808902 0.0290276515710798 0.355103883430685 0.999953241747129 -0.00196383822824684 -0.00945619323658832 0.00048792242482621
1636512924.214 0.0299050918273292 0.0273645921362066 0.399891094778683 0.999954644422949 -0.000903580099014703 -0.00947394628634414 0.000370110444013368
1636512924.71431 0.0356336348998941 0.0298543371390965 0.401151135911983 0.999956903193132 -0.000392402867657178 -0.00927537074071814 7.26224024007668e-05
