1636512861.08095 3.46944695195361e-18 0 0 1 0 0 0
1636512861.5812 0.00791757960600447 0.00322321861227168 -0.00159727297388745 0.999999978237328 -0.000204097890827099 3.63103181828024e-05 2.34724503951528e-05
1636512862.08146 0.0046876425466353 0.00791572307497834 -0.0160475889445442 0.999999918972648 0.00035856342553603 -9.11132463057148e-05 -0.000158698907763347
1636512862.68176 0.0129034002539602 0.013158129269711 0.0642867122327143 0.999999511633468 0.000913904455817155 -0.000258453145308238 -0.000273337596973007
1636512863.38225 0.0265573725492276 0.0204999097906813 0.379871299495251 0.999998789983074 0.00155381390812008 3.63234851575832e-05 -6.6146285132575e-05
1636512864.18254 0.0514155221180889 0.0362435487123641 1.01726776372907 0.999975383956083 0.00179360852401236 0.00676681790690554 -0.000473947003626935
1636512864.68279 0.079753115481398 0.0577359672791326 1.55569938337719 0.999753280396257 0.00188490205563649 0.0220780832008923 -0.00154393113143108
1636512865.18307 0.182537352978319 0.0763429369824195 2.13710692221621 0.998921616613597 0.00332366336961663 0.0462847976665765 -0.00150818727177054
1636512865.68331 0.310813319236367 0.0896100503536538 2.81598468862759 0.997088179918269 0.00314856122441819 0.0760681545685054 -0.00434555980652894
1636512866.18357 0.517179679215294 0.109551171844222 3.53367845494048 0.993733227773201 0.0016769863958827 0.111608882911734 -0.00590906010116437
1636512866.68383 0.807094441495617 0.130803432693973 4.27120694183671 0.988130541796929 0.00264409344778648 0.153448589739661 -0.00667618490285353
1636512867.18409 1.1908396805327 0.149287115880435 5.02552536869037 0.979914382543365 0.00240907687213938 0.199240746867055 -0.00806994554740943
1636512867.68435 1.65174772522129 0.16408081602139 5.7433310338181 0.967264560730803 0.00223055983796457 0.253471522042127 -0.0121029612369756
1636512868.18526 2.20561904844533 0.178988176986163 6.38236023795866 0.949924919436666 0.00385813105368701 0.312016659234785 -0.0165338022844305
1636512868.68485 2.83507116436867 0.181217020313952 6.94909853787158 0.928957767498827 0.00444107190326099 0.369661009935375 -0.0191958541748906
1636512869.18512 3.543632719499 0.184705198574886 7.38781680664649 0.904744877389348 0.00944990041725256 0.425533310659604 -0.0163953572365569
1636512869.68538 4.27782819218586 0.175616878435255 7.7904035364233 0.876087077671121 0.00846221456634127 0.481665227381753 -0.0199607613480121
1636512870.18564 5.07186252266616 0.168529913402106 8.05768383658475 0.843243391401008 0.00959634181742303 0.537102583375025 -0.0192173883273281
1636512870.68589 5.87069835684214 0.153512412793029 8.22857525619446 0.807717471364822 0.0106803526418497 0.589149100940352 -0.0195385101949556
1636512871.18615 6.71072993101775 0.14740112981177 8.29904931004143 0.768710518880516 0.011316796567653 0.639127044911249 -0.0217414061391675
1636512871.6864 7.54718439068166 0.125694323650191 8.27501471184444 0.726350964951072 0.0109944566272707 0.686840620287842 -0.0233100828125874
1636512872.18666 8.37491199610418 0.113706486544737 8.10877116797289 0.679665634626464 0.0134327279724666 0.733071877715886 -0.0219045435727004
1636512872.68693 9.19506040499914 0.0926392482509875 7.86452358902415 0.63195931802103 0.0116916107164481 0.774565019425119 -0.02323267716419
1636512873.18854 9.98237806791936 0.0724896848716786 7.52528252827305 0.585141760017867 0.0108595389015297 0.810444437446388 -0.0259037624727768
1636512873.68744 10.72282011635 0.0545115234302218 7.09946467598622 0.541855376265236 0.0130523018912149 0.839892347968035 -0.0283413558698502
1636512874.1877 11.4536618051949 0.0291726887216873 6.62800958581591 0.505973530012269 0.0134583031323304 0.861831914788279 -0.0324870998411816
1636512874.68925 12.1708766248526 -0.010354461044209 6.12060896749832 0.478671952591194 0.0115390241884563 0.877188300296925 -0.0357868487786182
1636512875.18821 12.8655097200257 -0.038295243149706 5.56534931917473 0.458086589373074 0.0134075034824583 0.888122042945069 -0.0348733755462339
1636512875.68847 13.5583719960054 -0.0786116995586346 5.00179130492191 0.440385214686024 0.0137981240705173 0.897050103427116 -0.0342284443041068
1636512876.18873 14.2150737199798 -0.123134327962744 4.3976862078502 0.418820974272934 0.0125675669757379 0.90734490071725 -0.034004101396513
1636512876.68898 14.835487895938 -0.157002333029667 3.75428439148903 0.396287464617024 0.0139658632575657 0.917422290143971 -0.0331291653663838
1636512877.18924 15.4269765504305 -0.196496733464155 3.07198912556702 0.373313199655126 0.0156026948561925 0.927025689269069 -0.0318932957168687
1636512877.68951 15.9968070583772 -0.232061215557968 2.38587561570933 0.352116686298027 0.0159597802072503 0.935238921844179 -0.0329739854122906
1636512878.18976 16.551175503284 -0.27299928404265 1.64320978143619 0.332912230925138 0.015666083360659 0.942244574889685 -0.0331539051024356
1636512878.69002 17.1000413512725 -0.312601681350805 0.886612607447675 0.320783037544088 0.0161461513390071 0.946465301565738 -0.0322641837492148
1636512879.29032 17.7264115996325 -0.354116222463069 -0.0451152662561136 0.310389203486138 0.0199083284218799 0.949855482203048 -0.0321988159332223
1636512879.79059 18.2797235566949 -0.397143370068109 -0.79220445712812 0.307693138643071 0.0176589399958848 0.950744052496316 -0.033148769405199
1636512880.29084 18.8050262783496 -0.435339286084825 -1.56512129948208 0.305333808409998 0.0178622304998047 0.951520782407688 -0.0325638881228632
1636512880.79111 19.3358045577928 -0.475676742660023 -2.32570661875579 0.302907017643146 0.0193603260938056 0.952296433227702 -0.0316862698636884
1636512881.29136 19.8697019741011 -0.516050763838382 -3.09102809850713 0.301130335495265 0.0176733963126479 0.952879338606837 -0.0320801833455311
1636512881.89167 20.5140224315272 -0.558121377005457 -4.02450461889815 0.300601724160054 0.0159631085322822 0.953107361739926 -0.031147063989212
1636512882.39326 21.0484355441943 -0.59001122246922 -4.80712613222913 0.300780453079052 0.0150596908098421 0.95310520766631 -0.0299130051588375
1636512882.89218 21.577289268244 -0.625749689843054 -5.57635751509091 0.301369034762191 0.0160918607649671 0.952905050901008 -0.0298281892003814
1636512883.39244 22.1035137570716 -0.654891054368387 -6.34622095095147 0.305046945619128 0.0165065342920349 0.951680231559466 -0.0312830969219589
1636512883.89269 22.6491209881217 -0.692891121144313 -7.09581463341751 0.314832029656051 0.0160511098147946 0.948414899179967 -0.0336501707249626
1636512884.39295 23.2093466783385 -0.734014954233861 -7.8290401977068 0.332227674195261 0.0184622713304499 0.942417427385889 -0.0336646638998753
1636512884.89425 23.8164835976547 -0.777937550197554 -8.5239699152888 0.355559204070952 0.0185313297947465 0.933898872138913 -0.0326670909958976
1636512885.39348 24.4885044046431 -0.817803352168327 -9.1534112947355 0.385564440100247 0.0182339431728314 0.921947886845468 -0.031932425334281
1636512885.89372 25.1811832526963 -0.851412913705847 -9.73201040953176 0.423160645856125 0.018949440399905 0.905323109059601 -0.0310814206531158
1636512886.39398 25.9472611958394 -0.89144517154388 -10.2256320649118 0.464527087624092 0.0175759978275863 0.884900758457399 -0.0292628919514667
1636512886.89491 26.7454087520402 -0.913710298145532 -10.6231877276101 0.514947975216275 0.0184073253806143 0.8566173833998 -0.0263896125449265
1636512887.39574 27.5825973510444 -0.944174148984966 -10.8579391706242 0.573850596189427 0.0164562591288761 0.818399602090572 -0.0254317928293586
1636512887.89477 28.3945351277867 -0.966517218097963 -10.9535007847996 0.634089676466186 0.0174396596202129 0.772700212194421 -0.0236753573581406
1636512888.39505 29.1933176811652 -0.983254777723161 -10.900020776777 0.694835668295305 0.0158573539982938 0.718640791576833 -0.0225244549459569
1636512888.89528 29.9761751235092 -0.994227535479271 -10.7070137533993 0.752255510122658 0.0129016996502848 0.658460087320259 -0.019378004087895
1636512889.39554 30.6834086148616 -0.997419949180674 -10.3928457719523 0.805578291255467 0.010671413473494 0.592158373970709 -0.0166792604382337
1636512889.89579 31.3569865196071 -0.987461201376212 -9.95991711655461 0.850263022042167 0.0111702135668298 0.526062828000356 -0.0136352731128095
1636512890.39605 31.958302638288 -0.984411438901297 -9.44013529968874 0.886030490901615 0.0102331963454555 0.463343301079805 -0.01257919829193
1636512890.89631 32.4898828059176 -0.957067782715758 -8.82353674870846 0.913797621744838 0.0098342113222451 0.405760516916329 -0.0153491919311898
1636512891.39656 33.0100566907986 -0.955460868685768 -8.17315228995284 0.935766509522993 0.00875037018464041 0.352298341848342 -0.012261688615133
1636512891.89685 33.4583571064865 -0.948693943187274 -7.43287820270043 0.953119473415642 0.00385390226580731 0.302423416485564 -0.00940712466241134
1636512892.49719 33.8939720793491 -0.924987200106827 -6.49881541503723 0.969601384846136 0.00105345013106615 0.244510941753181 -0.0092975324817519
1636512892.9974 34.1996569883812 -0.896853425199203 -5.68320027396104 0.980539533085473 0.000372689001941445 0.196221193571965 -0.00627123214555751
1636512893.49765 34.4153197436071 -0.862268316471946 -4.83068786372591 0.989141415898275 -0.000244387913368726 0.14687973719972 -0.00505395186403853
1636512893.99791 34.5263291653415 -0.833068166603913 -3.97633195623742 0.99538409894399 -0.00100787742038898 0.0958474283853559 -0.00476971953888153
1636512894.49817 34.5702509454696 -0.796752283477456 -3.12993150189695 0.999188495106904 -0.00215463876871548 0.0402207449475565 2.12988384122212e-05
1636512894.99845 34.4754095488693 -0.761750859977778 -2.3064414079382 0.99971148126388 -0.00226824205635011 -0.0238408579786036 0.00185008053820712
1636512895.49869 34.2737950178351 -0.732062960124349 -1.53545594352276 0.995597426178891 -0.00301191742312027 -0.0935987094962934 0.00399686377446992
1636512895.99894 33.9432803819413 -0.694298407682389 -0.815835074660655 0.985115781638934 -0.00493502688357596 -0.171558001753178 0.00950759223075573
1636512896.4992 33.5006000740384 -0.667323882267466 -0.196373426524214 0.966551103921587 -0.0066052767132411 -0.25604257011497 0.0133242679507314
1636512896.99946 32.9257836217097 -0.639895445359823 0.310405667460169 0.940704399441394 -0.00704128409098734 -0.338857472460709 0.014186844169761
1636512897.49971 32.2590124451343 -0.614595863010984 0.762365466410789 0.913981297504802 -0.00875861295252943 -0.405342547903667 0.0160901637514868
1636512897.99997 31.5623205499162 -0.59411884084668 1.20277519308171 0.888228972800396 -0.0119649842734656 -0.458836425719461 0.0193717697249994
1636512898.50023 30.7962569869873 -0.56956374422775 1.55909010545121 0.861833087550566 -0.0134130493493019 -0.506675319595912 0.0185456146458253
1636512899.10054 29.8080952385298 -0.531422604948752 1.90280671171793 0.830630247707182 -0.014746383986808 -0.556322141938644 0.0184826984506623
1636512899.6008 28.9415514312426 -0.507532805798868 2.15765922176101 0.80616031130512 -0.0166502618721093 -0.591160027360437 0.0189246745607267
1636512900.20111 27.8812983560214 -0.471006812800176 2.33999741112549 0.772826403755763 -0.0167793550380449 -0.6341018663167 0.0193035239300756
1636512900.70137 26.9862573432864 -0.446516851065725 2.37862308910361 0.738450382550309 -0.0152769614342083 -0.673856483672344 0.0193671467538067
1636512901.20163 26.0898057096151 -0.425045144236087 2.31948046747984 0.698056649285498 -0.0159948015090546 -0.715531366276 0.0218161542942298
1636512901.80196 25.0541870558646 -0.407730212683675 2.08432669365156 0.644102211735452 -0.0158407479272728 -0.764434693105394 0.0228256767580861
1636512902.30219 24.232269246616 -0.401613025205085 1.77781342546032 0.596240225475291 -0.0153407194178855 -0.802248450744436 0.0256842194950302
1636512902.90319 23.3282910224084 -0.401787350692252 1.29218404802074 0.537109473450352 -0.0151866030726126 -0.842876259389591 0.029023989636373
1636512903.40276 22.6337393204534 -0.416674914115181 0.795143446503934 0.486330917536208 -0.0159114008757479 -0.873064661142824 0.0314191571199376
1636512904.00306 21.8674329104163 -0.419188530475832 0.100078385405977 0.432665154121419 -0.0171029093974579 -0.900804841254126 0.0325421706768496
1636512904.60337 21.1603023984937 -0.440924895251397 -0.66555068182077 0.387894930160125 -0.0150951596859969 -0.92100015339162 0.0326860331447236
1636512905.20368 20.4593962281392 -0.452804339485514 -1.47288581453836 0.352098796243269 -0.0191742095380321 -0.935157670274871 0.0337478754695519
1636512905.804 19.8244634336428 -0.478545536035847 -2.33966401006379 0.329459353831246 -0.0165476548371216 -0.94355974207094 0.02962638073594
1636512906.40431 19.1509945781539 -0.497473119028311 -3.16329246584303 0.32908981071323 -0.0182965619656053 -0.943645281620256 0.0299785720273158
1636512906.90456 18.5372469284112 -0.515415993525327 -3.87258654739295 0.337934184910191 -0.019825698842984 -0.940519538897546 0.028817100590099
1636512907.50487 17.766483756059 -0.518968854308828 -4.70307200576491 0.354901776229275 -0.018152715481694 -0.934336696055265 0.0270212241484245
1636512908.10518 16.9587316027202 -0.524187379957179 -5.503635372975 0.373117529717394 -0.0180179280933256 -0.927202830360864 0.0274513142784736
1636512908.70549 16.1192784160411 -0.533289389277854 -6.2672229724814 0.393073464402359 -0.0165715752955119 -0.918899267955436 0.0290304982030197
1636512909.20575 15.3875304334718 -0.539463631084711 -6.87706851863499 0.411889110620162 -0.0148804792375014 -0.910645917373547 0.029153817264408
1636512909.80702 14.4745143758625 -0.540841797627968 -7.54963048362624 0.43500394572933 -0.0162377725127697 -0.899859916787194 0.0275686797558794
1636512910.30632 13.7027878026905 -0.546709362232738 -8.08713821360652 0.452445468852087 -0.0147748712713726 -0.891250788118726 0.0273282559245798
1636512910.90662 12.7601396834196 -0.542956369761213 -8.69276876728863 0.467841305123215 -0.0135428554817237 -0.883285040370961 0.0273613183687888
1636512911.40688 11.9544783331192 -0.547664646736806 -9.17130176067033 0.481265122699417 -0.0135963029580016 -0.876048317598415 0.0271729176198737
1636512912.00718 10.965105123298 -0.548826762496825 -9.69468584500337 0.502136090340296 -0.0142491320407738 -0.8642299324886 0.0276212382886263
1636512912.50744 10.1169690083315 -0.546348053644732 -10.1025940943486 0.521743724240348 -0.0142678665193488 -0.852576520242048 0.026328526976612
1636512913.0077 9.24310721714349 -0.540453185017614 -10.43878078949 0.547117119963444 -0.0161830490467244 -0.836540728323699 0.0245066485287707
1636512913.50796 8.34045757658089 -0.525040126680731 -10.695684341786 0.578680110629195 -0.0176093205442927 -0.815045760551885 0.0227958241472195
1636512914.10844 7.2359185881633 -0.510951740710677 -10.9121685743679 0.62033222010932 -0.0164007776870863 -0.783897072841869 0.0205992809450118
1636512914.6087 6.30045630325907 -0.490232886518309 -11.0018226354425 0.656735683703673 -0.0147879646795961 -0.753757075336411 0.0181612012599147
1636512915.20918 5.20327533036715 -0.451083543434898 -10.9252332957996 0.711006012815612 -0.0108017529431337 -0.702908017331108 0.0165556952452116
1636512915.70945 4.31798118554813 -0.410291943209983 -10.7328198102183 0.756343631872661 -0.00746703256265769 -0.653997340495893 0.0132677268090515
1636512916.30975 3.36961663573227 -0.393688838669107 -10.3279670432016 0.808677090778703 -0.00683195844668617 -0.588024157266571 0.0149089793216777
1636512916.81001 2.62219354216978 -0.365270958049009 -9.88120519862782 0.847682413896713 -0.00668659602920049 -0.530341703305133 0.0112912505593369
1636512917.41033 1.84673671516038 -0.329104646350272 -9.26147214313124 0.888343204279418 -0.00273997764240475 -0.45914235032473 0.00521018918832885
1636512918.01081 1.23654500313444 -0.293652558195586 -8.4890428754633 0.924818729849624 -0.00400377031069727 -0.380346397981062 0.00555916229829682
1636512918.61111 0.752634624210882 -0.254909309398388 -7.61820764380238 0.954595974575042 -0.00449740594717441 -0.297841370328848 0.00410082741725928
1636512919.11137 0.445956178546976 -0.229703442891887 -6.85015248510776 0.971667920765254 -0.00379961136753782 -0.236315017421096 0.00149239755115513
1636512919.71215 0.198395192053738 -0.194298296913952 -5.85500071414427 0.986213996493944 -0.00426897669080211 -0.165416578999764 0.00104132102178208
1636512920.31199 0.0904275414274938 -0.151780420160035 -4.83476147074174 0.99513384132837 -0.00422545449921786 -0.0984347221360201 0.00117849706088619
1636512920.81225 0.0575740789585819 -0.113242002400423 -3.95904300570354 0.998424878481145 -0.00364241417610319 -0.0559367255456952 0.00236169094215675
1636512921.41257 0.044027142890363 -0.0798189425595021 -2.89866894689091 0.999710222801388 -0.00136807970697061 -0.0240267486150837 0.000560477744247413
1636512922.01319 0.0619551224877459 -0.0404953552949851 -1.82079046350399 0.99997542736807 -0.000932078749386621 -0.00694066492550865 0.000321029037947274
1636512922.51315 0.0402655684647985 -0.0215079175518262 -0.934857783486453 0.999961168119152 -0.00104682911112627 -0.00862458101751761 -0.00147749953137668
1636512923.11344 0.0377158316866208 0.009495105406857 -0.087031552889278 0.999944607249625 -0.00372893015281883 -0.00979555819395973 0.000961536258611226
1636512923.71374 0.0369926292214708 0.0288550982058437 0.353125341717252 0.999953241747129 -0.00197413594586723 -0.00945401259956012 0.000488623005663977
1636512924.214 0.0302879444225225 0.0272141270873479 0.398238006385575 0.99995464442295 -0.000914026694622248 -0.00947296159200668 0.000369663158187709
1636512924.71431 0.0361085137662478 0.0297413118430469 0.399675884965503 0.999956903193132 -0.00040294402167905 -0.00927492632696458 7.16529581970737e-05
