1636512861.49996 0.00469563315237698 -0.000901629196989662 -0.00188860916178002 0.999999979544839 1.53341010925785e-05 6.08665399752089e-05 0.000192277017108948
1636512861.90224 0.00969415671678854 -0.00365919529705361 0.00113572819917562 0.999999910313359 0.000176566436428195 -2.34777765613949e-05 0.000384247786308856
1636512862.23704 0.0124026612949032 0.0235524133343026 0.00124793742759843 0.999999180179131 0.0011366575224299 -0.000336643445617168 0.000484068107200356
1636512862.70577 0.0121957656424462 0.148784354116902 0.000431693702593494 0.999997996352299 0.00185217185594854 -0.000633277232527234 0.000419178661104848
1636512863.04096 0.0143296649773872 0.29571090725929 0.00098630717456516 0.99999733943167 0.00224207599373433 -0.000494772098993487 0.000222318218081216
1636512863.37573 0.0225409337763883 0.489678244247247 0.00225330088261699 0.999996367461557 0.00263316211892372 -0.00056997291007401 -8.15587370209423e-05
1636512863.84481 0.0557779035669932 0.830825146285474 0.00915207888298003 0.999992138126913 0.00307396141769927 -0.00063312320274957 -0.00242355123265285
1636512864.17959 0.08772372383193 1.12814584749947 0.0172310477526667 0.999964482980381 0.00278644642438348 -0.000481282901209965 -0.0079395756103625
1636512864.5815 0.128036953987619 1.53395753047591 0.026571600920434 0.999788017612806 0.00265635706407924 -0.00156483908482041 -0.0203571826056869
1636512865.11739 0.215707511351159 2.13565329296508 0.0374142979883793 0.998930592175508 0.00471905020996927 -0.000584045222570191 -0.0459897974792452
1636512865.51933 0.314353142593449 2.64479444764573 0.0539243046187462 0.997585863991142 0.00490290891218796 -0.00147171125415733 -0.0692548880240932
1636512865.98838 0.466829867878238 3.28536233577594 0.0687513884693774 0.994806886606754 0.00357708584825963 -0.00229815838434302 -0.101691598889248
1636512866.39006 0.651966848257676 3.87122232003448 0.0834649429566061 0.990975280997642 0.00421956560501444 -0.00261239611461988 -0.133952839105002
1636512866.792 0.900757570173103 4.46309702361152 0.0987041487942907 0.985681739054856 0.00571030713858903 0.00140591029414366 -0.168513872136456
1636512867.12702 1.13794459701583 4.96467183352578 0.117126354410137 0.979762032740232 0.00574103091729182 1.3997395486052e-05 -0.200083481499119
1636512867.52936 1.4735905613636 5.53915200668806 0.133731395553014 0.969956489355596 0.00646425058014154 -0.000781005729432459 -0.243191307927433
1636512867.86389 1.78442555874787 6.00050079911166 0.149888016075267 0.959138377125252 0.00756936885129314 -0.00326158952853722 -0.282817326581097
1636512868.26589 2.19737366798329 6.49678014682761 0.168460085314982 0.944020167294798 0.00943742143521829 -0.00276921276968019 -0.329741095828215
1636512868.60075 2.57440566054345 6.88307126193849 0.193760084300788 0.929730294243133 0.00979969778929309 -0.00349982877653651 -0.368094141611017
1636512868.93555 2.99771336595858 7.21507375913312 0.213898101598267 0.91392358411319 0.0139149790229076 0.00090753639267797 -0.405646683874267
1636512869.33751 3.52248708863616 7.5894083123517 0.239119117667512 0.892335574066401 0.015746634939948 0.000778233679962312 -0.451097174781658
1636512869.80654 4.19176557579502 7.93946528740492 0.275651470760366 0.863876504280081 0.0167058747725321 0.00285195509203716 -0.503418479451306
1636512870.14289 4.69175547017615 8.14770787910924 0.305556976860377 0.841544945851549 0.0173361146334158 0.00517496089058991 -0.539884045903295
1636512870.67799 5.51910103530307 8.38933015553963 0.341451785047757 0.803032818028829 0.0187257490737802 0.0072831187207337 -0.595596000382813
1636512871.0792 6.1623880902386 8.50582620954661 0.360823437829247 0.771210852729521 0.0200765739596894 0.00702304123915075 -0.636224354062306
1636512871.41419 6.70799299137517 8.54870296550008 0.376177561344667 0.743276009852858 0.0196884394567222 0.00722815370046471 -0.668656034387678
1636512871.88299 7.46317101319594 8.51469853299197 0.403086405247096 0.701347638401113 0.0234606500599202 0.0108911450058377 -0.712349963829865
1636512872.28491 8.12161522468519 8.42710918617944 0.417626377592321 0.663438954518689 0.0221873808170539 0.0108323501823835 -0.74782292954225
1636512872.61995 8.66565377909187 8.2910681754095 0.440366017172089 0.630947405430133 0.0225250331781736 0.0125073648877917 -0.775397678797705
1636512872.95473 9.19952754029196 8.13668573632718 0.45905907706889 0.598617584273494 0.0218844333867199 0.0112882391145879 -0.800656377625009
1636512873.35688 9.82148852806708 7.86785655364472 0.477563695309375 0.563860954637254 0.0231686620192508 0.0116708638321731 -0.825462190456482
1636512873.69177 10.3311990992429 7.60839342590868 0.479887263716491 0.536090335577543 0.0257215792181794 0.010310954401645 -0.843705657609458
1636512874.09353 10.9377235156579 7.26248909859841 0.488319104089294 0.507455703731867 0.0259369921090163 0.00774874480333799 -0.861252540283223
1636512874.42852 11.4268519032099 6.95136679289052 0.496986612240682 0.488058515004689 0.0254792855622626 0.00628657595318082 -0.872416283033186
1636512874.83032 11.99283141177 6.54011320170782 0.510096436204796 0.469743165799689 0.0255458239165637 0.00606976260679341 -0.882412560567225
1636512875.16553 12.46445873939 6.17400168106403 0.517349163955704 0.457235959072104 0.0263425518542111 0.00674798887796643 -0.888929587953581
1636512875.63522 13.0939376323974 5.6209669338489 0.54746747670872 0.440676386811476 0.0276582102990123 0.00800789253992522 -0.897204112321665
1636512876.17026 13.7884319419942 4.98415073176152 0.564782306557841 0.417579904776564 0.0260836917429528 0.00915131905096376 -0.908219641667962
1636512876.57185 14.2914511704235 4.46629537596962 0.572107277954349 0.399345515417846 0.0276916586875562 0.0102137337001339 -0.916325275761118
1636512876.97401 14.7724706462262 3.93307373028809 0.589872314432911 0.381088933813439 0.0291151927978837 0.0118921821695659 -0.924003304148056
1636512877.3088 15.1654551774497 3.47909081187806 0.595369061440255 0.366254390239468 0.0286114920646311 0.0112340428630929 -0.930006935690859
1636512877.7794 15.6996093943999 2.80919243512378 0.598053730372102 0.346484550599745 0.0307811913352896 0.0112894078230933 -0.937482545825082
1636512878.11271 16.0793318138816 2.31383278150444 0.607432286843834 0.334260658531914 0.0297187489679042 0.0111741206594375 -0.941945724097245
1636512878.44754 16.4472626012187 1.7988641170764 0.612528102421903 0.325315315717762 0.0313184627278524 0.0122672381925627 -0.945007203210083
1636512878.84961 16.879596429368 1.16885224055202 0.624011286517182 0.317345872460552 0.0305333146553647 0.012881314937447 -0.94773065037166
1636512879.1846 17.223283702258 0.639534855914751 0.633856145331942 0.311910448123093 0.034468216192927 0.0128055047211159 -0.949399722705335
1636512879.65347 17.7112815112362 -0.0994295557054432 0.628345498393923 0.309170964643945 0.0322821627086232 0.011428719413371 -0.950389689003703
1636512880.25616 18.3324029656897 -1.07620446876556 0.636220238499576 0.306386120639013 0.0326389944457891 0.0120087886155289 -0.951271796132594
1636512880.59126 18.6672169130411 -1.61964917062242 0.642506187939698 0.305038433829475 0.0342185421131946 0.0128250006380265 -0.951638673353045
1636512881.12721 19.2160249299594 -2.47786239241369 0.649191570049532 0.302404984616181 0.0322568652794134 0.0124315176294714 -0.952552453826592
1636512881.59602 19.6904731008993 -3.23333979931702 0.645748153890281 0.301900195173992 0.0316189429415147 0.0123871776282618 -0.952734523585439
1636512881.93081 20.0346364742011 -3.76360055876208 0.654105969455443 0.301664114424447 0.0297529575183644 0.013502663027784 -0.952854239471381
1636512882.39981 20.5093481147644 -4.51297238163293 0.658304244705001 0.302023842336808 0.0294462841001402 0.0144120444923342 -0.95273648402187
1636512882.86887 20.9802337533613 -5.27696149691394 0.660165327822666 0.302442280461543 0.0301763031705596 0.0144556770487786 -0.952580228178835
1636512883.27056 21.3948024706166 -5.91504379180601 0.663208852834398 0.305239817997385 0.0304035035519286 0.0128129654256904 -0.951703792362777
1636512883.67409 21.8138553737856 -6.54168507098697 0.668637578813861 0.312127990055057 0.0299261517697022 0.0105960252235728 -0.949509487848283
1636512884.07441 22.240119759113 -7.1665690012272 0.667698821010993 0.323445875675733 0.0327075542041117 0.00982264199579949 -0.945630211610525
1636512884.40929 22.6175003344939 -7.67711683625897 0.678453135068293 0.336640969154409 0.0328284631019213 0.00965342404243556 -0.941011137713791
1636512884.81129 23.0860079346369 -8.2679807145601 0.693444322486102 0.355490104387062 0.0331305473870792 0.01031834976724 -0.934035697482055
1636512885.28015 23.6593364749415 -8.91331384511634 0.702699188825827 0.382982888048288 0.0325070947846254 0.00989777865888722 -0.923130234706065
1636512885.68205 24.1785042113348 -9.44002296405768 0.715616529189431 0.41202968975683 0.0342103136253242 0.010724923143446 -0.910464807240848
1636512886.01713 24.633540693462 -9.84503287981095 0.727129169157821 0.438641178821125 0.0328771941600643 0.00993104316518091 -0.898005779896893
1636512886.35209 25.1097552549302 -10.2153885871969 0.742656898127391 0.466964973068394 0.0320258845666578 0.0113194960482249 -0.883623180803996
1636512886.68692 25.6079166283776 -10.5515165394029 0.764741891768185 0.499460138650743 0.0333154086415557 0.0136561071965782 -0.865588334130181
1636512887.08877 26.2260659485027 -10.8711153458873 0.774063113942852 0.5451937360802 0.0320029455068145 0.0122360528737338 -0.83760962305114
1636512887.49073 26.8563242942163 -11.1355905301098 0.79177670774836 0.593300251384083 0.0304043813729156 0.0115995365292115 -0.804323216159537
1636512887.89344 27.4671839832175 -11.3113059215315 0.811133330224681 0.642003515042971 0.0312586595705992 0.0111303799473067 -0.765983353289448
1636512888.42865 28.2817828411713 -11.3977500469036 0.841044035799573 0.706434629456164 0.0284527292186526 0.0102624590881985 -0.707131698086435
1636512888.76529 28.79576144481 -11.3728712263496 0.86154742413093 0.744179219982108 0.0251096799682968 0.0102688685759032 -0.667428904720856
1636512889.23227 29.5036725154185 -11.2561838273024 0.892304337255919 0.794957358845107 0.0222769769812327 0.010058039374728 -0.606172722710719
1636512889.56726 30.0041847666004 -11.1196176793469 0.917895878462393 0.827269595302412 0.0203765908733191 0.00966376569713765 -0.561352316166162
1636512889.97083 30.5647626583728 -10.8758836834659 0.941857731785189 0.860265275111368 0.0198986551674939 0.00810597095355653 -0.509393750643829
1636512890.37115 31.1011174360431 -10.5764618634382 0.965483540782013 0.887674131559024 0.0186997161260988 0.00691003420051638 -0.460040441923407
1636512890.70602 31.5189168299906 -10.2733457162313 0.977259382419546 0.90684686838391 0.0175550994615278 0.0028895539084404 -0.421084583264933
1636512891.17507 32.0874215720729 -9.79559985006533 1.00168172000191 0.92879516798365 0.0158559404162561 0.00154702281005912 -0.370250903853272
1636512891.57697 32.5401504020714 -9.31372208784916 1.02147090595042 0.943882409794221 0.0127278709950586 3.8714065669973e-05 -0.330036356000681
1636512891.91178 32.8993701487796 -8.87109542453337 1.05496796327849 0.954838177851089 0.00825816312743342 0.00220008204064307 -0.297003394759702
1636512892.24668 33.2160156529059 -8.40997203016656 1.08271834972272 0.96440765152721 0.00611406819062326 -6.18643346840829e-05 -0.264349193338537
1636512892.58183 33.5068133950978 -7.9326506289799 1.10097467679894 0.972540383967374 0.00463617755755002 0.000153609991648059 -0.232687953736799
1636512892.91673 33.7606941971379 -7.43367399167116 1.11439361256014 0.979678138752552 0.00353758990673714 0.000117679391416906 -0.200544798136347
1636512893.31877 34.0242744821011 -6.80410987655648 1.13460150962413 0.986869350261772 0.00234228080573292 0.00033384390755025 -0.161503212917826
1636512893.65339 34.1946344711955 -6.26764490037858 1.1508728050737 0.991723527358699 5.46321747636783e-05 -0.00207256698580244 -0.128375023912885
1636512893.98829 34.335088113173 -5.73268314294064 1.16220221874897 0.995617888652724 0.000479567649014122 -0.0026185961379144 -0.0934769103245785
1636512894.32333 34.4420986599552 -5.19021128166063 1.17368067136994 0.998405201922394 -0.00164839747977794 -7.03830407201377e-05 -0.0564298733498514
1636512894.65837 34.4900125348353 -4.65722565956673 1.17880530243943 0.999876937868851 -0.00221623691955918 -0.000921848470825507 -0.0155031483036154
1636512895.06032 34.4935620872179 -4.0179668884495 1.18247417454636 0.999298604251195 -0.00313113325171915 -0.00191623142715182 0.0372669237164973
1636512895.39508 34.4357694011538 -3.50836590993779 1.18784543644804 0.996453919947037 -0.00442524082130773 -0.00251731249808241 0.083986104824811
1636512895.73005 34.3414999835151 -3.00301763831701 1.19073808657907 0.990799457853138 -0.00722083999697618 -0.000272944644282121 0.13514517856323
1636512896.06493 34.1849604854555 -2.52317892473626 1.18887563907403 0.981901197295232 -0.00806334955035318 -8.50590397106736e-05 0.189222128487074
1636512896.39981 33.9887655126439 -2.07742885610868 1.18709289083169 0.969189453817493 -0.0106903741449769 0.000222535610035128 0.246084272125407
1636512896.80183 33.6855298473685 -1.57210213539044 1.18288351740989 0.949520146930946 -0.0125067606381593 -0.0017869756083445 0.313451556430574
1636512897.20376 33.3177404098548 -1.09171104511987 1.16729771053899 0.927941439935182 -0.0137800123283849 -0.00354395419947673 0.372454340422933
1636512897.53873 32.9544684060709 -0.70432671216805 1.16016321658029 0.911220097906082 -0.0159731774667209 -0.00401075441586175 0.411590457399905
1636512898.00765 32.3837956625457 -0.213477766557744 1.14900377850967 0.88732449186356 -0.0198946203187405 -0.00325366693911686 0.460704746961542
1636512898.3425 31.9273622508467 0.105911026235725 1.13227905167505 0.870115739994821 -0.0211499482918698 -0.00566676202213431 0.492360809273749
1636512898.87817 31.1367143640975 0.568069514040523 1.10989895221536 0.842663823760897 -0.0238441019900445 -0.00763887767451759 0.537857589397812
1636512899.28031 30.4986597596076 0.87000915019437 1.08485690175719 0.822953303030933 -0.0254238223827067 -0.00898976830652292 0.567468654950849
1636512899.61644 29.9456481175759 1.08401018767207 1.06568234445081 0.806455956878208 -0.026813157932044 -0.010012454053114 0.590601045496195
1636512900.01718 29.2667247677393 1.29360583041823 1.03813482636608 0.784741614860673 -0.0275414551613374 -0.0103383034593238 0.619124531604945
1636512900.35208 28.6956851510044 1.41454421309375 1.01492833506141 0.76366229283419 -0.0264540297774224 -0.0123220409759833 0.644956009444017
1636512900.75382 28.0073731512125 1.52281375397522 0.982643041026957 0.734720805875279 -0.0270028728295413 -0.0120855798132778 0.67772422196164
1636512901.22277 27.2189980538374 1.55954011246818 0.949969513272536 0.696146402896003 -0.027492968746299 -0.0122325604725975 0.717268908338257
1636512901.5577 26.639655298599 1.54061542764426 0.927813616875986 0.666538356866345 -0.0285567058934309 -0.0134025664946079 0.744802997164879
1636512902.16076 25.6195673466399 1.38866043802079 0.87297109042122 0.610084214675181 -0.0275341853788787 -0.0122488523565486 0.791763276021082
1636512902.49562 25.0727572035113 1.23867340958979 0.851849762441762 0.57790910682419 -0.0282999850367331 -0.0115193711827723 0.815528956680351
1636512902.89751 24.4228810233981 1.00219517454104 0.814131015587537 0.537991839467748 -0.0281086875469753 -0.0104181576723073 0.842416847137573
1636512903.23249 23.8896379241234 0.763750578448439 0.774667290453454 0.50404793016442 -0.027242495248921 -0.00955009629676714 0.863193099028427
1636512903.63442 23.2903111585376 0.459535302271832 0.76294408657422 0.465312112129935 -0.0313036818513639 -0.00969420946469004 0.884539846536369
1636512904.17026 22.5338955033917 -0.0233816938000567 0.743992175243134 0.420930457681177 -0.0308259344401054 -0.00924701641929287 0.906521816753215
1636512904.50527 22.0899331837073 -0.379519669190664 0.732776100491112 0.396906151909481 -0.0290346913576751 -0.010568298345864 0.917338980063665
1636512904.84001 21.6479189705646 -0.759997447842587 0.724864879674256 0.37595213438695 -0.0302333708200313 -0.0113732203435669 0.926075907146801
1636512905.44306 20.865745059841 -1.48521747540324 0.704864417960978 0.344347110558405 -0.0326560854601761 -0.0127850169080107 0.93818718328229
1636512905.77801 20.4514058318506 -1.9141553626936 0.708522251946224 0.334950457830525 -0.0307351543778979 -0.0160247481318088 0.941597976066113
1636512906.24684 19.8689980504788 -2.52377257037467 0.682371620798719 0.333612003441706 -0.0320166548922909 -0.0156772469812122 0.942036192986347
1636512906.58175 19.4392565681935 -2.97084117663862 0.660091913786569 0.338311451529012 -0.0342855073548799 -0.0157781948480276 0.940277041258101
1636512907.0506 18.8348322808353 -3.61724408634765 0.625411537188501 0.34827536868054 -0.0312069833201887 -0.0173817802552277 0.936711409921779
1636512907.38555 18.3821102294704 -4.06872128335737 0.600621749057775 0.358358166594126 -0.0321176334615177 -0.0181329563024299 0.932855336025828
1636512907.85433 17.7311731927052 -4.69645913265292 0.56732708438088 0.372221274264085 -0.0312052470179455 -0.0181614383085672 0.927441490177324
1636512908.25631 17.1639049900711 -5.21068592496016 0.53590303490274 0.385356734813742 -0.0302430093318348 -0.0165902214052639 0.922122720614762
1636512908.72523 16.4920394995195 -5.77966750294309 0.495882989962442 0.401135157040516 -0.028796296643395 -0.0157915118025028 0.915429946659326
1636512909.12726 15.8826374044769 -6.20080937854077 0.461522267693817 0.415484029949385 -0.0278423145267401 -0.0152930410042075 0.909045625519235
1636512909.46275 15.369143980308 -6.60724778530272 0.459441273471192 0.428864894986528 -0.0286356004825089 -0.0169882888236873 0.902754840627312
1636512909.79684 14.8399887796098 -6.95782278691495 0.421715172119367 0.441254733088874 -0.0291725107307263 -0.0163416440114911 0.896758705458349
1636512910.1321 14.3126897168325 -7.31643434916491 0.401746036381844 0.453099008645328 -0.0276340309359186 -0.0165874029248971 0.890877380318448
1636512910.53402 13.6671080856713 -7.71906150846975 0.370545724466373 0.464086163438684 -0.0276495893394057 -0.0166091978413225 0.885202613903276
1636512910.93591 13.0260749442347 -8.10165061670252 0.3323546330784 0.474150121567231 -0.0258938991897306 -0.0160057919012519 0.879917600021812
1636512911.27081 12.474359962314 -8.40924473697756 0.312349429507231 0.483039682659237 -0.0263016471412431 -0.0159825053257412 0.875057396893274
1636512911.67276 11.8067979669601 -8.76560871032878 0.289695642722173 0.4958026136425 -0.0251254864987921 -0.0167243964155574 0.867910578802909
1636512912.07453 11.1210103757654 -9.09548299098663 0.255263246217857 0.510796775493093 -0.0274522451015754 -0.0146477110916216 0.859138215274189
1636512912.47668 10.4368608202547 -9.40490868531117 0.226157559327927 0.52699621428444 -0.0264144646288242 -0.0159688717100063 0.849306929987358
1636512912.87843 9.73150068632812 -9.6608485644397 0.197789083467159 0.546982810472701 -0.0280390329068617 -0.016576106047977 0.836509922469136
1636512913.21332 9.13174286862743 -9.8477043838647 0.174741568785915 0.566249940217191 -0.0287700059591372 -0.0175458095376475 0.823544435066383
1636512913.61523 8.39728479201688 -10.0382340591976 0.141222929459149 0.593318316504927 -0.0286777929607402 -0.0175024905378575 0.804266511994396
1636512913.95086 7.77312312973421 -10.1713358833083 0.110577243192365 0.61657596121082 -0.0277616938095748 -0.0182856607464053 0.786593292003463
1636512914.35228 7.02254366551733 -10.2776895396886 0.076069191960401 0.644912611284719 -0.0265587311852077 -0.0179708046118075 0.763583268403232
1636512914.75413 6.27020939049376 -10.330306145375 0.0487006294563478 0.677454838299843 -0.0221081189593331 -0.0208965444401241 0.734935036292784
1636512915.0888 5.65274618334478 -10.3154424864489 0.0256755323251802 0.708721776051025 -0.0201664753507333 -0.0197963618275597 0.704921883247641
1636512915.49089 4.92241839436243 -10.2298580795329 -0.00832371588422376 0.745120383148992 -0.0163450854782566 -0.0227421488324108 0.666341689723142
1636512915.82567 4.34425473212295 -10.0684292658744 -0.0307383466886763 0.775167236339096 -0.0155623140452619 -0.0174744913266852 0.631322589680456
1636512916.16074 3.79058867989951 -9.87686922579799 -0.0511082341159319 0.804101794063181 -0.0139459812062201 -0.0160502633336582 0.594111271934382
1636512916.49575 3.26270130607575 -9.64221378691198 -0.0656914981319699 0.831459248886131 -0.0129940108202168 -0.0160938992332067 0.555200557935586
1636512916.83056 2.77208068590343 -9.3618798586001 -0.0718143458297268 0.856075418153506 -0.0126128560732509 -0.016012984953231 0.516448815089998
1636512917.16542 2.31040792312296 -9.04255914030591 -0.0814225361742938 0.878841924610703 -0.0106901561736232 -0.0175602155082331 0.476669939202004
1636512917.63521 1.74260227514765 -8.5264359866049 -0.09001569179221 0.90865142685197 -0.0102998633786217 -0.015236835726711 0.417150256060448
1636512918.1702 1.20174909263242 -7.87319744179263 -0.100671243533583 0.938760798164249 -0.00783446466513296 -0.0135351442309725 0.344214446042115
1636512918.5723 0.849951924000552 -7.32362346957844 -0.0988989495562707 0.95707270161582 -0.00712696665354971 -0.0116697218145483 0.289525245463822
1636512918.9072 0.595725965219084 -6.83305304195921 -0.104193373091992 0.96860471733825 -0.00590863402300368 -0.0114212715445142 0.248273124100006
1636512919.24205 0.386454724511269 -6.31688889213873 -0.102819599343334 0.978168897491111 -0.0049623457821374 -0.0101327551451619 0.207504964708149
1636512919.6439 0.177161720422823 -5.67411911927813 -0.101360603139362 0.986983911184658 -0.00455540607717315 -0.00856163433598785 0.160526339756454
1636512919.97879 0.0659517600935409 -5.12845402277611 -0.0964557763364978 0.992479052103834 -0.00303675928599952 -0.0057799098731837 0.122240344690167
1636512920.31381 -0.0193506145040631 -4.56039519486131 -0.0847554494353653 0.99619427098237 -0.00361057632111724 -0.00431423569119102 0.0869788800280528
1636512920.64873 -0.0594550402140319 -3.97712514049749 -0.0730006513471065 0.998278695100545 -0.00305746352251687 -0.0013765614737674 0.0585525738432569
1636512921.11759 -0.0935127171731492 -3.14812354832796 -0.0648550546147512 0.999542674821997 -0.000791173683267271 -0.00186246101723093 0.0301719487744871
1636512921.51962 -0.0925571464960326 -2.43665629456503 -0.0582364231991166 0.99990724074194 0.0010586656575302 -0.00172147792538687 0.0134694340125278
1636512921.92155 -0.0732019974954119 -1.72058797130597 -0.0460407896943038 0.999994759076101 0.00117951273412858 5.9104353178517e-05 0.00301447785129714
1636512922.32328 -0.0547519167845213 -1.02603511675897 -0.0339062613242168 0.99999377554675 0.00149331254254472 0.000402602311819516 0.00317124530494842
1636512922.79239 -0.0144483894455607 -0.281190292071831 -0.00464258551049082 0.999974751773591 -0.00279465116926707 0.00117442506208107 0.00642701065505888
1636512923.12866 -0.00469341285919076 0.0904094823549408 0.00670123556807395 0.999978977660197 -0.00186997241398579 -0.000578503999926478 0.00618164815883462
1636512923.46235 0.00432692337631939 0.3355585237125 0.006556396125562 0.999980234058123 -0.000626650774157549 -0.000335114704698922 0.00624711933641096
1636512923.79708 2.74761210970059e-05 0.460202386190079 0.00810660518091649 0.999982349235012 -0.000801053810824415 -0.000368969931324979 0.00587566101880092
1636512924.19893 0.00153162289694594 0.457973877749433 0.00929221923748319 0.999981030141172 0.000930700617314362 -0.000424710990755071 0.00607394227304911
1636512924.66793 0.00101788401253414 0.458168312707762 0.00866759015765803 0.999981745228394 0.000867802805995669 -0.000465078561929163 0.00596152918268164
1636512925.06993 0.00124793996559376 0.458501392066973 0.00923087743692647 0.999981298144772 0.000751708804486605 -0.000520996969661434 0.00604705355754173
