1636512861.49996 0.00473440547475966 -0.000882214438443829 -0.00183855998872438 0.999999979544839 1.30905249485263e-05 6.08476728723171e-05 0.00019244874776361
1636512861.90224 0.00964142704049343 -0.00369131060853345 0.00125556160978422 0.999999910313359 0.000172083106058766 -2.35054621339975e-05 0.000386274735916693
1636512862.23704 0.0121819647773136 0.0230157053527072 0.00147527335923217 0.999999180179131 0.00113096900803511 -0.000336615560439866 0.000497232473311871
1636512862.70577 0.0118294876010558 0.147707971406978 0.000732648666367455 0.999997996352299 0.00184721095220391 -0.000633193503283236 0.000440646198881482
1636512863.04096 0.0140199379453654 0.294210600638877 0.00132232165080945 0.99999733943167 0.00223937063618499 -0.000494641210108818 0.000248352186959366
1636512863.37573 0.0221637949111963 0.48767454714795 0.0027254575070235 0.999996367461557 0.0026339729279072 -0.000569783692175641 -5.0959292776045e-05
1636512863.84481 0.0552970048986562 0.827822951798835 0.0100581846476136 0.999992138126913 0.00310200976704605 -0.00063266110068671 -0.00238766825616238
1636512864.17959 0.0873427200630368 1.12415082271652 0.0184989874184549 0.999964482980381 0.00287871536788976 -0.000480269094873877 -0.00790665018872113
1636512864.5815 0.12730358592183 1.52783525232573 0.0284682339717432 0.999788017612806 0.00289326314827077 -0.00156254777488593 -0.0203250414676232
1636512865.11739 0.215790675290776 2.124242061888 0.04030566430325 0.998930592175508 0.00525413579113742 -0.000578956858368347 -0.0459318068655332
1636512865.51933 0.31404445874851 2.62948855673817 0.0580978103878015 0.997585863991142 0.00570887160117703 -0.00146420006980264 -0.0691932718423069
1636512865.98838 0.466090405988232 3.26548918510803 0.0748065305748712 0.994806886606754 0.00476078996299145 -0.00228737786708179 -0.101643303474447
1636512866.39006 0.650635322147927 3.84586420090568 0.091746046730461 0.990975280997642 0.00577879935066539 -0.00259822932436787 -0.133894910784869
1636512866.792 0.90047337899905 4.43115203154045 0.109384993073015 0.985681739054856 0.0076714821604816 0.00142375980778927 -0.168435835151744
1636512867.12702 1.1358365606386 4.92780433502004 0.13073969241696 0.979762032740232 0.00806980106464365 3.51195431137016e-05 -0.200003090671428
1636512867.52936 1.46908974623078 5.49534733869853 0.151332711745436 0.969956489355596 0.00929484294668567 -0.000755368089530268 -0.243099658721713
1636512867.86389 1.77631417415598 5.95053530736666 0.171378609460886 0.959138377125252 0.0108613437766715 -0.00323177087087692 -0.282710382536514
1636512868.26589 2.18584992942899 6.43901660808746 0.19459390736968 0.944020167294798 0.0132754722491221 -0.00273440471801812 -0.32960917555205
1636512868.60075 2.55904111528783 6.81984064099978 0.224278777021584 0.929730294243133 0.0140842406584015 -0.00346102259213437 -0.367955480261228
1636512868.93555 2.97971889961764 7.14397979517349 0.248542924378279 0.91392358411319 0.0186360821367359 0.000950515380932536 -0.405457119020995
1636512869.33751 3.49864133137976 7.51157547359117 0.279657528846076 0.892335574066401 0.0209967094859015 0.000826046941332493 -0.450883221125827
1636512869.80654 4.16133308022223 7.8543957108577 0.323442484865639 0.863876504280081 0.0225648087260972 0.00290525451400839 -0.503189600703543
1636512870.14289 4.6564059776428 8.05769325381431 0.358655792938931 0.841544945851549 0.0236193371512131 0.00523208128014674 -0.539645120750413
1636512870.67799 5.47451067238984 8.29260306221417 0.403541340080903 0.803032818028829 0.0256572697867475 0.00734610607769004 -0.595336906634607
1636512871.0792 6.1094677015443 8.40525137097974 0.430121855038912 0.771210852729521 0.0274809736025408 0.00709033030307471 -0.635946809047938
1636512871.41419 6.64854120957739 8.44598380088788 0.451652320395355 0.743276009852858 0.0274703863719672 0.00729877593967552 -0.668380788861836
1636512871.88299 7.39383058672971 8.40718638130017 0.486278356820629 0.701347638401113 0.0317507239913722 0.0109665527319053 -0.712027468821522
1636512872.28491 8.0440467141259 8.31904176671484 0.508389636290384 0.663438954518689 0.0308904838579443 0.010911345389832 -0.747512858869969
1636512872.61995 8.58117876328608 8.18207344830073 0.537027306868796 0.630947405430133 0.0315489923871171 0.0125892399207404 -0.775081636796124
1636512872.95473 9.10787753320489 8.02869174011712 0.561965918694789 0.598617584273494 0.0312025561995666 0.0113726869035624 -0.800346206511765
1636512873.35688 9.72204284242063 7.76035979064043 0.58732438371157 0.563860954637254 0.0327754341062347 0.0117579695849911 -0.82513534944635
1636512873.69177 10.2247127466937 7.50201862241301 0.595282048630338 0.536090335577543 0.0355406444457432 0.0104001253873634 -0.843348001767163
1636512874.09353 10.8246793377135 7.15887738978828 0.610846231774406 0.507455703731867 0.0359604839495021 0.00783974839962521 -0.860891451165095
1636512874.42852 11.3096867546311 6.84995334771748 0.625283600901646 0.488058515004689 0.0356328670286358 0.0063787046688935 -0.872059915857554
1636512874.83032 11.8717399141572 6.44043802873987 0.644852879901697 0.469743165799689 0.0358157821026084 0.00616293147547331 -0.882054763726432
1636512875.16553 12.3404952716961 6.07516536205359 0.657322735308028 0.457235959072104 0.0366882730149365 0.00684188757999959 -0.888562005112157
1636512875.63522 12.9659293128202 5.52319698879047 0.694300390723738 0.440676386811476 0.0381000775608855 0.00810273876620441 -0.896820523751059
1636512876.17026 13.6567650669028 4.88880059862609 0.719623798211521 0.417579904776564 0.0366538169608917 0.00924719835393358 -0.907853518003646
1636512876.57185 14.1558664319873 4.37230976563345 0.732354949922919 0.399345515417846 0.0383559579525261 0.0103105630990849 -0.915939775363959
1636512876.97401 14.6331243687225 3.84033491021992 0.755220242695826 0.381088933813439 0.0398686578438245 0.0119899046999581 -0.923600539644686
1636512877.3088 15.0235632891962 3.38869494918971 0.765321385568627 0.366254390239468 0.039434925137586 0.0113323527776494 -0.929609695565957
1636512877.7794 15.5533287525909 2.72117151294941 0.773768276934669 0.346484550599745 0.0416914966627067 0.011388641135301 -0.937059536078049
1636512878.11271 15.9313028963646 2.2279258857508 0.787629677012918 0.334260658531914 0.040681089937797 0.0112737434082923 -0.94153479159766
1636512878.44754 16.2969765805245 1.71380559189356 0.796586927173675 0.325315315717762 0.0423162574454318 0.0123672879117037 -0.944577328705794
1636512878.84961 16.7280499092313 1.08532923295649 0.813058569403895 0.317345872460551 0.0415628231710291 0.0129815928928396 -0.947309668064393
1636512879.1846 17.0686453976824 0.556752933696783 0.826227908482686 0.311910448123092 0.0455168929467882 0.0129062257153646 -0.948932829101147
1636512879.65347 17.5565084462753 -0.17989265461132 0.826766091782274 0.309170964643945 0.0433426078995562 0.0115293929050555 -0.949948317573561
1636512880.25616 18.1762881380741 -1.1553114299916 0.841639089360884 0.306386120639013 0.0437096434971873 0.0121095779824941 -0.950826151442108
1636512880.59126 18.5098085317208 -1.69846076389659 0.851437784121109 0.305038433829475 0.0452932979172219 0.0129259364405941 -0.951174532469082
1636512881.12721 19.0583314875696 -2.55469669921301 0.864732019825986 0.302404984616181 0.043342418757802 0.0125324134325246 -0.952111127247795
1636512881.59602 19.532412955403 -3.30892834231887 0.866830768915278 0.301900195173992 0.0427066622064515 0.012488048500715 -0.952300615248007
1636512881.93081 19.8770285876931 -3.83865802938619 0.879308022284739 0.301664114424447 0.0408421189119078 0.0136034181955609 -0.952441930200838
1636512882.39981 20.3513813109157 -4.58738165701409 0.888909780357048 0.302023842336808 0.0405340319690149 0.014512766401127 -0.952327659224404
1636512882.86887 20.82133324622 -5.35045398245113 0.896051548025282 0.302442280461543 0.0412621795600698 0.0145564328847786 -0.952162911370131
1636512883.27056 21.2352935909711 -5.98717654664834 0.903958073299909 0.305239817997385 0.0414792767521241 0.0129136460754377 -0.951284058971915
1636512883.67409 21.6544398148201 -6.61251718656954 0.914462042181674 0.312127990055057 0.0409765683988379 0.0106964457974867 -0.949095687859631
1636512884.07441 22.0801351001422 -7.23773012537179 0.918095210907712 0.323445875675733 0.0437126779567283 0.00992285163547385 -0.94518437582814
1636512884.40929 22.4584759452803 -7.74880467024335 0.933204477352388 0.336640969154409 0.04377982011177 0.00975316346190994 -0.940564224835415
1636512884.81129 22.9286268121139 -8.34099391218552 0.953515523161435 0.355490104387062 0.0440006367892335 0.0104173872853255 -0.93358567238747
1636512885.28015 23.5050326251772 -8.98758139482336 0.96957589723218 0.382982888048288 0.0432503059530937 0.00999564360847007 -0.922688249413641
1636512885.68205 24.0269186928712 -9.51666612209434 0.9882358821801 0.41202968975683 0.0448059141039023 0.0108215929119301 -0.910003768094975
1636512886.01713 24.4856110901117 -9.92248290897982 1.00534859638876 0.438641178821125 0.0433279056135837 0.010026330705546 -0.89756118539637
1636512886.35209 24.966104426275 -10.2946351444111 1.02644299782693 0.466964973068394 0.0423091297239871 0.0114132351433468 -0.883189328248929
1636512886.68692 25.4686728510512 -10.6334623375913 1.0539654860101 0.499460138650743 0.0433884606083674 0.0137480664439084 -0.865140452212281
1636512887.08877 26.0939301672125 -10.9536813392127 1.07095477483809 0.5451937360802 0.0417504870541109 0.0123250235244949 -0.837179061351142
1636512887.49073 26.7323007665714 -11.218315258307 1.09644320520231 0.593300251384084 0.0397645905791404 0.0116849490758697 -0.803913584291714
1636512887.89344 27.350900279823 -11.3941025672301 1.12307174165089 0.642003515042971 0.0401725315534336 0.0112118792515989 -0.765566423078171
1636512888.42865 28.1776257006019 -11.4776463710862 1.16318876289311 0.706434629456164 0.0366817632711108 0.0103376689247425 -0.706751508770697
1636512888.76529 28.6995690176827 -11.4495090250727 1.19018820249709 0.744179219982108 0.0328767621974434 0.0103397358281794 -0.667090321408756
1636512889.23227 29.4176201435449 -11.3273004620981 1.22971996699049 0.794957358845107 0.0293311862396512 0.0101223662147094 -0.605871287349056
1636512889.56726 29.9243834075738 -11.1859351665545 1.26150205218328 0.827269595302412 0.0269092047041671 0.00972331882457446 -0.561076080813831
1636512889.97083 30.4903676489065 -10.9365316768911 1.2924328974671 0.860265275111368 0.0258265635648819 0.00816010853616886 -0.50912675993378
1636512890.37115 31.0312115988842 -10.6310984989129 1.32271576601849 0.887674131559024 0.0240532703121377 0.00695897663582706 -0.459790875281803
1636512890.70602 31.4506492310466 -10.3223317595327 1.34009981411987 0.90684686838391 0.0224555291607405 0.00293438209117422 -0.420851394097905
1636512891.17507 32.0220987240018 -9.8378399851182 1.37156052794992 0.92879516798365 0.020164827130066 0.00158646814512647 -0.370041077173688
1636512891.57697 32.4765735676876 -9.34968315182267 1.39703741059164 0.943882409794221 0.016568939818004 7.37785701582095e-05 -0.329865823132807
1636512891.91178 32.8384767400151 -8.90147255844309 1.43458048369784 0.954838177851089 0.0117148490720361 0.00223141757411677 -0.296886909790313
1636512892.24668 33.1550188460766 -8.43520582700058 1.46639245792001 0.96440765152721 0.00919093176360116 -3.40588484356264e-05 -0.264260112936255
1636512892.58183 33.446558408338 -7.95351851778297 1.48806783031595 0.972540383967374 0.00734455957829011 0.00017803401365798 -0.232618200708982
1636512892.91673 33.7008020250869 -7.45025771757571 1.50450142975772 0.979678138752552 0.00587187227818641 0.00013869806493612 -0.200490015534767
1636512893.31877 33.9645137687852 -6.81559278939087 1.52779461282017 0.986869350261772 0.00422214825593209 0.000350735934776916 -0.161464968220098
1636512893.65339 34.1334937384145 -6.27400204316195 1.54636129647568 0.991723527358699 0.00154917940969523 -0.00205926396317068 -0.12836590185211
1636512893.98829 34.2730595315742 -5.7352061659177 1.55943721090102 0.995617888652724 0.00156787732529632 -0.00260887927645446 -0.093465262554098
1636512894.32333 34.3804896232502 -5.18750125904723 1.57180887922173 0.998405201922394 -0.000991384002324325 -6.46502405372085e-05 -0.0564452456138722
1636512894.65837 34.4266921499228 -4.64947713083828 1.57760300166104 0.999876937868851 -0.00203555110939745 -0.000920394528116617 -0.0155279916152836
1636512895.06032 34.4275180629632 -4.00378718756765 1.58141446163535 0.999298604251195 -0.00356460932072387 -0.00192030710014902 0.0372277520493164
1636512895.39508 34.3668619573682 -3.48841534536939 1.58611289989739 0.996453919947037 -0.0054024424780006 -0.00252631696872189 0.0839286408803881
1636512895.73005 34.2701921666067 -2.97611045419058 1.58744918336591 0.990799457853138 -0.00879354878657759 -0.000287440969786218 0.13505193517812
1636512896.06493 34.1095026983606 -2.49035730695843 1.58363856900521 0.981901197295232 -0.0102655209955245 -0.00010521540927866 0.189115432364993
1636512896.39981 33.9080185964069 -2.03793878435015 1.57926412288044 0.969189453817493 -0.0135543179654317 0.000196308152620097 0.245943173388793
1636512896.80183 33.5965367127212 -1.5264594391636 1.57146947589373 0.949520146930946 -0.0161546596421768 -0.00182030678626311 0.313284541634731
1636512897.20376 33.2209644571084 -1.04182451904265 1.55155020046693 0.927941439935182 -0.0181145502982009 -0.00358348527771195 0.372268324937509
1636512897.53873 32.8522710654737 -0.651516640556636 1.5399213878304 0.911220097906082 -0.0207631154758699 -0.00405449043025293 0.411376211411304
1636512898.00765 32.2747582738321 -0.156871343974397 1.52148835673847 0.88732449186356 -0.0252560820725304 -0.00330276025173688 0.460441601326532
1636512898.3425 31.8128319886443 0.163272265535071 1.49943562540819 0.870115739994821 -0.0268796628036121 -0.00571922096361165 0.492080657263013
1636512898.87817 31.0145352058838 0.626501875912069 1.4675377546713 0.842663823760897 -0.0301031215557189 -0.00769623487801632 0.537542789148889
1636512899.28031 30.3715894007923 0.928533539116854 1.43487444486677 0.822953303030933 -0.032027341232766 -0.00905030156098489 0.56713331985142
1636512899.61644 29.8146842730564 1.14240459566171 1.40906682195251 0.806455956878208 -0.0336857940143559 -0.010075479120591 0.590247864560107
1636512900.01718 29.1315387512838 1.35142906814692 1.37342884320088 0.784741614860673 -0.034746059371578 -0.0104043334663558 0.618760906254695
1636512900.35208 28.5563894300779 1.47039024842575 1.34374086454863 0.76366229283419 -0.033959271834371 -0.0123906723782604 0.644603088417766
1636512900.75382 27.8631923007689 1.57730721821921 1.30319869419647 0.734720805875279 -0.0348895470645533 -0.012157643580633 0.677362715701254
1636512901.22277 27.0685016680385 1.61147837490345 1.26107443179681 0.696146402896003 -0.0358399368935513 -0.012308754590903 0.71689900210479
1636512901.5577 26.4840804502124 1.59005440624941 1.2319081079454 0.666538356866345 -0.0372240429582655 -0.0134816860751005 0.744418721951783
1636512902.16076 25.4575749505731 1.43289275532466 1.16504346944931 0.610084214675181 -0.0367483341853036 -0.012332766690737 0.791387840318845
1636512902.49562 24.9069837183806 1.2800783706096 1.13726280073094 0.57790910682419 -0.0377907878094193 -0.0116058001452173 0.815143070883511
1636512902.89751 24.2535210775119 1.03958227091267 1.09182819130977 0.537991839467749 -0.0379125805671517 -0.0105073590132986 0.842031479404074
1636512903.23249 23.7179959736903 0.797336512410664 1.04617640464345 0.50404793016442 -0.0372883627338686 -0.00964139053668104 0.862816495953868
1636512903.63442 23.1137093547618 0.489307735078428 1.02664997834369 0.465312112129935 -0.0415977603248176 -0.00978799395752216 0.884114506054179
1636512904.17026 22.354729892152 0.000934904267953063 0.998805087479064 0.420930457681177 -0.0413759673559968 -0.00934304538289365 0.906100594097942
1636512904.50527 21.9101001947006 -0.359130099425701 0.982647986548567 0.396906151909481 -0.0397106753242605 -0.0106653249567248 0.916937740353873
1636512904.84001 21.4665811924559 -0.74228703612484 0.969306352792183 0.37595213438695 -0.0410109233980265 -0.0114712343551768 0.925660038888093
1636512905.44306 20.6823811107315 -1.47146372161859 0.939654716790908 0.344347110558405 -0.0435743619184388 -0.0128844519167666 0.937742146505255
1636512905.77801 20.2684171508478 -1.90308728410481 0.938730981911851 0.334950457830525 -0.0416930395426652 -0.0161244045929195 0.941174736608107
1636512906.24684 19.686594891887 -2.5117235294663 0.905562385605359 0.333612003441706 -0.0429795787526666 -0.0157770368168098 0.941598041671251
1636512906.58175 19.2569770770912 -2.95715188713427 0.8778926563175 0.338311451529012 -0.04522779224275 -0.015877958194883 0.93981258717722
1636512907.0506 18.6555968343929 -3.60246777237142 0.836728250587516 0.34827536868054 -0.0421078574927843 -0.0174809628633332 0.936282869567297
1636512907.38555 18.2039211111133 -4.05202031642631 0.806540458129024 0.358358166594126 -0.0429735051266793 -0.018231801942714 0.932416378926467
1636512907.85433 17.5556660933584 -4.67704131561712 0.765873944810075 0.372221274264085 -0.0419981562535735 -0.0182596604563875 0.927013518054909
1636512908.25631 16.9912629367377 -5.18811718305233 0.72806933021311 0.385356734813742 -0.040974178033039 -0.0166878265003399 0.921706471776619
1636512908.72523 16.3228578040135 -5.75398086294568 0.680544999957144 0.401135157040516 -0.0394497089734595 -0.0158883242374724 0.915031074554801
1636512909.12726 15.7164371422115 -6.17249394143125 0.639321442255597 0.415484029949385 -0.0384215068074213 -0.0153891265570321 0.908658342533363
1636512909.46275 15.2041586354807 -6.57710154889194 0.631161503934453 0.428864894986527 -0.0391413899358649 -0.0170837771159087 0.902358575069544
1636512909.79684 14.6772311065784 -6.92507556013058 0.587262492857138 0.441254733088874 -0.0396085083113635 -0.0164365479860294 0.896356662543609
1636512910.1321 14.1526637890811 -7.28203423653568 0.561466857262845 0.453099008645328 -0.0380016514353623 -0.0166815919951242 0.890493620045261
1636512910.53402 13.5094521761941 -7.68264650055039 0.522812808540136 0.464086163438684 -0.0379511476373072 -0.01670280009117 0.884819054816796
1636512910.93591 12.8717182990128 -8.06353661542013 0.47751436624539 0.474150121567231 -0.03613409606384 -0.0160987261180516 0.879554898989713
1636512911.27081 12.3218020808767 -8.3694494263942 0.451066484552266 0.483039682659237 -0.0364852406715314 -0.0160749640322187 0.874690281025785
1636512911.67276 11.657173029546 -8.72429635326147 0.420910618554615 0.4958026136425 -0.0352259122122744 -0.0168160339856206 0.867557562594594
1636512912.07453 10.9740167776938 -9.05034552024702 0.378180438778849 0.510796775493093 -0.0374505396378375 -0.0147385996178728 0.858758921297472
1636512912.47668 10.2932158665625 -9.35816545292686 0.341405965217095 0.52699621428444 -0.0362982917832545 -0.0160586704925322 0.848940247158479
1636512912.87843 9.59087018736221 -9.61114478150139 0.304707101149978 0.546982810472701 -0.0377737383458984 -0.0166646906205232 0.836125132875028
1636512913.21332 8.9942227997476 -9.79565856374289 0.274714807672401 0.566249940217191 -0.0383536636500983 -0.0176331010988925 0.823151915161642
1636512913.61523 8.26505944147225 -9.98285979045531 0.232864772932497 0.593318316504927 -0.0380370467476695 -0.0175877786357777 0.803876376327314
1636512913.95086 7.64574919449244 -10.11387240265 0.195311783217671 0.61657596121082 -0.0369152220437646 -0.0183690550578439 0.786214937694963
1636512914.35228 6.9017107022518 -10.2175220434671 0.152484882555935 0.644912611284719 -0.0354445045826889 -0.0180517325759398 0.763220509323367
1636512914.75413 6.15694971990089 -10.2697336814885 0.117415382075743 0.677454838299843 -0.0306604971689464 -0.0209741989826401 0.734625727125401
1636512915.0888 5.54735364434583 -10.25278942731 0.0877153779344124 0.708721776051025 -0.0283696806109468 -0.019870773816443 0.704637323536761
1636512915.49089 4.8257267612828 -10.1675187040276 0.0462303267245912 0.745120383148992 -0.0240992341302441 -0.0228123016745421 0.666103926142568
1636512915.82567 4.2571480527198 -10.0036538835611 0.0172073430212573 0.775167236339096 -0.022909228384954 -0.0175409626022674 0.631096852782677
1636512916.16074 3.71202325563567 -9.81196103626598 -0.0092111071703448 0.804101794063181 -0.0208599297724839 -0.0161127686827665 0.593907018648236
1636512916.49575 3.19181754364841 -9.57807291545359 -0.0295548060783194 0.831459248886131 -0.0194550634919141 -0.0161523082001979 0.555010018725826
1636512916.83056 2.70831665318176 -9.29889706088249 -0.0411037540933371 0.856075418153506 -0.0186228334454386 -0.0160673531939792 0.516265347151156
1636512917.16542 2.25327612982064 -8.98242630555584 -0.0555067671745189 0.878841924610704 -0.0162370921796933 -0.0176103307766337 0.47651138982614
1636512917.63521 1.69600430724212 -8.46939454323049 -0.0705105719391829 0.90865142685197 -0.0151541229596766 -0.0152807581643645 0.417000522142507
1636512918.1702 1.16671585403014 -7.82260582404036 -0.0870055765406173 0.938760798164249 -0.011839968655578 -0.0135713415095536 0.344098529002797
1636512918.5723 0.822687643948568 -7.27825250701201 -0.0892089535696744 0.95707270161582 -0.0104960150902691 -0.0117002049060681 0.289421462048302
1636512918.9072 0.573451834470465 -6.79267439871032 -0.0972129475819309 0.96860471733825 -0.00879756882974456 -0.0114473974080638 0.248186344155669
1636512919.24205 0.369031370405433 -6.28157343035482 -0.0981848713099632 0.978168897491111 -0.0073768549472013 -0.0101545926013476 0.207432095494435
1636512919.6439 0.164750708017888 -5.64476080127529 -0.0991372039245944 0.986983911184658 -0.00642317712665987 -0.00857857702773471 0.160461552636183
1636512919.97879 0.0579177431367057 -5.10476228971226 -0.0956330247991885 0.992479052103834 -0.00445914250850721 -0.00579278202174844 0.122196116385143
1636512920.31381 -0.0244599518616586 -4.54133675845417 -0.0850342032129943 0.99619427098237 -0.00462254638563107 -0.00432349426422455 0.0869305120436092
1636512920.64873 -0.0615846293962025 -3.96256552759501 -0.0739936684032986 0.998278695100545 -0.00373876729144449 -0.00138283722121308 0.0585128728461754
1636512921.11759 -0.0945593713941291 -3.13946557276116 -0.0659865894659659 0.999542674821997 -0.00114221987542801 -0.00186564103697583 0.0301605027638036
1636512921.51962 -0.0929437949957156 -2.4320621380412 -0.0592299589321204 0.99990724074194 0.000901917271936419 -0.00172280062740924 0.0134806681982998
1636512921.92155 -0.0725198000155348 -1.71840226676706 -0.0469678938380168 0.999994759076101 0.00114433732041832 5.88730346342859e-05 0.00302801030272157
1636512922.32328 -0.0541190380114151 -1.02494553558956 -0.0345974428147178 0.99999377554675 0.00145626695133571 0.000402376292079205 0.00318845536920013
1636512922.79239 -0.0140107680638651 -0.278556919174025 -0.00509077025327772 0.999974751773591 -0.00286936029265826 0.00117356738420365 0.00639416346758665
1636512923.12866 -0.00529449330798628 0.0920290383365928 0.0066453115738466 0.999978977660197 -0.00194176550070152 -0.00057927276708651 0.00615940155114273
1636512923.46235 0.00382024379565572 0.336227358472528 0.00664770207152715 0.999980234058123 -0.000699307255973752 -0.000335804903413449 0.0062393667539265
1636512923.79708 -0.000502966218814062 0.460736847865344 0.00815635135367014 0.999982349235012 -0.000869371985588321 -0.000369633620458134 0.00586589991077381
1636512924.19893 0.000954402639287835 0.457671169133329 0.00942821046151375 0.999981030141172 0.000859960811029214 -0.000425276337365334 0.0060843212638257
1636512924.66793 0.000432432808967 0.457881972001386 0.00880135710592151 0.999981745228394 0.000798378675619434 -0.000465636580457976 0.00597117945133794
1636512925.06993 0.00062403630161421 0.458283636819153 0.00936931056665606 0.999981298144772 0.000681300862362342 -0.000521571817570722 0.00605534083854719
