1636512861.49996 0.00466775950520256 -0.000873689032943492 -0.00190611880319663 0.999999979544839 1.58454999347481e-05 6.080287686923e-05 0.000192255694192468
1636512861.90224 0.00962085430243282 -0.00363593195692924 0.00113752447567056 0.999999910313359 0.000177685489628432 -2.35065459443221e-05 0.000383729830508063
1636512862.23704 0.0122220658208789 0.0233434905170757 0.00145243216758167 0.999999180179131 0.00113827005217988 -0.000336063035494077 0.000480670354470643
1636512862.70577 0.0118729801606961 0.148263515502665 0.000843550942784016 0.999997996352299 0.00185379455487626 -0.000632189214234661 0.000413610847110351
1636512863.04096 0.0139708786219824 0.294910424120901 0.00149227413149955 0.99999733943167 0.00224303812301274 -0.00049334541735594 0.000215684629953995
1636512863.37573 0.0220788428311123 0.488533742468812 0.0028828577361624 0.999996367461557 0.00263330008388617 -0.000568165524668425 -8.93436909966241e-05
1636512863.84481 0.0554353236689678 0.828892707242127 0.0098884712968812 0.999992138126913 0.00306741100833856 -0.000630117344157295 -0.00243261715096567
1636512864.17959 0.0880937354087595 1.12519339199836 0.0179093540873418 0.999964482980381 0.00276394648248307 -0.000476348481640343 -0.00794773362321788
1636512864.5815 0.129846043561004 1.52883909409768 0.0274026060344745 0.999788017612806 0.00259890918540955 -0.00155521390412643 -0.0203653337466626
1636512865.11739 0.221182472891989 2.12564086162757 0.0383754514474277 0.998930592175508 0.00458728577399606 -0.000563166069053103 -0.0460033875828136
1636512865.51933 0.322611905773506 2.63061692149142 0.0549153124211297 0.997585863991142 0.00470489646870156 -0.00144175566826551 -0.0692692518716518
1636512865.98838 0.478821555137139 3.26556608456979 0.0694361572190154 0.994806886606754 0.00328643900401071 -0.00225661538326868 -0.101702337069814
1636512866.39006 0.667403705265999 3.84517499369335 0.0839477440096955 0.990975280997642 0.00383643507744551 -0.00255800592915165 -0.133965409054756
1636512866.792 0.920386867356494 4.42978091335096 0.09820367095353 0.985681739054856 0.00522516439849266 0.00147460337085555 -0.168529025677186
1636512867.12702 1.15996407108327 4.9249679144905 0.116308892885469 0.979762032740232 0.00516611994038763 9.48592746882054e-05 -0.200099128951648
1636512867.52936 1.49851038185444 5.4902996222211 0.132322985740443 0.969956489355596 0.00576601503610228 -0.00068306841378835 -0.24320915945974
1636512867.86389 1.81098097702961 5.94298390823022 0.148262246590847 0.959138377125252 0.0067589458539916 -0.00314765847612033 -0.282839145845477
1636512868.26589 2.22566825010296 6.42837902413335 0.165865663978157 0.944020167294798 0.00849183818704984 -0.00263596624650157 -0.329767894293629
1636512868.60075 2.6032057681853 6.80587335322998 0.190309460648781 0.929730294243133 0.00874440955090418 -0.00335157985098329 -0.368122102271361
1636512868.93555 3.02700056256719 7.1279021796924 0.208786748810535 0.91392358411319 0.0127488100352365 0.00107300920989869 -0.40568460519919
1636512869.33751 3.55048152727942 7.49110016800716 0.23264140820003 0.892335574066401 0.0144499574366685 0.00096243070665261 -0.451140217352432
1636512869.80654 4.21739597796462 7.82823915190364 0.266798355368961 0.863876504280081 0.015257468144081 0.00305693111684743 -0.50346325604835
1636512870.14289 4.71492258470739 8.02732923798495 0.29472035558114 0.841544945851549 0.0157813689139425 0.00539439283179367 -0.539929581550124
1636512870.67799 5.53641193072456 8.25512180865807 0.327652643246482 0.803032818028829 0.0170095072099528 0.00752492459939897 -0.595644478982997
1636512871.0792 6.17361827599093 8.36187968774605 0.34508964855652 0.771210852729521 0.0182437686098228 0.00728139158045789 -0.636276643352377
1636512871.41419 6.71372880986718 8.39738466937791 0.35864464640392 0.743276009852858 0.0177623155260827 0.00749872159675084 -0.668706993008732
1636512871.88299 7.45998557163429 8.35260237164065 0.382328053315493 0.701347638401113 0.021406502729725 0.0111810687908604 -0.712410159564529
1636512872.28491 8.11000470648706 8.25787366155301 0.394700275194846 0.663438954518689 0.0200313582784542 0.0111350649137817 -0.747879340964861
1636512872.61995 8.64663162251883 8.11617886591894 0.415243880101804 0.630947405430133 0.0202886540651254 0.0128209173115729 -0.775454296639395
1636512872.95473 9.17267723361589 7.9575786963323 0.432431248589996 0.598617584273494 0.0195763050260572 0.0116110791677414 -0.800711520412098
1636512873.35688 9.78594763982549 7.68463799326908 0.448732933045112 0.563860954637254 0.0207889987931438 0.0120041148893233 -0.825520770538493
1636512873.69177 10.2881019179605 7.42266302240652 0.4495502718976 0.536090335577543 0.0232904036766714 0.0106529474807772 -0.843772021287093
1636512874.09353 10.8870728139965 7.07534739331934 0.456486846920326 0.507455703731867 0.0234571253558799 0.0080976357922393 -0.86132043997261
1636512874.42852 11.3712003294408 6.76371588713985 0.463853550506522 0.488058515004689 0.0229683298014463 0.00663945439493624 -0.872483386319124
1636512874.83032 11.9324708685252 6.35211179260368 0.475113987092398 0.469743165799689 0.0230062927072838 0.00642653245328803 -0.882479896859401
1636512875.16553 12.4007806528202 5.98579001226167 0.480610163059356 0.457235959072104 0.0237838359094777 0.00710780352664668 -0.888998923514461
1636512875.63522 13.0259461108159 5.43259250276406 0.50824091658501 0.440676386811476 0.0250748661036421 0.00837177805416816 -0.897276705664913
1636512876.17026 13.7150744369779 4.79597663076926 0.523044573440736 0.417579904776564 0.0234679348955725 0.00951838101252957 -0.908287223064067
1636512876.57185 14.2133578817824 4.27817432436298 0.528294389863952 0.399345515417846 0.0250518905391668 0.0105849987352944 -0.91639703180327
1636512876.97401 14.6897992882531 3.74507972267998 0.543905289680854 0.381088933813439 0.026452227964649 0.0122673611709915 -0.924078468535299
1636512877.3088 15.0792142502946 3.29189735350736 0.548198267892126 0.366254390239468 0.0259317230159025 0.011611192498101 -0.930080882278802
1636512877.7794 15.6081650921278 2.62291389692489 0.548799651816632 0.346484550599745 0.0280798967622214 0.0116708972463442 -0.937562672972309
1636512878.11271 15.9851843864311 2.12855184806317 0.556942564039859 0.334260658531913 0.0270047131139304 0.0115566109810885 -0.942022824760673
1636512878.44754 16.3507485023143 1.6141806386424 0.560367486016892 0.325315315717762 0.0285948877192845 0.0126519850733277 -0.945088464128876
1636512878.84961 16.7814186695821 0.985223552435414 0.570261068318851 0.317345872460551 0.0278015046432821 0.0132665800760477 -0.947809406697838
1636512879.1846 17.1230392448593 0.456586493916845 0.578525340510214 0.311910448123093 0.0317316445393035 0.0131940658611 -0.949489806007698
1636512879.65347 17.6106825862168 -0.280725783164834 0.571807704293153 0.309170964643945 0.0295436832106002 0.0118161876011487 -0.950474020220468
1636512880.25616 18.2311125147835 -1.25606334061206 0.577347843891712 0.306386120639013 0.0298975883768675 0.0123968367050986 -0.951356924465645
1636512880.59126 18.5653584733784 -1.79891139736832 0.582131982567289 0.305038433829474 0.0314755255040646 0.0132142549147479 -0.951728022414047
1636512881.12721 19.1139133987083 -2.65551547478922 0.587157793021054 0.302404984616181 0.0295114966857274 0.0128198006638848 -0.952636315470701
1636512881.59602 19.5883358225137 -3.40975702788939 0.582132419475566 0.301900195173992 0.0288730838598837 0.0127751005134753 -0.95281656890988
1636512881.93081 19.9329013696091 -3.93929387033474 0.589237677998796 0.301664114424447 0.0270060115379217 0.0138893732031286 -0.952930492072403
1636512882.39981 20.4078029458641 -4.68767896899335 0.591624554512966 0.302023842336808 0.0266990655000509 0.0147985022588662 -0.952811504387111
1636512882.86887 20.8786237191097 -5.45055727683032 0.591760942274158 0.302442280461543 0.0274295009656083 0.0148425670086031 -0.952657329615741
1636512883.27056 21.2936360394942 -6.08738749603771 0.593690873340643 0.305239817997385 0.0276603245589661 0.0131996718633627 -0.951782185490417
1636512883.67409 21.7141648988687 -6.71270623090976 0.59819647571082 0.312127990055057 0.0271907721641388 0.0109815660528488 -0.949587376148364
1636512884.07441 22.1423367943963 -7.336836334179 0.595752841153936 0.323445875675733 0.0299838290801575 0.0102085661577873 -0.94571640605366
1636512884.40929 22.5226773670235 -7.84669965582781 0.605310880283041 0.336640969154409 0.0301181228330478 0.0100376524252453 -0.941097764367541
1636512884.81129 22.9954784425992 -8.43683787434292 0.618655418255202 0.355490104387062 0.0304397998269598 0.0107000976002567 -0.934122964165166
1636512885.28015 23.5751653158953 -9.08074369893201 0.626301780389585 0.382982888048288 0.0298479665059197 0.0102749098456416 -0.923215918723956
1636512885.68205 24.1007596939242 -9.60621460044235 0.637385683365114 0.41202968975683 0.0315870111096484 0.0110983292216989 -0.910555117813598
1636512886.01713 24.5621099729029 -10.0092371543206 0.64785280572464 0.438641178821125 0.0302902290414007 0.0102987563075994 -0.898092619881463
1636512886.35209 25.0451603843634 -10.3775968675905 0.661790000687607 0.466964973068394 0.0294793121534426 0.0116811003635888 -0.883707098521049
1636512886.68692 25.5508492123621 -10.7113625239162 0.681928940665639 0.499460138650743 0.0308190747929726 0.0140116408510279 -0.865675128699299
1636512887.08877 26.1795081221849 -11.0255650819112 0.690030027990946 0.5451937360802 0.0295879614684734 0.0125799358965252 -0.837693313741904
1636512887.49073 26.8207481970424 -11.2831263935396 0.70635019009321 0.593300251384084 0.0280854708171466 0.0119295333877917 -0.804402700312295
1636512887.89344 27.4419434635975 -11.4506795079623 0.724323810608763 0.642003515042971 0.0290502186397251 0.0114462002942723 -0.766065634243096
1636512888.42865 28.269861681526 -11.5230753485675 0.752561818851173 0.706434629456164 0.0264139764817882 0.0105537418351473 -0.707206500737111
1636512888.76529 28.7911930913805 -11.4881278751513 0.771842114119233 0.744179219982108 0.0231850108826113 0.0105426195069601 -0.667494267384466
1636512889.23227 29.507447674137 -11.3558928229628 0.800952709301127 0.794957358845107 0.0205284624319744 0.0103063092146617 -0.60623028614427
1636512889.56726 30.0121844934917 -11.2078274481209 0.825397748682339 0.827269595302412 0.0187571273157771 0.00989350758312227 -0.561404760730389
1636512889.97083 30.5754766228696 -10.9510589955717 0.848398565454034 0.860265275111368 0.018429529049016 0.00831539786047931 -0.509445642885495
1636512890.37115 31.112952680363 -10.6393473943675 0.870985716920225 0.887674131559024 0.0173732015657477 0.00709966224364899 -0.460089559568911
1636512890.70602 31.5299755675623 -10.3264366930549 0.882549827449335 0.90684686838391 0.0163432242106687 0.00306342140711732 -0.421132131015882
1636512891.17507 32.0969873393432 -9.83662264555155 0.905801397039056 0.92879516798365 0.0147910309804438 0.00170018450432292 -0.370294302826023
1636512891.57697 32.5475761470182 -9.34517336694365 0.924554695664197 0.943882409794221 0.0117795345010988 0.000174292467286986 -0.330071520537788
1636512891.91178 32.9053313359042 -8.8947748191213 0.956356113387213 0.954838177851089 0.00740330060192247 0.00231993463014799 -0.297025021103478
1636512892.24668 33.2189244083127 -8.42642046061301 0.983560046879904 0.96440765152721 0.00535455948540102 4.39779354029843e-05 -0.264365671815441
1636512892.58183 33.506773565936 -7.94262338205162 1.00096840761987 0.972540383967374 0.00396749875895486 0.00024627257183444 -0.232700236046316
1636512892.91673 33.7571825706007 -7.43741597261816 1.01373624086952 0.979678138752552 0.00296129326761012 0.000197232726834405 -0.200554073236547
1636512893.31877 34.0161003206765 -6.80071500663333 1.03324651200529 0.986869350261772 0.00187801746522278 0.000397568247208409 -0.161509134428358
1636512893.65339 34.1815735050815 -6.25817511591565 1.0492962991366 0.991723527358699 -0.000312817598897575 -0.00202313212161727 -0.128375442997434
1636512893.98829 34.3168708774393 -5.71784245285795 1.06056813442641 0.995617888652724 0.000212752350954135 -0.00258230296526959 -0.0934789080088417
1636512894.32333 34.4187861055825 -5.16952111179042 1.07123551041489 0.998405201922394 -0.00181047629330562 -4.97810775426477e-05 -0.0564249277513026
1636512894.65837 34.4598199699616 -4.63086781807185 1.0764608106836 0.999876937868851 -0.00226014997706959 -0.000917377392324291 -0.0154970725884562
1636512895.06032 34.4538995694159 -3.98506491479184 1.08034210640665 0.999298604251195 -0.0030227547065144 -0.0019326824475189 0.0372750215849025
1636512895.39508 34.3872727270006 -3.47035159351764 1.0859083650168 0.996453919947037 -0.00418221915282072 -0.00255261315881709 0.083997491814952
1636512895.73005 34.2833828601364 -2.95990222888295 1.08847457485498 0.990799457853138 -0.00683232788645583 -0.000329816849179396 0.135165250099373
1636512896.06493 34.1157015519561 -2.47625595608911 1.08705625182382 0.981901197295232 -0.00751958727561776 -0.000163307754743479 0.189244465937506
1636512896.39981 33.9072054364155 -2.02737088770041 1.08545454276526 0.969189453817493 -0.0099834321634805 0.000120635140128707 0.24611403685761
1636512896.80183 33.5883738010241 -1.52064047289936 1.08208838143811 0.949520146930946 -0.011604899171883 -0.00191602270285505 0.313485479319931
1636512897.20376 33.2065752786817 -1.04101235132226 1.06757093611505 0.927941439935182 -0.0127074365170563 -0.00369656312513662 0.372490993890117
1636512897.53873 32.8339824952045 -0.654957354198791 1.06115644621164 0.911220097906082 -0.0147878325635058 -0.00417990147025525 0.411633066703592
1636512898.00765 32.2517559748957 -0.166693203483431 1.05089492512296 0.88732449186356 -0.0185686537231294 -0.00344435755745113 0.46075870869578
1636512898.3425 31.7874730093765 0.149676633225407 1.0354041289553 0.870115739994821 -0.0197313978140354 -0.00587047944736653 0.49241731125604
1636512898.87817 30.9859468252811 0.606612064438005 1.01487791781924 0.842663823760897 -0.0222934913552882 -0.00786191816442122 0.537920877648963
1636512899.28031 30.3410026142312 0.904288756252875 0.991422422494068 0.822953303030933 -0.0237872172881079 -0.00922526780316669 0.56753583477885
1636512899.61644 29.7827389703724 1.1145485828028 0.973585163693923 0.806455956878208 -0.0251093946094946 -0.010257791330193 0.590671724086251
1636512900.01718 29.0977643471549 1.31901514712862 0.947864614991713 0.784741614860673 -0.0257555160634678 -0.0105951073544843 0.61919705667769
1636512900.35208 28.5213388539299 1.43436578402614 0.926543102072205 0.763662292834189 -0.0245925411853536 -0.0125880505909188 0.645024534729956
1636512900.75382 27.8266248078202 1.53557367178625 0.896099260677471 0.734720805875279 -0.0250473919703396 -0.0123645685173919 0.67779427779736
1636512901.22277 27.0309596823267 1.56261171257759 0.865525392671816 0.696146402896003 -0.0254237676510011 -0.0125270960484186 0.717340149188638
1636512901.5577 26.4467067457891 1.5360422120058 0.844706168908694 0.666538356866346 -0.026407601910145 -0.0137084139481021 0.744876725891134
1636512902.16076 25.4201768293278 1.36950245629028 0.792967672375866 0.610084214675181 -0.0252509371478914 -0.0125720803943981 0.791834315985281
1636512902.49562 24.8705802401688 1.21141646907604 0.773216012501917 0.57790910682419 -0.0259489414709379 -0.0118522606940099 0.815602378982949
1636512902.89751 24.2184092492522 0.964853896564371 0.737401308006827 0.537991839467749 -0.0256811324201839 -0.0107612646875569 0.842490032751753
1636512903.23249 23.6841137419791 0.717848938145161 0.699664772633616 0.50404793016442 -0.024755834377089 -0.00990061389404917 0.863264044545919
1636512903.63442 23.0834732168205 0.404315179872026 0.688697749424896 0.465312112129935 -0.0287555731420326 -0.0100556799329126 0.884622314108987
1636512904.17026 22.3277506120252 -0.0894484556058771 0.671928178674071 0.420930457681177 -0.0282149706730384 -0.00961662326182715 0.906602992374984
1636512904.50527 21.8848695951716 -0.451719641356467 0.662121101674557 0.396906151909481 -0.0263917660739565 -0.0109408590917197 0.917414453157481
1636512904.84001 21.4436546192819 -0.837125344419986 0.655030117219476 0.37595213438695 -0.0275647955670737 -0.0117499511281837 0.926154475961612
1636512905.44306 20.663174136566 -1.56957135432185 0.636404993995344 0.344347110558405 -0.0299517511746168 -0.0131680414648704 0.938272115505748
1636512905.77801 20.250140215716 -2.00129464779663 0.641102179412398 0.334950457830525 -0.0280188473068693 -0.0164077886552544 0.941676122382935
1636512906.24684 19.6685526336926 -2.61074811509546 0.616203718767388 0.333612003441706 -0.0292993171367289 -0.0160613204874393 0.942118153502592
1636512906.58175 19.2388745972816 -3.05635155718546 0.594544822558225 0.338311451529012 -0.0315731461174556 -0.0161631215568298 0.940365488366155
1636512907.0506 18.6355724276915 -3.70066286474866 0.561818445443367 0.34827536868054 -0.0285038005039252 -0.0177632582750898 0.936790407499308
1636512907.38555 18.1830059771389 -4.1496387361337 0.537917288175681 0.358358166594126 -0.0294250201198327 -0.0185135644695732 0.932936675534237
1636512907.85433 17.5329016218751 -4.77389563553504 0.506471671559291 0.372221274264085 -0.0285281734445323 -0.0185393479522102 0.927520220201504
1636512908.25631 16.966545917601 -5.28454915848218 0.476880282154178 0.385356734813742 -0.027582279651984 -0.0169654359718387 0.922199316181257
1636512908.72523 16.2958153644787 -5.84950558609269 0.438997018208551 0.401135157040516 -0.0261553406029662 -0.0161631756215745 0.915502722933061
1636512909.12726 15.6874071707466 -6.26708646433818 0.40651337465125 0.415484029949385 -0.0252200415874488 -0.0156616049771357 0.909115880671373
1636512909.46275 15.1744523471967 -6.67040480827246 0.40543363612028 0.428864894986527 -0.0260302572552156 -0.0173549666558751 0.902826745664857
1636512909.79684 14.646060314314 -7.01770391424603 0.369093978435852 0.441254733088874 -0.0265848285491047 -0.0167063768847719 0.896832428265764
1636512910.1321 14.1199638460322 -7.37353766473741 0.350831855130105 0.453099008645328 -0.0250630881096364 -0.0169488350843754 0.890946612860901
1636512910.53402 13.4755001818855 -7.77341221092144 0.32137165495515 0.464086163438684 -0.025094936415965 -0.0169684568949522 0.885271906558457
1636512910.93591 12.8359821252812 -8.15355497911946 0.285348811779128 0.474150121567231 -0.0233548449998195 -0.0163618334627082 0.879982104271759
1636512911.27081 12.2852389083065 -8.45890077946938 0.266758754102552 0.483039682659237 -0.0237765711101337 -0.0163369517270692 0.875123101998213
1636512911.67276 11.6192159288868 -8.81238094329684 0.246115490593553 0.4958026136425 -0.022620450192242 -0.0170752993564201 0.867972648008136
1636512912.07453 10.9348038820688 -9.1379114772415 0.213252956829187 0.510796775493093 -0.0249738015092559 -0.014996808331871 0.85920780904499
1636512912.47668 10.252484206847 -9.44371819398208 0.186170373146982 0.52699621428444 -0.0239633831022294 -0.0163134856846351 0.849373072674771
1636512912.87843 9.54897795802498 -9.69468729737246 0.159401794336221 0.546982810472701 -0.0256243036052516 -0.0169168913070193 0.836580551352132
1636512913.21332 8.95123863363629 -9.87691476273805 0.137845981438446 0.566249940217191 -0.0263918727960266 -0.0178820984930295 0.823616843445926
1636512913.61523 8.22023025692866 -10.0608335655948 0.106487288276889 0.593318316504927 -0.026355078376076 -0.0178312993695013 0.80433875320436
1636512913.95086 7.5994452781911 -10.1885548208024 0.0778408793381824 0.61657596121082 -0.0254892343078809 -0.0186070510415018 0.786662672714862
1636512914.35228 6.85365962154135 -10.2882599278665 0.0458577966295193 0.644912611284719 -0.0243526009344487 -0.0182825296903913 0.763649411537633
1636512914.75413 6.10747228941864 -10.3343605188732 0.0216633642427101 0.677454838299843 -0.0199823498097622 -0.0211942435533489 0.734987382068846
1636512915.0888 5.49678938205937 -10.3124473438013 0.0010599215246716 0.708721776051025 -0.0181276887059459 -0.0200812030547161 0.704969202403294
1636512915.49089 4.77499930743922 -10.2199358249915 -0.0297787570245902 0.745120383148992 -0.0144151800445556 -0.0230095667248828 0.666377053205852
1636512915.82567 4.20576349914534 -10.0517205241616 -0.0500432097741035 0.775167236339096 -0.0137365750420636 -0.0177279079070794 0.631357888597077
1636512916.16074 3.66121664147737 -9.85473813453477 -0.0682206373968935 0.804101794063181 -0.0122281231195219 -0.0162882717383881 0.594142634384307
1636512916.49575 3.1426541968067 -9.61555216533676 -0.0808216588679195 0.831459248886131 -0.0113879251193404 -0.0163162931621312 0.555229332060757
1636512916.83056 2.66137904588057 -9.33160495603392 -0.0851912831379451 0.856075418153506 -0.0111181673792553 -0.0162202105780903 0.516476688298929
1636512917.16542 2.20914799965443 -9.01001730842851 -0.0927210311811478 0.878841924610704 -0.00930872610797638 -0.0177508374746254 0.476691857423378
1636512917.63521 1.65600999114718 -8.49119876309869 -0.099269996151808 0.90865142685197 -0.0090910103183147 -0.0154042926114199 0.417172201591156
1636512918.1702 1.13271479209787 -7.83774057835322 -0.10746859000414 0.938760798164249 -0.0068363260561755 -0.0136728739863288 0.344230273208255
1636512918.5723 0.793751456618637 -7.28952696343939 -0.1043284321129 0.95707270161582 -0.00628721922498088 -0.0117859311440683 0.289539991233129
1636512918.9072 0.548673599092889 -6.80121741339248 -0.108384009243851 0.96860471733825 -0.00518758409512582 -0.0115207858993567 0.248284639101184
1636512919.24205 0.348352060148799 -6.28793342966301 -0.106066533558792 0.978168897491111 -0.00435930193704343 -0.0102159445318947 0.207514430690896
1636512919.6439 0.148936350348157 -5.64925278292863 -0.103765651733635 0.986983911184658 -0.00408840005147061 -0.00862647285823084 0.160535441612377
1636512919.97879 0.0457595819328915 -5.10780511948293 -0.0983228130174929 0.992479052103834 -0.00268163550112175 -0.00582899298458215 0.122246320218233
1636512920.31381 -0.0327665727195744 -4.54381187915075 -0.0864221021556167 0.99619427098237 -0.00335774953634722 -0.00435013798169886 0.0869872190582933
1636512920.64873 -0.0673107063359179 -3.96449463972266 -0.0746009151564593 0.998278695100545 -0.00288829108034628 -0.00140115347347345 0.0585605793339821
1636512921.11759 -0.0969614335691601 -3.14044276536739 -0.0655981672772157 0.999542674821997 -0.000703226695400407 -0.00187460388816793 0.0301733747228482
1636512921.51962 -0.0935941476443747 -2.43236947156284 -0.0584304189221994 0.99990724074194 0.00109852027700422 -0.00172594633215766 0.0134656702135242
1636512921.92155 -0.0725738157206276 -1.71853307113432 -0.0462569152135099 0.999994759076101 0.00118812895113243 5.87398702204196e-05 0.00301109939285049
1636512922.32328 -0.0545247883403751 -1.0248043489774 -0.0339168455231871 0.99999377554675 0.00150214653711241 0.000402389032504049 0.00316709750448621
1636512922.79239 -0.015055595430716 -0.279371878592393 -0.00532385769332895 0.999974751773591 -0.00277696376201683 0.00117006691971492 0.0064354666507103
1636512923.12866 -0.00588036050045608 0.0915677811182636 0.00651674661783866 0.999978977660197 -0.00185181375455984 -0.000582143588388276 0.00618677075117089
1636512923.46235 0.00301086576108733 0.336175733886167 0.00661246650988342 0.999980234058123 -0.000608473292184575 -0.000337941050735509 0.00624876381057431
1636512923.79708 -0.00130960117118776 0.460664507160938 0.00819721433783299 0.999982349235012 -0.000783920042578524 -0.000371770952934225 0.00587779500759537
1636512924.19893 0.000155721481764172 0.458074931487212 0.00966847876417162 0.999981030141172 0.000948434074005734 -0.000426420379813443 0.00607107867417439
1636512924.66793 -0.000350025854120177 0.458267938755167 0.00904127716314163 0.999981745228394 0.00088524073267677 -0.00046678710231972 0.00595883114554715
1636512925.06993 -0.000145786405454886 0.45863832963669 0.00959209280083856 0.999981298144772 0.000769430613847054 -0.000522816697044368 0.00604466706516444
