1636512861.08095 -0.000576560881385404 0.0010901255245549 0.00019761333168495 0.999999999169473 3.91480288615024e-05 1.1091929474853e-05 -2.3354545752514e-06
1636512861.5812 0.00455775858666563 0.00187420203102334 -0.00066797132140339 0.999999974807354 8.24916610752801e-07 -0.00021563765869583 6.23298534971977e-05
1636512862.08146 0.00930907133681926 -0.0020987346948064 0.00527997979570045 0.999999574783688 0.000796712583673824 -0.000433837089373677 -0.000165731354014642
1636512862.68176 0.00500712846548849 0.00276447309328531 0.140165971423875 0.999998107749773 0.00182462354572161 -0.000424582590700717 -0.000524380982107084
1636512863.38225 0.00109985078083268 0.0169721452859629 0.49492574356918 0.999996357186055 0.00265744776385624 0.000110354249051399 -0.000459791193091706
1636512864.18254 0.0520529950890413 0.0332203179096331 1.13601592911497 0.999963920077495 0.00269431594471293 0.00802243552272318 -0.00073466531422193
1636512864.68279 0.109235820260884 0.0470445525822623 1.64970977305874 0.99968495009908 0.0028124866602658 0.0248013749048841 -0.0026423979665998
1636512865.18307 0.21725322981194 0.0620039878708102 2.2213054092861 0.998757613710014 0.00424256266553901 0.0495883110188836 -0.00249582222972493
1636512865.68331 0.365356711066236 0.0744581659985225 2.87051962080593 0.99678610427778 0.00356328147332002 0.0797701659965479 -0.00644095961427892
1636512866.18357 0.592801389411267 0.0957988877684622 3.5678500039911 0.993175450378962 0.0022513790345581 0.116350597800383 -0.00774560833519012
1636512866.68383 0.906377219962412 0.117135448721884 4.29197560740256 0.987263154882724 0.00325416568456028 0.15890228313327 -0.00713707445266031
1636512867.18409 1.30098208957955 0.130989400284572 5.02653362806656 0.978577632498585 0.00320300302912399 0.205616144659153 -0.00987719598705559
1636512867.68435 1.78644767219157 0.145120821401489 5.70843219093287 0.965214094108354 0.00304548789674083 0.261053766530796 -0.0142621358199012
1636512868.18526 2.33963833867612 0.156854860316011 6.31266093697944 0.947250123941735 0.00484394205113369 0.319941799052086 -0.0181929694411878
1636512868.68485 2.95428209268529 0.153650672615445 6.84175364031539 0.925975333847245 0.00543689727427756 0.376969064734988 -0.0208433559519859
1636512869.18512 3.64974836682469 0.148978518551096 7.26262530811003 0.901052665646728 0.0101794289152803 0.433196152578574 -0.0184815137098049
1636512869.68538 4.38302574479988 0.140539772428559 7.6140865561031 0.871715657850476 0.0088775549929444 0.489487219288318 -0.0208629583005061
1636512870.18564 5.16233546769048 0.119387460756593 7.86306644014636 0.838592123847186 0.0099652403342629 0.54430306732013 -0.0199528121437536
1636512870.68589 5.96128177943212 0.108479718716308 8.01791639462801 0.802448155759433 0.0102365273630061 0.596279243905728 -0.0205726544968037
1636512871.18615 6.78284836901096 0.100968063853712 8.08235411797954 0.762752066096767 0.0112994129430918 0.646178280967104 -0.0231352142555909
1636512871.6864 7.59798662356187 0.0831286733111406 8.02380546309145 0.719246802120736 0.0113711118689429 0.694235499739562 -0.0243270704220417
1636512872.18666 8.40845281517049 0.0674225634192303 7.86262642288684 0.67250664319582 0.0124146942203869 0.739611890977813 -0.0235571846604765
1636512872.68693 9.21231669350328 0.0398707966957002 7.59567756574296 0.624322068252702 0.011207202343146 0.780718548266137 -0.0239771162053378
1636512873.18854 9.98665257385172 0.0136739550783206 7.26651705611858 0.578284466255449 0.0105562848495532 0.815328042387916 -0.0267548917716778
1636512873.68744 10.7277794994636 -0.00996469795966564 6.84982681703402 0.536413390892285 0.0136971724748806 0.843341597779586 -0.0291206282935154
1636512874.1877 11.4640063615865 -0.0369092223911045 6.3870210055564 0.501512958206685 0.0140078035224268 0.864396304242685 -0.0332800751628482
1636512874.68925 12.1812282131753 -0.0678990434847631 5.895241853763 0.475618450166744 0.0124333097699152 0.87882943888006 -0.035934941587663
1636512875.18821 12.8844612516516 -0.0920218810957807 5.35114430152888 0.456547497183067 0.0137819179790241 0.888909500294659 -0.0348474079179113
1636512875.68847 13.5562239223649 -0.138482996362994 4.7627657107491 0.43828842889816 0.0154689694930555 0.898061639991139 -0.033900661545618
1636512876.18873 14.207902265128 -0.172867903331873 4.16273493993584 0.416766344429479 0.0134572477506898 0.908305474700243 -0.0332547930895938
1636512876.68898 14.8321700510244 -0.203117443362172 3.51642878844789 0.393832516613355 0.0140946074182555 0.91848593330989 -0.0328767579237595
1636512877.18924 15.426125295194 -0.245087616142619 2.83968108861023 0.371507367243819 0.016159758142829 0.927748318924945 -0.0316890364679795
1636512877.68951 15.9941890973978 -0.279093582224888 2.13409585389333 0.350233311467812 0.0171823202996593 0.935943142585648 -0.0324319172161085
1636512878.18976 16.5702031463706 -0.312085948560687 1.39349801861023 0.332024642848591 0.0168648145438684 0.942559190153033 -0.0325174972856892
1636512878.69002 17.1374726005568 -0.347370331273888 0.627162960225178 0.320454870166447 0.0163747262992962 0.946591256859168 -0.0317102028219396
1636512879.29032 17.7902608413013 -0.394495819815564 -0.303142371571329 0.311317563598428 0.0209199226980027 0.949535630794985 -0.0320283824164998
1636512879.79059 18.3409796458646 -0.429062102212994 -1.07738283816743 0.308468525755181 0.0184642768169144 0.950479357939718 -0.0330942476958593
1636512880.29084 18.8885768528215 -0.463970653213769 -1.87169881577685 0.306219120910689 0.0193454400211344 0.951217183420728 -0.0322718748171089
1636512880.79111 19.4304962960474 -0.505065369372393 -2.65845386200554 0.303751509420521 0.020126997503388 0.952017824086895 -0.0314958269792681
1636512881.29136 19.9745850538777 -0.533461091447591 -3.44545898188819 0.302334496842253 0.0182678186614243 0.952490381256873 -0.0319720570753909
1636512881.89167 20.6309532847288 -0.573584652483284 -4.37892308014176 0.301640579501105 0.0162069379038137 0.952776426353517 -0.0311026903505279
1636512882.39326 21.1772293594936 -0.606931652919318 -5.15804410780061 0.30200471597885 0.0157520394270746 0.95270032186165 -0.0301184578810151
1636512882.89218 21.7170518642655 -0.640073739191075 -5.94891516650179 0.302526575891585 0.0164131505078114 0.952523875647632 -0.0301088972055742
1636512883.39244 22.272431046821 -0.677417697149593 -6.71705638378896 0.306873296492835 0.0173832344237698 0.951048442352368 -0.0321475249393014
1636512883.89269 22.8535899582213 -0.712238031184673 -7.4589283797587 0.317698060814367 0.0173664776450059 0.947410417003515 -0.0343489353870273
1636512884.39295 23.4665585382279 -0.75208178287621 -8.18726134614196 0.335942747350339 0.019521447344625 0.941059915362705 -0.0341704447412571
1636512884.89425 24.1245039474432 -0.794446544358131 -8.86778740742913 0.359987696649065 0.0195686879236926 0.932165086947746 -0.0330783220545877
1636512885.39348 24.8139893725506 -0.830231929050475 -9.48770637131247 0.39044990514937 0.0201691420128941 0.91982871267187 -0.0325148677334288
1636512885.89372 25.5536690893054 -0.866659859010922 -10.044005354431 0.428926930053977 0.0206524714171246 0.902548911217868 -0.03163268812917
1636512886.39398 26.340622289344 -0.896913249505833 -10.511682882152 0.470801108029853 0.0195457031343873 0.881536696523729 -0.0292802808879362
1636512886.89491 27.1757544463504 -0.92797406411427 -10.8631496877796 0.522193671550034 0.0208881305941296 0.852146792461711 -0.0268942278304404
1636512887.39574 28.0299135527811 -0.951155739646845 -11.075058661193 0.581832493196956 0.0188732062872382 0.812674362129689 -0.0259833231468982
1636512887.89477 28.8422262358021 -0.971599031255051 -11.1478098228777 0.642165324622565 0.0202660903735584 0.765911007579632 -0.0243579535618115
1636512888.39505 29.6307641911399 -0.987356041781645 -11.0589845441807 0.702450262834407 0.018319641551711 0.711130260224594 -0.0228423284756753
1636512888.89528 30.3988234300163 -1.0002126823585 -10.8348733470771 0.758644608326052 0.0147933736592474 0.651033579053025 -0.0198694061058323
1636512889.39554 31.1199652009224 -1.00523256179871 -10.509592912276 0.811299767460636 0.0123553789754459 0.584239998136944 -0.0174257426135821
1636512889.89579 31.7782963218097 -1.01055694794486 -10.0778750020627 0.854574856383939 0.0128735400022549 0.518948168378151 -0.0151289570407963
1636512890.39605 32.3787967696127 -1.01027045849844 -9.57353280991572 0.88914867434864 0.0121563483856438 0.457227862382334 -0.0144754951302417
1636512890.89631 32.9105788905089 -1.00111593233377 -8.98598734749103 0.916029733956441 0.011099214801471 0.400530323921836 -0.0184876596018096
1636512891.39656 33.4158731411536 -0.984467927617318 -8.33813785433257 0.93750296867834 0.00961971940532772 0.347525844091193 -0.0148806050470488
1636512891.89685 33.8683651995799 -0.973145702789982 -7.60793097434591 0.954388891134794 0.00425266229856879 0.298300962918691 -0.011844613275852
1636512892.49719 34.2964869266242 -0.962910743904934 -6.68582617927145 0.970524251717153 0.00151256521713833 0.24071741428535 -0.0116411097022669
1636512892.9974 34.5770428792496 -0.942532445871318 -5.88161551047817 0.981244151483356 0.000465553938038021 0.192569261302414 -0.00876230795411188
1636512893.49765 34.76661970108 -0.914639921580368 -5.04096915244636 0.989616145536459 -0.000715514112106643 0.143502154297598 -0.00815501349264712
1636512893.99791 34.8677323755636 -0.895292558122118 -4.20342528581529 0.995712431676856 -0.000709347632121393 0.0922381665309748 -0.00695491661374484
1636512894.49817 34.8718558826189 -0.8658093740485 -3.37138154445583 0.999357473629665 -0.00215768199537039 0.0357041025849064 -0.00228065068515169
1636512894.99845 34.7542371147524 -0.832879086922637 -2.56626573032161 0.999575134855051 -0.00244113799412605 -0.0290435708980762 -0.00024822225803913
1636512895.49869 34.5166882735895 -0.799086658635912 -1.81348723314009 0.994981693716375 -0.00374850759727208 -0.0999464925342899 0.0028419166383565
1636512895.99894 34.1590746467713 -0.770126517377073 -1.11070907647891 0.983941217060063 -0.0053759480466779 -0.178228991729847 0.00807508884929804
1636512896.4992 33.6942726015733 -0.73834824553158 -0.513869880822063 0.964591325509289 -0.00763879088562976 -0.263350435983448 0.0123195573526948
1636512896.99946 33.1336040371789 -0.707558887275009 0.000702456257047991 0.938785387484967 -0.00787865556722327 -0.344176911374002 0.0127348619233277
1636512897.49971 32.5029538879059 -0.671824170018422 0.497233330191298 0.913114756360279 -0.0100372717082244 -0.407307741286587 0.0148693907670014
1636512897.99997 31.8069662940734 -0.642683095713694 0.922902151994784 0.887725978066481 -0.0134182083758869 -0.459823794671162 0.01801714195158
1636512898.50023 31.0415736783615 -0.605559660875208 1.2903929022033 0.862014684640937 -0.0151796632775299 -0.506361822292544 0.0172616977942685
1636512899.10054 30.053218418971 -0.565749794167573 1.65270892458669 0.831511582336876 -0.016142823073601 -0.555012123943688 0.0170129356184149
1636512899.6008 29.1882101913442 -0.534274369047935 1.88635532473061 0.807244108999902 -0.0182333719507678 -0.589682658460004 0.0172874215486828
1636512900.20111 28.1262656137487 -0.4978427320289 2.03983912890571 0.773413396031637 -0.0178691779632003 -0.633399087384987 0.0178327624779969
1636512900.70137 27.2417126487038 -0.470419390047165 2.05836730972315 0.738670735508182 -0.0169250492430904 -0.673588487583116 0.0189112825427368
1636512901.20163 26.3847564326666 -0.452283336369353 1.97056274922745 0.698001386963751 -0.0171943794043296 -0.715582219082773 0.020988207311604
1636512901.80196 25.3583935758174 -0.432866256845925 1.7328824398421 0.644128050664758 -0.0171508795840128 -0.76439570762961 0.0224522567627673
1636512902.30219 24.5447354662119 -0.415261901435844 1.43196794757429 0.596603141922153 -0.0168081336636216 -0.801954312637837 0.0255236778881072
1636512902.90319 23.6203495114767 -0.406379188231986 0.93752196229258 0.53741855855747 -0.0160600211945213 -0.842667776731913 0.0288857524558202
1636512903.40276 22.8881680614895 -0.390662282359644 0.4579035207827 0.486892753866474 -0.0179571704464697 -0.872710248524273 0.0314612202970328
1636512904.00306 22.1018643824659 -0.416829859912251 -0.175756575579925 0.434318514171766 -0.0180904487513038 -0.899989659319046 0.0325388541653589
1636512904.60337 21.3702949181497 -0.443242902006803 -0.90045252209581 0.390541788743892 -0.0156067676897205 -0.919906704475468 0.0317048120651012
1636512905.20368 20.6483578247034 -0.475941558822165 -1.68178690318548 0.355209205633303 -0.0203401098798045 -0.9339927693741 0.0327140171843059
1636512905.804 19.9586431961428 -0.512410537783358 -2.50808198211856 0.334783103046141 -0.017291271514123 -0.94172032104346 0.0280021923788989
1636512906.40431 19.2409261073988 -0.523052869900581 -3.3301941728522 0.335334530743073 -0.0189721057826339 -0.941487713878562 0.0281370984505209
1636512906.90456 18.6113711657969 -0.527536389219254 -4.03595784618204 0.344352541012111 -0.0189436617604479 -0.938269508349052 0.0266982186678417
1636512907.50487 17.8138487719856 -0.531149103472438 -4.86385038479914 0.361823247379894 -0.0185093628126196 -0.931728159943333 0.0249795338697436
1636512908.10518 16.9792677605821 -0.543696245743995 -5.66965288742107 0.380160123285921 -0.0180480633844428 -0.924384874852033 0.0257905257041289
1636512908.70549 16.1296378435426 -0.539553664701931 -6.41579064843334 0.400435588647247 -0.0157483947711182 -0.915788933299287 0.0270916417630957
1636512909.20575 15.368614261267 -0.531347670914277 -6.95754631632908 0.418461989941481 -0.0148719099870631 -0.907715667125025 0.0268450539824884
1636512909.80702 14.434338525565 -0.544013568754859 -7.64859303700785 0.441637176523528 -0.0161573689743856 -0.89668498184103 0.0255262038091021
1636512910.30632 13.6478126494264 -0.545439856102249 -8.18265872632091 0.458352031432217 -0.0146799895433666 -0.888297946367288 0.0249934325098662
1636512910.90662 12.6941658964938 -0.538101567998906 -8.78613462223278 0.473424285107303 -0.013212272282376 -0.8803729299863 0.0252663071918532
1636512911.40688 11.8742715813944 -0.539449468822506 -9.26011422149343 0.486880541282886 -0.0134379729905272 -0.873008486513921 0.0249588035903649
1636512912.00718 10.8598462733084 -0.535911859780228 -9.77477980877667 0.508325863392598 -0.0146364690170933 -0.860662051111468 0.0255230123120722
1636512912.50744 10.0050331841408 -0.527722716900779 -10.1646981027783 0.528318574292456 -0.0140806486140481 -0.848600534012768 0.0236294956661834
1636512913.0077 9.11255448768906 -0.51622409819739 -10.4679128181816 0.554169651147186 -0.0160942048143786 -0.831962454744399 0.0218047750383353
1636512913.50796 8.19348077569759 -0.50105845523922 -10.7043157491805 0.585943491302302 -0.0172124318481041 -0.809916445208786 0.0202313857831665
1636512914.10844 7.06592609285549 -0.473330771861684 -10.8958475120942 0.627595383310567 -0.0156631572567951 -0.778174051550844 0.0179957174059769
1636512914.6087 6.11807145442704 -0.448946166136569 -10.9603657480808 0.664797580840635 -0.0131438619232301 -0.746764724667922 0.0146240006094218
1636512915.20918 5.01062166313378 -0.416793077254131 -10.8555526399232 0.719678707833838 -0.00902351031781971 -0.694125222951395 0.013088491694548
1636512915.70945 4.12506253445337 -0.391407821938519 -10.6178844401471 0.764662824711695 -0.00619447966066357 -0.644304468914696 0.0111420044075299
1636512916.30975 3.1623602526142 -0.353530202139832 -10.168479745128 0.816704305635774 -0.00509310266922698 -0.576913226208357 0.0118011392269339
1636512916.81001 2.4417401563584 -0.330368176133005 -9.70154238149413 0.854650004700203 -0.00481585743788631 -0.519115744661245 0.00830786542275575
1636512917.41033 1.69629326806511 -0.294108046409107 -9.02913260525075 0.894542571572398 -0.00126412774203155 -0.446971183244941 0.00295820457542243
1636512918.01081 1.11712900800037 -0.263951214415024 -8.24061900375849 0.930241321886426 -0.00210167921012258 -0.366931564950549 0.00280938470728661
1636512918.61111 0.667394526374769 -0.229798712445594 -7.36575830161613 0.958511894459391 -0.00268405736794587 -0.285031126057132 0.00223633506378321
1636512919.11137 0.368600311694225 -0.196521252736294 -6.58457496011386 0.974649300674576 -0.00159277438042783 -0.223730913079978 -0.000826012550192146
1636512919.71215 0.135504512558518 -0.162358681368453 -5.6011608588507 0.988199468387104 -0.00180529678025612 -0.153154438548481 -0.00150649788573672
1636512920.31199 0.0315484487913954 -0.128711290983357 -4.58251875199497 0.996179191688274 -0.00222405600438867 -0.0873040353789396 -0.000277540520156492
1636512920.81225 0.00882560449240931 -0.100246245239543 -3.70326845716344 0.998882620654598 -0.00128010960892115 -0.0472171472799505 0.00155321483851129
1636512921.41257 -0.00604035578686594 -0.0688863424780175 -2.6383107023534 0.999850976122814 0.00106548235721211 -0.0172304251513302 -5.23708510259024e-05
1636512922.01319 -0.00210419565780826 -0.0355255320266501 -1.5681588647645 0.999996546849985 0.00124694039358835 -0.00196555564172582 0.00121984375269798
1636512922.51315 -0.0260873520684819 -0.00704997039617342 -0.709892576433462 0.999983252086643 0.000801765275609283 -0.00547432750728941 -0.00169836892556793
1636512923.11344 -0.0184821646350203 0.000233703705579436 0.077910836574064 0.999978989734288 -0.00183051331390679 -0.00621669739396508 -0.000148271754592796
1636512923.71374 -0.0275090059781474 0.0137560450386599 0.443635847303661 0.999981956449164 -0.000667488030648078 -0.00596975544437361 5.70593210225728e-05
1636512924.214 -0.0289710083485392 0.0108637200178973 0.459440328427327 0.999981096814727 0.001044495126842 -0.00605849907637551 -9.81431974602971e-05
1636512924.71431 -0.0295833176646239 0.0113171989714196 0.459673744407377 0.999981702511616 0.00093233695256735 -0.00597566546869586 -0.000129661027991923
