1636512861.08095 -0.000576207142258784 0.00108945669657261 0.000197492089384933 3.77766756474326 0.000147888238976556 4.19016222423724e-05 -8.82257100518583e-06
1636512861.5812 0.00455496225137157 0.00187305214623065 -0.000667561498955371 3.77766747271127 3.11626072664693e-06 -0.000814607389668968 0.00023546146606712
1636512862.08146 0.00930335991436475 -0.00209744705181514 0.00527674035386212 3.77766596155484 0.00300971528826705 -0.0016388923022707 -0.000626077961042072
1636512862.68176 0.00500405642694504 0.00276277699781793 0.140079974975079 3.7776604195884 0.00689282119226405 -0.00160393188277687 -0.00198093702931937
1636512863.38225 0.00109917598608474 0.0169617323147674 0.494622090293481 3.77765380654062 0.0100389542308568 0.000416881667619302 -0.00173693827813972
1636512864.18254 0.0520210588588611 0.0331999361483607 1.13531894585515 3.77753126992761 0.0101782299619659 0.0303060944896055 -0.00277532133078308
1636512864.68279 0.109168800480489 0.0470156891968333 1.64869762167432 3.77647741408774 0.0106246396415832 0.0936913496170314 -0.009982101099858
1636512865.18307 0.217119937786327 0.0619659463781864 2.21994256511681 3.77297424548625 0.0160269913863083 0.187328154282018 -0.00942838669242758
1636512865.68331 0.365132552667618 0.0744124834566428 2.8687584622945 3.76552653824433 0.0134608928569913 0.30134516896962 -0.0243318042408909
1636512866.18357 0.592437686197053 0.0957401119895557 3.56566101027842 3.75188668811192 0.00850496156185673 0.439533879814041 -0.0292603334013542
1636512866.68383 0.905821127628488 0.117063582258749 4.28934233873682 3.72955200116406 0.0122931561670737 0.600280001454753 -0.0269614946893648
1636512867.18409 1.30018389413658 0.130909033964987 5.02344968381552 3.69674098494339 0.0120998806629454 0.77674944111155 -0.0373127629419014
1636512867.68435 1.78535162759382 0.145031784988728 5.70492987941159 3.64625797937449 0.0115048408558911 0.986174347296491 -0.0538776079355505
1636512868.18526 2.33820289334979 0.156758624683165 6.30878791118356 3.57839607188568 0.0182988027872613 1.20863375788847 -0.0687269906214202
1636512868.68485 2.95246954313329 0.153556402857488 6.83755599868652 3.49802698733225 0.0205387905029374 1.42406380994369 -0.0787392697856105
1636512869.18512 3.64750912576386 0.148887115313833 7.25816944782465 3.40387743196611 0.0384544984728015 1.63647105612678 -0.0698170149468728
1636512869.68538 4.3803366138703 0.140453546640512 7.60941506274424 3.29305196907554 0.0335364515789235 1.84911999319759 -0.0788133209418695
1636512870.18564 5.15916820452952 0.11931421260976 7.85824218941257 3.16792226893772 0.0376453652168817 2.05619604451325 -0.0753750913234746
1636512870.68589 5.95762433634454 0.108413162829161 8.01299713833726 3.0313823729181 0.0386701974269516 2.2525447611031 -0.0777166496777905
1636512871.18615 6.77868686770985 0.1009061166147 8.07739532701914 2.88142374242776 0.0426854258112093 2.44104673507834 -0.0873971485693174
1636512871.6864 7.59332500804291 0.0830776711269072 8.01888259366286 2.71707531767342 0.042956280518049 2.6225909318376 -0.091899584954897
1636512872.18666 8.40329395189846 0.0673811974517003 7.85780244211816 2.54050653518518 0.0468985877215116 2.79400785336581 -0.088991212482459
1636512872.68693 9.20666463321524 0.0398463346462339 7.59101736690716 2.35848122915044 0.0423370848183794 2.9492951394279 -0.0905775742602118
1636512873.18854 9.98052543294884 0.0136655656556542 7.26205880811738 2.18456647318242 0.0398781349134677 3.0800383029125 -0.101071086928026
1636512873.68744 10.7211976527355 -0.00995858428864304 6.84562422224483 2.0263914697507 0.0517433642300247 3.18586420257664 -0.110008053060722
1636512874.1877 11.4569728153837 -0.0368865773652028 6.38310235740465 1.89454923708931 0.0529168250639171 3.26540188433354 -0.125721060599324
1636512874.68925 12.173754627699 -0.0678573851809896 5.89162492834906 1.7967283938806 0.0469689110792229 3.31992546895601 -0.135750263389402
1636512875.18821 12.8765562095003 -0.0919654226351051 5.34786119791787 1.72468467330558 0.0520635045725514 3.35800459004418 -0.131641922716203
1636512875.68847 13.5479067316477 -0.138398032474935 4.75984359681939 1.65570798322597 0.0584366243624518 3.39257833135229 -0.128065429650582
1636512876.18873 14.1991852482428 -0.172761843168723 4.1601809646844 1.57440470273544 0.0508370083807166 3.4312761335036 -0.125625553331142
1636512876.68898 14.8230700252524 -0.202992824108011 3.5142713433478 1.48776832518711 0.0532447413259546 3.46973452181942 -0.124197462145652
1636512877.18924 15.4166608582798 -0.244937246802487 2.83793885055594 1.40343133246573 0.0610461942409615 3.50472473555862 -0.119710645322475
1636512877.68951 15.9843761345955 -0.278922349102404 2.13278651566409 1.32306502192342 0.0649090941369614 3.53568205512615 -0.122517001831485
1636512878.18976 16.5600367799414 -0.311894473532744 1.39264306159188 1.2542787250263 0.0637096629406948 3.56067528344902 -0.122840294884797
1636512878.69002 17.1269581955981 -0.347157208112803 0.626778175053375 1.21057196999721 0.0618582724737747 3.57590709107632 -0.119790604771361
1636512879.29032 17.7793459292156 -0.394253783612168 -0.302956383722997 1.17605426331742 0.0790285134988162 3.58702995700137 -0.120992581506492
1636512879.79059 18.3297268496192 -0.428798858454697 -1.07672182824373 1.16529154545732 0.0697518996956291 3.59059504442896 -0.125019066204059
1636512880.29084 18.8769880876195 -0.463685991907488 -1.87055046678932 1.15679404172925 0.0730806413542212 3.59338230381932 -0.121912414851298
1636512880.79111 19.4185750453842 -0.504755495101667 -2.65682281283507 1.14747222583271 0.0760331057073648 3.59640685809743 -0.118980764103163
1636512881.29136 19.9623299868072 -0.533133795464344 -3.44334507910635 1.14211922337251 0.0690097460931885 3.59819202199242 -0.120779803092135
1636512881.89167 20.6182955140892 -0.573232739371307 -4.37623646633233 1.13949783433807 0.0612244236938937 3.59927260527697 -0.117495624611026
1636512882.39326 21.1642364304557 -0.606559280322159 -5.15487947753055 1.14087342090033 0.059505968471638 3.59898510780627 -0.113777521531692
1636512882.89218 21.7037277363074 -0.639681032830335 -5.94526531073932 1.14284483416764 0.062003426360104 3.5983185526661 -0.113741404478152
1636512883.39244 22.2587661754074 -0.677002079038334 -6.71293524804185 1.15926529960962 0.0656680809075426 3.59274485615801 -0.121442662350835
1636512883.89269 22.839568526638 -0.71180104964945 -7.45435208106108 1.20015766071703 0.0656047793678643 3.57900160578652 -0.129758859202803
1636512884.39295 23.4521610301935 -0.751620355884523 -8.18223819113525 1.26908002133012 0.0737455385118809 3.55501152169826 -0.129084580879107
1636512884.89425 24.1097027681887 -0.793959125187284 -8.8623467272272 1.35991384646725 0.0739239977153124 3.52140981687321 -0.124958904425529
1636512885.39348 24.7987651712355 -0.829722554365239 -9.48188535036953 1.47498994356488 0.0761923136540902 3.47480709586599 -0.122830361310505
1636512885.89372 25.5379910700754 -0.866128134588573 -10.0378430257046 1.62034335265555 0.0780181714690551 3.40952975033379 -0.119497780030451
1636512886.39398 26.3244614483572 -0.896362963630086 -10.5052336178296 1.77853007672668 0.0738371688221991 3.33015258835439 -0.110611167488794
1636512886.89491 27.1590812242268 -0.927404721403787 -10.8564847869738 1.97267409716712 0.0789084134991001 3.21912730095618 -0.10159745223825
1636512887.39574 28.0127162758594 -0.950572174213452 -11.0682637472393 2.19796973948932 0.0712966992932223 3.07001358106547 -0.0981563571578016
1636512887.89477 28.8245305782439 -0.97100292318765 -11.1409702736856 2.42588712004425 0.0765585523319312 2.89335717321641 -0.0920162511903998
1636512888.39505 29.6125847395252 -0.986750266268322 -11.0521994922282 2.65362357595882 0.0692055157450987 2.68641372058902 -0.0862907234574366
1636512888.89528 30.3801727487134 -0.999599018871929 -10.8282257947394 2.86590713242089 0.0558844478920798 2.45938843718992 -0.0750600110390536
1636512889.39554 31.1008720753462 -1.00461581845045 -10.503144930219 3.06482081936521 0.0466745144444173 2.20706449282062 -0.0658286627175661
1636512889.89579 31.7587992883666 -1.00993693791 -10.0716918931899 3.22829971928793 0.0486319545503332 1.96041366509324 -0.0571521703488766
1636512890.39605 32.358931309329 -1.00965062423431 -9.56765913162052 3.35890811011099 0.0459226430403057 1.72725486685317 -0.0546836084825294
1636512890.89631 32.8903871643458 -1.00050171467353 -8.9804741477254 3.46045581718164 0.0419291437844587 1.51307041463228 -0.0698402320837745
1636512891.39656 33.3953714002935 -0.983863924057339 -8.33302213160933 3.54157455956805 0.0363401020096193 1.31283711022367 -0.0562139790766782
1636512891.89685 33.8475858399103 -0.972548645788556 -7.60326325763958 3.60536396118555 0.0160651444424524 1.12688187308552 -0.0447450114262755
1636512892.49719 34.2754449001474 -0.962319966388526 -6.68172420428537 3.66631798955358 0.00571396856508791 0.90935036896987 -0.0439762425763951
1636512892.9974 34.5558287224378 -0.941954171113216 -5.87800694527549 3.7068142072313 0.00175870801282538 0.727462652992874 -0.0331010865780317
1636512893.49765 34.7452892326323 -0.914078759806342 -5.03787635152476 3.7384408176442 -0.00270297445566623 0.542103434211051 -0.0308069299868026
1636512893.99791 34.8463398711534 -0.894743266594016 -4.20084634569392 3.7614705600813 -0.00267967954421796 0.348445130224844 -0.0262733629290586
1636512894.49817 34.8504608483011 -0.86527817142674 -3.36931309062633 3.77524031684999 -0.00815100529571088 0.134878230375287 -0.00861554012696248
1636512894.99845 34.7329142434299 -0.832368088118693 -2.56469124161204 3.77606256860191 -0.00922180782913137 -0.109716955837106 -0.000937701173820538
1636512895.49869 34.49551114632 -0.798596392601836 -1.81237459887943 3.75871007498737 -0.0141606155781692 -0.377564623370219 0.0107358163153399
1636512895.99894 34.1381169272627 -0.769654019345313 -1.11002761980828 3.71700282438888 -0.0203085445825468 -0.673289881713921 0.0305050012537484
1636512896.4992 33.6736000534573 -0.737895244518246 -0.513554604693024 3.64390536663551 -0.0288568125864663 -0.994850401001919 0.0465391922619216
1636512896.99946 33.1132754777287 -0.707124776548981 0.000702025276953989 3.54641911150229 -0.0297629416148022 -1.30018595571092 0.0481080748691941
1636512897.49971 32.483012253133 -0.671411983720638 0.496928261135059 3.44944400085553 -0.037917475802166 -1.53867324440509 0.056171615254646
1636512897.99997 31.7874516706562 -0.642288788426621 0.922335921069754 3.35353363650693 -0.0506895306006532 -1.73706143606909 0.0680627728163868
1636512898.50023 31.0225286485712 -0.605188130040442 1.28960120357622 3.25640491720499 -0.0573437216548744 -1.91286663368752 0.065208955923966
1636512899.10054 30.034779777747 -0.565402687999715 1.65169493312384 3.14117433691119 -0.0609822191791791 -2.09665130040266 0.0642692151201285
1636512899.6008 29.1703022612122 -0.533946574092043 1.88519798349119 3.04949988993169 -0.0688796178715215 -2.22762505420604 0.0653061317167412
1636512900.20111 28.1090092216581 -0.497537289084524 2.03858762028762 2.9216987027532 -0.0675038140562705 -2.3927711899395 0.0673662484588489
1636512900.70137 27.2249989590465 -0.470130772228036 2.05710443345472 2.79045248087185 -0.0639372096104067 -2.54459338364056 0.0714405387287254
1636512901.20163 26.3685685139265 -0.452005845617625 1.96935374395435 2.63681720186872 -0.0649546494255719 -2.7032317411811 0.0792864700690032
1636512901.80196 25.3428353645588 -0.432600679113228 1.73181925928199 2.43330164655848 -0.0647903215651525 -2.88763287373961 0.0848171621984364
1636512902.30219 24.5296764610534 -0.415007124556116 1.43108938798505 2.25376834013505 -0.0634955414176672 -3.02951679777403 0.0964199701709367
1636512902.90319 23.6058576476052 -0.406129861189928 0.936946761631494 2.03018865903975 -0.0606694212060201 -3.18331873065829 0.109120770226183
1636512903.40276 22.8741254150988 -0.39042259815798 0.457622581862374 1.83931896531751 -0.0678362204065347 -3.29680920200726 0.118850031562051
1636512904.00306 22.0883041593295 -0.416574121038256 -0.175648743121028 1.64071096511682 -0.0683397015362086 -3.39986174743757 0.122920974076476
1636512904.60337 21.3571835370206 -0.442970957859881 -0.899900064759537 1.47533704923992 -0.0589571801409058 -3.475101722973 0.119770240284086
1636512905.20368 20.6356893758042 -0.475649552970267 -1.68075507142321 1.3418622959336 -0.0768381734200674 -3.52831419349963 0.123582681732245
1636512905.804 19.9463979099281 -0.51209615700943 -2.50654319105851 1.26469927065187 -0.065320675606322 -3.55750631482009 0.105782973979323
1636512906.40431 19.229121164302 -0.522731959704713 -3.32815098883432 1.2667823811786 -0.0716703087094582 -3.5566276022772 0.1062926042708
1636512906.90456 18.5999524754314 -0.527212728236333 -4.03348165286112 1.30084942609876 -0.071562856649346 -3.5444702916216 0.100856994781693
1636512907.50487 17.802919387926 -0.530823225970107 -4.86086625208622 1.36684794693231 -0.0699222195993702 -3.5197592518991 0.0943643749605081
1636512908.10518 16.9688504195133 -0.543362670155838 -5.66617436828217 1.43611856833876 -0.0681795837104651 -3.492018761968 0.0974280325110815
1636512908.70549 16.1197417784649 -0.539222630723944 -6.41185434915631 1.51271253625793 -0.0594922001730355 -3.45954615234879 0.102343216449089
1636512909.20575 15.3591851092699 -0.531021671584268 -6.95327763207244 1.58081028779276 -0.0561811320305694 -3.42904803655541 0.101411689787653
1636512909.80702 14.4254825825618 -0.543679798478563 -7.64390037278428 1.66835843852334 -0.0610371687568184 -3.38737777450656 0.096429512260758
1636512910.30632 13.6394392660028 -0.5451052107516 -8.17763839517335 1.73150160381373 -0.0554561203948041 -3.35569434260675 0.0944168794025371
1636512910.90662 12.6863776068225 -0.537771424930164 -8.78074403870902 1.78843956769697 -0.049911572499141 -3.32575626524936 0.095447709238775
1636512911.40688 11.866986323941 -0.539118498772129 -9.2544328358447 1.83927283023657 -0.0507641947443714 -3.29793584598827 0.0942860628564261
1636512912.00718 10.8531833992564 -0.535583060169736 -9.76878265880674 1.92028612805318 -0.0552917143141642 -3.25129511738949 0.0964174558459352
1636512912.50744 9.99889476612694 -0.527398941599676 -10.1584617250681 1.99581194361359 -0.0531920096040139 -3.20573071542629 0.089264379423519
1636512913.0077 9.10696363480634 -0.515907377678304 -10.4614904082378 2.09346871824249 -0.0607985555581076 -3.14287758298234 0.0823711914872543
1636512913.50796 8.18845380486562 -0.500751039342539 -10.6977482982375 2.2134997237035 -0.0650228455569398 -3.05959508775847 0.0764274499263512
1636512914.10844 7.06159091402954 -0.473040367813739 -10.8891625500942 2.37084672528399 -0.0591702011796101 -2.93968287670996 0.0679818380053052
1636512914.6087 6.11431781569995 -0.448670722848902 -10.9536412020141 2.51138426034722 -0.0496531409040886 -2.82102888121538 0.0552446128148804
1636512915.20918 5.0075474813983 -0.416537360947511 -10.848892400157 2.71870691387819 -0.0340878222760645 -2.62217434279145 0.04944397058697
1636512915.70945 4.12253167246585 -0.391167680323721 -10.6113700176642 2.88864195327742 -0.0234006849139855 -2.43396809605965 0.0420907886915098
1636512916.30975 3.16042004024472 -0.353313299694701 -10.1622410472555 3.0852373679488 -0.0192400487734254 -2.17938638412874 0.044580780921633
1636512916.81001 2.44024206819766 -0.330165484355152 -9.69559016510259 3.22858360464505 -0.0181927084546402 -1.96104671258303 0.031384353765862
1636512917.41033 1.6952525361693 -0.293927601417385 -9.02359293444573 3.37928446071766 -0.00477545437273087 -1.68850854272168 0.0111751134837296
1636512918.01081 1.1164436124899 -0.263789271634873 -8.23556311206809 3.51414247199283 -0.00793944539016924 -1.3861454725454 0.0106129214944167
1636512918.61111 0.666985057809534 -0.229657723352397 -7.36123916583596 3.62093929712714 -0.0101394764692204 -1.07675284074255 0.00844813044136826
1636512919.11137 0.368374163239585 -0.19640068046275 -6.58053510609192 3.68190105321596 -0.00601697211989351 -0.845181014274572 -0.00312040082152331
1636512919.71215 0.13542137606856 -0.162259068959771 -5.59772436183149 3.73308908232292 -0.00681981109717303 -0.578566555381575 -0.00569104820402846
1636512920.31199 0.0315290927769969 -0.128632322359004 -4.57970722552241 3.76323382423841 -0.00840174423692944 -0.32980562299613 -0.00104845582176792
1636512920.81225 0.00882018969281773 -0.10018474086007 -3.70099637976108 3.77344648016657 -0.00483582855295389 -0.178370685927316 0.00586752932139519
1636512921.41257 -0.00603664982926544 -0.0688440784337318 -2.63669201167608 3.77710460521303 0.00402503814498928 -0.0650908182749762 -0.000197839665422864
1636512922.01319 -0.00210290466433599 -0.0355037359404473 -1.56719674755341 3.77765452302789 0.00471052628393911 -0.00742521580061258 0.00460816418244907
1636512922.51315 -0.0260713466171332 -0.0070456450066939 -0.709457033912126 3.77760429983159 0.00302880267872213 -0.0206801894802445 -0.00641587320841437
1636512923.11344 -0.0184708252171251 0.000233560320644092 0.0778630357048518 3.77758819808134 -0.00691507077851953 -0.0234846161245104 -0.000560121398557972
1636512923.71374 -0.0274921282952121 0.0137476052510939 0.443363662071833 3.77759940534391 -0.00252154788532781 -0.0225517515303895 0.000215551146472267
1636512924.214 -0.0289532336789052 0.0108570547671752 0.459158446624798 3.77759615793078 0.00394575536548046 -0.022886995470859 -0.000370752374053877
1636512924.71431 -0.0295651673230189 0.0113102554963952 0.459391719396442 3.77759844605227 0.00352205906805042 -0.0225740776375971 -0.000489816260263159
