1636512861.08095 -0.000575558258059912 0.00108822982660881 0.00019726968760126 3.77341341964235 0.000147721697581226 4.18544355648982e-05 -8.81263564253787e-06
1636512861.5812 0.00454983277133808 0.00187094284585547 -0.000666809737866904 3.773413327714 3.11275141168572e-06 -0.000813690035778894 0.000235196305826004
1636512862.08146 0.00929288312086098 -0.00209508505358555 0.00527079805779174 3.77341181825933 0.00300632595732957 -0.00163704669634082 -0.000625372915813737
1636512862.68176 0.00499842120844883 0.00275966575151879 0.139922226700764 3.77340628253386 0.00688505897893957 -0.00160212564682721 -0.00197870623653147
1636512863.38225 0.00109793817093661 0.016942631197691 0.494065081476225 3.77339967693323 0.0100276490624619 0.000416412204630945 -0.00173498225968656
1636512864.18254 0.051962476379356 0.0331625487013989 1.13404042903262 3.77327727831239 0.0101667679509799 0.0302719658848008 -0.00277219595793318
1636512864.68279 0.109045862209777 0.046962743414698 1.64684097367924 3.77222460925129 0.0106126749152262 0.0935858409693963 -0.00997085995548439
1636512865.18307 0.216875432492038 0.0618961646616403 2.21744262100424 3.76872538567336 0.0160089429091144 0.18711719841146 -0.00941776910250743
1636512865.68331 0.36472136591455 0.0743286853202217 2.86552786707962 3.76128606551864 0.0134457341405558 0.301005815108465 -0.0243044034640799
1636512866.18357 0.591770524294335 0.0956322961689731 3.561645612137 3.74766157563184 0.00849538386875862 0.43903890748801 -0.0292273824595741
1636512866.68383 0.904801055203808 0.116931753436751 4.28451198127849 3.72535204044691 0.0122793124740577 0.599604008084876 -0.026931132539022
1636512867.18409 1.2987197179356 0.130761613363263 5.01779262598927 3.69257797369878 0.0120862546232895 0.775874720196353 -0.0372707439169475
1636512867.68435 1.78334108941126 0.144868460332174 5.69850538623383 3.6421518185613 0.0114918849084645 0.985063786693607 -0.0538169347402734
1636512868.18526 2.33556977272358 0.156582094079613 6.30168339530833 3.57436633240822 0.0182781959548983 1.20727267905033 -0.0686495950895366
1636512868.68485 2.94914467835171 0.153383478372277 6.82985602115925 3.49408775389893 0.0205156611530147 1.42246012884242 -0.0786505991249271
1636512869.18512 3.64340155599707 0.148719449053807 7.24999580483758 3.4000442231797 0.0384111937051155 1.63462817683503 -0.0697383919058015
1636512869.68538 4.37540378502105 0.140295377675904 7.6008458715025 3.28934356417723 0.0334986851718109 1.84703764353997 -0.0787245668899511
1636512870.18564 5.15335830999382 0.11917984928521 7.84939278645719 3.16435477635943 0.0376029716384991 2.05388050028407 -0.0752902091653733
1636512870.68589 5.95091527633616 0.108291075504742 8.00397346117789 3.0279686420247 0.0386266497541837 2.25000810267676 -0.0776291306203774
1636512871.18615 6.77105318448213 0.100792483200882 8.06829912912198 2.87817888445987 0.0426373564689544 2.43829779890776 -0.0872987280108517
1636512871.6864 7.58477393629586 0.0829841148619467 8.00985228871518 2.71401553741129 0.0429079061581596 2.61963755328505 -0.0917960940673556
1636512872.18666 8.39383074975473 0.0673053174579952 7.84895353437544 2.53764559434132 0.0468457738108707 2.79086143706062 -0.0888909968006612
1636512872.68693 9.19629673117678 0.0398014624899577 7.58246889386423 2.35582527248019 0.0422894077533968 2.94597384943784 -0.0904755721286881
1636512873.18854 9.96928606298115 0.0136501764510223 7.25388078520466 2.18210636715132 0.0398332269459539 3.07656977911246 -0.100957267736175
1636512873.68744 10.7091241894969 -0.00994736962725808 6.83791515884826 2.02410948934988 0.051685094470796 3.18227650504707 -0.109884169682429
1636512874.1877 11.4440707735978 -0.0368450382806492 6.37591415379568 1.89241572819334 0.0528572338351381 3.26172461702754 -0.125579482330495
1636512874.68925 12.1600453963488 -0.0677809689379558 5.88499019225972 1.79470504397924 0.0469160179753332 3.31618680100095 -0.135597390933569
1636512875.18821 12.8620555321441 -0.0918618576057711 5.34183881052523 1.7227424540055 0.052004874293651 3.35422304004521 -0.131493676786406
1636512875.68847 13.53265002627 -0.138242178286672 4.75448339373866 1.65384344065184 0.0583708171216121 3.38875784682303 -0.12792121131723
1636512876.18873 14.183195118533 -0.172567290859356 4.15549605973538 1.57263171823159 0.0507797592960786 3.42741207021507 -0.125484082615921
1636512876.68898 14.8063773201248 -0.202764227781468 3.51031381665643 1.48609290451459 0.0531847808208071 3.46582714938273 -0.12405759964688
1636512877.18924 15.3992996926561 -0.244661415599594 2.83474296223309 1.4018508862181 0.0609774482849692 3.50077795958951 -0.11957583556312
1636512877.68951 15.9663756477187 -0.278608246253323 2.13038472060102 1.32157507859602 0.0648359980531756 3.53170041718808 -0.122379031749633
1636512878.18976 16.5413880242923 -0.31154323978233 1.39107476434066 1.25286624401737 0.0636379175724656 3.55666549988458 -0.12270196073291
1636512878.69002 17.1076710126863 -0.346766263936052 0.626072341292975 1.2092087084801 0.061788612012052 3.57188015451504 -0.119655704967265
1636512879.29032 17.759324072849 -0.393809802564782 -0.302615215424432 1.17472987322831 0.0789395171120851 3.58299049464613 -0.120856328120232
1636512879.79059 18.3090851927392 -0.428315975159196 -1.07550929939831 1.16397927558861 0.0696733499828013 3.5865515673215 -0.124878278472238
1636512880.29084 18.8557301433942 -0.463163821161379 -1.86844398363062 1.15549134115514 0.0729983430452619 3.58933568789521 -0.121775125613034
1636512880.79111 19.3967072037914 -0.504187074752379 -2.65383088473142 1.14618002283594 0.0759474825394685 3.59235683613174 -0.118846776285009
1636512881.29136 19.9398498064153 -0.532533417457218 -3.43946742461506 1.14083304855287 0.0689320321418611 3.59413998969997 -0.120643789322049
1636512881.89167 20.5950766311814 -0.572587204737016 -4.37130825478258 1.13821461154348 0.0611554770283521 3.59521935610716 -0.117363309253136
1636512882.39326 21.1404027470566 -0.605876215667429 -5.14907441265936 1.13958864901633 0.0594389570102243 3.59493218239602 -0.113649393241544
1636512882.89218 21.6792865155174 -0.638960668773592 -5.93857016860152 1.14155784221585 0.0619336024362226 3.59426637788365 -0.113613316860504
1636512883.39244 22.2336999091321 -0.676239686628602 -6.70537560969126 1.15795981607766 0.0655941301059193 3.58869895808289 -0.121305902114995
1636512883.89269 22.8138482013607 -0.71099946907194 -7.4459575109083 1.19880612706692 0.0655308998520094 3.57497118439912 -0.129612733847484
1636512884.39295 23.4257508460673 -0.750773933588243 -8.17302392653448 1.26765087213611 0.0736624914422281 3.55100811626633 -0.128939214848894
1636512884.89425 24.0825521065283 -0.793065023929073 -8.85236657194194 1.35838240656989 0.0738407496773814 3.51744425133203 -0.124818184443697
1636512885.39348 24.7708385356717 -0.82878817883344 -9.47120751400109 1.47332891301235 0.0761065111973352 3.47089401105105 -0.122692038345115
1636512885.89372 25.5092319699863 -0.865152761637573 -10.0265391086713 1.61851863525589 0.0779303128588813 3.40569017630161 -0.119363209985106
1636512886.39398 26.2948166803131 -0.895353542328446 -10.4934033581883 1.77652722049779 0.073754018564897 3.32640240333249 -0.110486604925198
1636512886.89491 27.1284965657424 -0.926360343044785 -10.8442589728231 1.97045260951572 0.0788195523605921 3.21550214485076 -0.101483040290587
1636512887.39574 27.9811703132605 -0.949501706288817 -11.0557994424298 2.19549453963678 0.0712164099350902 3.06655634640631 -0.098045820330839
1636512887.89477 28.7920704071346 -0.969909447581908 -11.1284240918691 2.42315525557227 0.0764723374427823 2.89009887665308 -0.0919126289215005
1636512888.39505 29.5792371169152 -0.985639057105756 -11.0397532778595 2.65063525061207 0.0691275813316763 2.68338846927386 -0.0861935488775777
1636512888.89528 30.3459607221523 -0.998473340342485 -10.8160318038901 2.86267974817437 0.0558215147339491 2.45661884587676 -0.0749754837023403
1636512889.39554 31.0658484475902 -1.00348449035206 -10.4913170227117 3.06136943243123 0.0466219528694353 2.20457905109273 -0.0657545310799352
1636512889.89579 31.7230347489814 -1.0087996175389 -10.0603498579284 3.22466423384626 0.0485771886431558 1.95820598428327 -0.0570878095703461
1636512890.39605 32.3224909432192 -1.00851362628965 -9.55688470281639 3.35512554263088 0.0458709281703329 1.7253097531808 -0.0546220276257867
1636512890.89631 32.8533483098081 -0.999375019591183 -8.97036096559789 3.45655889377341 0.0418819261141479 1.51136650051558 -0.0697615828971868
1636512891.39656 33.3577638678146 -0.982755965291577 -8.32363806467665 3.53758628590345 0.036299178327405 1.31135868485536 -0.0561506748235661
1636512891.89685 33.8094690551454 -0.971453429498088 -7.59470099413066 3.60130385235659 0.0160470529999541 1.12561285750447 -0.044694622722694
1636512892.49719 34.2368462904221 -0.961236268921674 -6.67419971363019 3.6621892385594 0.00570753389317426 0.908326322160333 -0.0439267196065449
1636512892.9974 34.5169143640545 -0.940893408181156 -5.8713875448066 3.702639852228 0.00175672747881902 0.726643435412638 -0.033063810448545
1636512893.49765 34.7061615170682 -0.913049388213624 -5.03220304739396 3.73423084696339 -0.00269993055480905 0.541492955223869 -0.0307722373760762
1636512893.99791 34.8070983594251 -0.893735669281939 -4.19611564623587 3.75723465491464 -0.00267666187646143 0.348052735680253 -0.0262437757045945
1636512894.49817 34.8112146958164 -0.864303755644829 -3.36551880578462 3.77098890514596 -0.00814182620341332 0.134726339942066 -0.00860583790801529
1636512894.99845 34.6938004637135 -0.831430733371739 -2.56180306564265 3.77181023093545 -0.00921142287388439 -0.109593400272155 -0.000936645200316687
1636512895.49869 34.4566647133738 -0.797697069177271 -1.81033362931588 3.75447727848604 -0.0141446688829253 -0.377139436488297 0.0107237263895856
1636512895.99894 34.0996729666993 -0.768787288798042 -1.10877758430892 3.71281699567726 -0.0202856745194822 -0.672531669721283 0.0304706486540522
1636512896.4992 33.6356791993212 -0.737064278482814 -0.512976275401692 3.6398018551703 -0.0288243160616164 -0.993730070033926 0.0464867830773207
1636512896.99946 33.0759856219554 -0.706328462063301 0.000701234705168228 3.54242538224199 -0.0297294246707913 -1.29872177718834 0.0480538989186872
1636512897.49971 32.4464321557393 -0.67065588648543 0.496368655269434 3.44555947818496 -0.0378747757918665 -1.53694049817149 0.0561083587087085
1636512897.99997 31.7516548649612 -0.641565487697844 0.921297250839309 3.34975712138325 -0.0506324475951805 -1.73510527892408 0.0679861252801573
1636512898.50023 30.9875932457051 -0.604506609479297 1.28814894486147 3.25273778165436 -0.0572791451646551 -1.91071249702014 0.0651355221568001
1636512899.10054 30.0009567086022 -0.564765971021851 1.64983490976616 3.1376369659839 -0.0609135452674286 -2.09429019829268 0.0641968396233552
1636512899.6008 29.1374527062077 -0.533345280790451 1.88307500532324 3.0460657563573 -0.0688020504614996 -2.22511645861137 0.0652325885169914
1636512900.20111 28.0773548206759 -0.496976997374201 2.03629190543474 2.91840848994075 -0.0674277959803179 -2.39007661831275 0.0672903852996544
1636512900.70137 27.1943400686177 -0.469601343820908 2.05478786626143 2.78731006837859 -0.0638652079950267 -2.5417278404737 0.0713600873886775
1636512901.20163 26.3388740755888 -0.451496828235666 1.9671359954526 2.63384780268547 -0.064881502040605 -2.70018755058696 0.0791971831896175
1636512901.80196 25.3142960351812 -0.4321135144731 1.72986900550998 2.43056143236511 -0.0647173592347333 -2.88438102348213 0.0847216470402453
1636512902.30219 24.502052854382 -0.414539772547101 1.42947779516897 2.25123030379955 -0.0634240371781272 -3.02610516776093 0.0963113887416016
1636512902.90319 23.5792743810939 -0.405672506134275 0.935891637693906 2.02790240250983 -0.0606010995454782 -3.17973389966123 0.108997886043785
1636512903.40276 22.8483661742698 -0.3899829315238 0.457107239304743 1.83724765289226 -0.0677598279977901 -3.29309656597591 0.118716190965745
1636512904.00306 22.063429855459 -0.416105004387357 -0.175450939786769 1.63886331113598 -0.0682627421422161 -3.39603306083433 0.122782549069325
1636512904.60337 21.3331325700798 -0.442472114936853 -0.898886660221896 1.47367562780126 -0.0588907866865423 -3.47118830636961 0.119635363413052
1636512905.20368 20.6124509051454 -0.475113909698105 -1.67886232256949 1.3403511844304 -0.0767516436411984 -3.52434085273221 0.123443511556193
1636512905.804 19.9239356711273 -0.511519470119914 -2.50372049735831 1.263275054753 -0.0652471160282606 -3.55350009992657 0.1056638485897
1636512906.40431 19.2074666724247 -0.522143295517789 -3.32440305787385 1.26535581942629 -0.0715895986185219 -3.55262237692831 0.106172904971173
1636512906.90456 18.579006509344 -0.526619018121155 -4.02893942781907 1.29938450042221 -0.0714822675634076 -3.540478756986 0.10074341668545
1636512907.50487 17.7828709847783 -0.530225449964805 -4.85539228435398 1.36530869833579 -0.0698434780841745 -3.51579554510881 0.0942581083987848
1636512908.10518 16.949741286525 -0.542750773105172 -5.6597935188515 1.43450131201137 -0.0681028046299735 -3.48808629457802 0.0973183158724162
1636512908.70549 16.1015888522638 -0.538615395896241 -6.40463376706439 1.51100902515884 -0.0594252042165171 -3.45565025334149 0.102227964673911
1636512909.20575 15.3418886688165 -0.530423672103389 -6.94544733693218 1.57903008976685 -0.0561178647675041 -3.42518648239388 0.101297487032675
1636512909.80702 14.4092376126154 -0.543067544300152 -7.63529234659737 1.66647964989089 -0.0609684329646953 -3.38356314648084 0.0963209200857884
1636512910.30632 13.6240794830844 -0.544491351373543 -8.1684293105412 1.7295517077631 -0.0553936695891549 -3.35191539424692 0.094310553713982
1636512910.90662 12.6720910953126 -0.537165824348967 -8.77085577866643 1.78642555209216 -0.0498553655756923 -3.32201103105917 0.0953402227017273
1636512911.40688 11.8536225536072 -0.53851138121055 -9.24401114059609 1.83720156976542 -0.0507070276573601 -3.29422194120922 0.0941798844843193
1636512912.00718 10.8409613028978 -0.534979923971936 -9.75778173874757 1.91812363606996 -0.0552294486511488 -3.24763373613817 0.0963088772480571
1636512912.50744 9.98763470990049 -0.526805021784028 -10.1470219756884 1.99356439973718 -0.0531321084816451 -3.20212064561889 0.0891638561202102
1636512913.0077 9.09670800906182 -0.515326398858527 -10.4497094091409 2.09111120013403 -0.0607300884754866 -3.13933829397841 0.0822784308102714
1636512913.50796 8.17923254067522 -0.50018712853136 -10.6857012420226 2.2110070350685 -0.0649496213742576 -3.05614958567807 0.0763413826755656
1636512914.10844 7.05363864404371 -0.472507662823483 -10.8768999365313 2.36817684345651 -0.0591035678358459 -2.93637241137815 0.0679052816122016
1636512914.6087 6.10743229845014 -0.448165461249034 -10.9413059771013 2.50855611497324 -0.0495972250082344 -2.81785203571776 0.0551824001942804
1636512915.20918 5.00190833152064 -0.416068285693256 -10.8366751360215 2.71564529622648 -0.034049434953821 -2.61922143337236 0.0493882902441031
1636512915.70945 4.11788916551752 -0.390727174630098 -10.5994202346299 2.88538896666512 -0.0233743326986625 -2.43122713135745 0.0420433889880058
1636512916.30975 3.15686099615187 -0.352915422958005 -10.1507970418673 3.0817629893252 -0.0192183819756387 -2.17693211155178 0.0445305771629639
1636512916.81001 2.43749403818667 -0.329793675069743 -9.68467166931268 3.22494779951155 -0.0181722210982971 -1.95883831887924 0.0313490109008454
1636512917.41033 1.69334346128434 -0.293596600702218 -9.01343119495522 3.37547894681609 -0.00477007658988572 -1.68660706245065 0.0111625288522172
1636512918.01081 1.11518635174816 -0.263492210599627 -8.2262887966695 3.51018509042738 -0.00793050454184638 -1.3845844924247 0.0106009699642177
1636512918.61111 0.666233945868784 -0.229399098880566 -7.35294945293845 3.61686164844378 -0.0101280580997085 -1.07554027697302 0.00843861674750477
1636512919.11137 0.367959326011325 -0.1961795077475 -6.57312456752462 3.67775475366495 -0.00601019622656053 -0.84422923050598 -0.0031168868442767
1636512919.71215 0.135268873982633 -0.162076344140431 -5.5914205960125 3.72888513839227 -0.00681213110271323 -0.5779150141766 -0.005684639343423
1636512920.31199 0.0314935869170252 -0.128487465630718 -4.57454987942905 3.75899593340694 -0.00839228277996635 -0.329434218961425 -0.00104727512412282
1636512920.81225 0.00881025701183728 -0.100071919809194 -3.69682857638834 3.769197088556 -0.00483038278092795 -0.178169817331369 0.00586092172009378
1636512921.41257 -0.0060298517762719 -0.0687665510457401 -2.63372275347328 3.77285109407778 0.00402050542843547 -0.0650175175461711 -0.000197616872223356
1636512922.01319 -0.00210053652012474 -0.0354637541152267 -1.56543188014475 3.77340039261365 0.00470522161856819 -0.00741685404170182 0.00460297479012034
1636512922.51315 -0.0260419868893158 -0.00703771069387408 -0.70865809300126 3.7733502259752 0.00302539185289998 -0.0206569008966792 -0.00640864810056413
1636512923.11344 -0.0184500246651283 0.000233297301340035 0.0777753517977295 3.77333414235761 -0.00690728350926655 -0.0234581693917261 -0.000559490628999043
1636512923.71374 -0.0274611685824009 0.0137321236592053 0.442864376912776 3.77334533699935 -0.00251870829438995 -0.0225263553244911 0.000215308407841076
1636512924.214 -0.0289206285713621 0.0108448283111527 0.458641374483649 3.77334209324322 0.00394131193164999 -0.022861221736673 -0.000370334858650867
1636512924.71431 -0.0295318730985882 0.0112975186773964 0.458874384559807 3.773344378788 0.00351809277136796 -0.0225486562895976 -0.00048926466343569
