1636513397.655211 2.5694545451804784 0.21447265693184486 2.9575684900700128 -0.339832 -0.0173132 -0.937388 0.0742854
1636513397.722053 2.5723867698570584 0.21385927052497006 2.954303371655615 -0.339783 -0.017312 -0.937395 0.0744211
1636513397.789075 2.5760968419396613 0.21328295797910504 2.950288410529566 -0.339758 -0.0172823 -0.937387 0.0746368
1636513397.923840 2.5844748050518422 0.21230883271111822 2.940084551717569 -0.339743 -0.0170888 -0.937387 0.0747579
1636513397.990109 2.5896697373373425 0.21128270929239532 2.933999864101135 -0.339751 -0.0168021 -0.937406 0.0745513
1636513398.057117 2.595955994148405 0.2098878643251742 2.9271488216218815 -0.339786 -0.0165209 -0.937413 0.0743562
1636513400.066772 2.9704863787762905 0.1333244992607928 2.423653675457072 -0.317224 -0.0178503 -0.945383 0.0728146
1636513398.258141 2.616391965792838 0.20564031668337912 2.902854636961203 -0.33989 -0.0157767 -0.937405 0.0741455
1636513398.325094 2.6246570728396756 0.20429253983225915 2.893348391973189 -0.339845 -0.0156017 -0.937421 0.0741865
1636513398.391798 2.633050817483827 0.2027689251696273 2.8829644215883894 -0.339798 -0.0154276 -0.937437 0.0742396
1636513398.459147 2.6417942642084986 0.20130522000270445 2.8720069395519503 -0.3397 -0.0153754 -0.937472 0.0742491
1636513398.593121 2.6617785438047177 0.19770966360334175 2.8477642982831988 -0.339268 -0.0151164 -0.937634 0.0742396
1636513398.660079 2.672854075825331 0.19552412810915476 2.8347538816578846 -0.33905 -0.0152425 -0.937718 0.0741475
1636513398.727051 2.6841103147650314 0.19345091905326858 2.820851922935233 -0.338997 -0.0154607 -0.937739 0.0740782
1636513398.793957 2.6947630968043983 0.191334940047254 2.8061930722465327 -0.338912 -0.0155391 -0.937771 0.0740424
1636513398.861212 2.705897522241612 0.18832815757045918 2.7910837052243442 -0.338598 -0.015528 -0.937893 0.073942
1636513398.927838 2.717678847126972 0.18558100421960438 2.7750327387740015 -0.338077 -0.0158599 -0.938086 0.0738085
1636513399.061996 2.742074622924743 0.17989865111150427 2.741492245464657 -0.33666 -0.0170774 -0.938592 0.0735812
1636513399.128873 2.754838346592145 0.1776819519832165 2.723972487506258 -0.335925 -0.0177986 -0.938834 0.0736796
1636513399.195914 2.768352031673495 0.1754952690475261 2.706096059103652 -0.335199 -0.0181619 -0.93908 0.0737552
1636513399.262934 2.7817017885310533 0.17278376569399645 2.6876585344080604 -0.334439 -0.0182574 -0.939348 0.0737778
1636513399.329808 2.7957817229018866 0.1704325390315457 2.6687622883773945 -0.333546 -0.0180894 -0.939665 0.0738166
1636513399.664715 2.872969095016601 0.1553392513434505 2.565389345270842 -0.328165 -0.0176629 -0.941581 0.0736323
1636513399.731653 2.8886484025396846 0.15200783035765875 2.5427578837010416 -0.326724 -0.0176753 -0.942108 0.0732904
1636513399.798856 2.905331149357619 0.1482718218945757 2.5197706395240043 -0.325087 -0.0176713 -0.9427 0.0729506
1636513399.865843 2.9214693653457644 0.14417785218742946 2.4964346550861496 -0.323383 -0.0175917 -0.943301 0.0727854
1636513399.932723 2.937522925240324 0.14047658138717584 2.4725154287420192 -0.321519 -0.0175794 -0.943932 0.0728609
1636513398.191139 2.6095652881600064 0.20742217980082212 2.9116919591970265 -0.339862 -0.0160012 -0.937404 0.0742393
1636513400.133668 2.9876347861891275 0.12944625888481268 2.398318554229574 -0.314938 -0.0181654 -0.946157 0.0726037
1636513400.200572 3.0043320384899426 0.12567427391468422 2.372909740599867 -0.312677 -0.0185661 -0.946911 0.072442
1636513400.267733 3.0207182050551555 0.12172189171851484 2.3467055504768126 -0.310428 -0.0189696 -0.94766 0.072213
1636513400.334583 3.0375726333320627 0.11773578947830042 2.3199647449688423 -0.308082 -0.0191521 -0.94843 0.072102
1636513400.401556 3.0540210887730184 0.11343411018636652 2.293103906680345 -0.305518 -0.0190603 -0.949252 0.0722192
1636513400.468779 3.070608187042432 0.10986551345283739 2.265987147054295 -0.302631 -0.0189234 -0.950162 0.0724517
1636513400.535630 3.0870006780407397 0.10628731834165422 2.2398691530016293 -0.29941 -0.0183979 -0.95119 0.0724769
1636513400.602703 3.105049871376375 0.1021592951951488 2.212693286223358 -0.296131 -0.0177954 -0.952236 0.0723646
1636513400.669474 3.12243495120426 0.09691018989187947 2.1845987791248196 -0.293023 -0.0176092 -0.953217 0.0721477
1636513400.736573 3.1376322807930324 0.09150583420520156 2.155715833410819 -0.289823 -0.018221 -0.954193 0.0720187
1636513400.803369 3.1519238771277505 0.08684468085634824 2.1271038362832195 -0.286188 -0.0191901 -0.95527 0.0720185
1636513400.870646 3.166509552434352 0.0835285324408331 2.0979488025130064 -0.282238 -0.0200954 -0.956418 0.0721351
1636513401.004435 3.197809256465188 0.07617561308771012 2.0395421285114335 -0.274207 -0.0208781 -0.958732 0.0721571
1636513401.071474 3.213714362222793 0.07181744667186209 2.0095350971936052 -0.270154 -0.0205156 -0.959883 0.0722511
1636513401.138566 3.22963365897665 0.06704432067481668 1.9805133547622675 -0.265822 -0.0196681 -0.961083 0.072609
1636513401.205632 3.245306795547621 0.06301369396963957 1.9510339694604415 -0.2613 -0.0187049 -0.962296 0.0732081
1636513401.272371 3.2612397629880174 0.05933922050449279 1.9207333731358374 -0.256731 -0.017974 -0.9635 0.0737125
1636513401.339462 3.2754938645162888 0.055686933376467906 1.8902918456644293 -0.252192 -0.017691 -0.964695 0.0738301
1636513401.406343 3.289106670884051 0.05168826861332333 1.8586627401366203 -0.247415 -0.0178901 -0.965939 0.0736763
1636513401.473428 3.302035215604144 0.04707484769172836 1.826617777599273 -0.242323 -0.0185758 -0.96724 0.0733616
1636513401.540339 3.3151233520083365 0.04300928153408144 1.7941665806566858 -0.237072 -0.0195174 -0.968532 0.0732199
1636513401.607373 3.3276999344481255 0.03908800148512623 1.761725353173456 -0.231853 -0.0204772 -0.969778 0.0731817
1636513401.674461 3.34016259780621 0.03512699326911914 1.72869678868278 -0.226795 -0.0213225 -0.970959 0.0731263
1636513401.741312 3.3523796260343883 0.031082593081295615 1.695947445238435 -0.221774 -0.0216839 -0.972113 0.0730937
1636513401.808391 3.363938562429932 0.02631912630946863 1.6631896705213016 -0.21662 -0.021664 -0.973278 0.0730538
1636513401.875243 3.3757215701286594 0.02257699723226525 1.6299879188325628 -0.211294 -0.021607 -0.974445 0.0731066
1636513401.942395 3.3875307033323034 0.0185938545655785 1.5965582815418662 -0.206039 -0.0215169 -0.97558 0.0729907
1636513402.009087 3.398319985935974 0.014745573192374352 1.5625353179246686 -0.200956 -0.0214528 -0.97665 0.0728772
1636513402.143227 3.417246505424699 0.006579619675764897 1.4939488443727025 -0.190605 -0.0218144 -0.978741 0.0725296
1636513402.210315 3.4259132795829017 0.0023328109829503403 1.459624248415824 -0.185006 -0.0221018 -0.979834 0.0721804
1636513402.277385 3.434158199701777 -0.0025600210787584746 1.4252508445670549 -0.179214 -0.0225236 -0.980924 0.07185
1636513402.344175 3.4423301160888693 -0.007184838709008601 1.3908533563902674 -0.173242 -0.0227107 -0.981999 0.0717594
1636513402.478153 3.4563199774728 -0.015090168275171626 1.322414726970651 -0.161004 -0.0232528 -0.984052 0.0719675
1636513402.545082 3.4631274401487158 -0.019789269096565417 1.287943523174475 -0.15461 -0.0232538 -0.985063 0.0721531
1636513402.612069 3.4683551721440047 -0.023219955864135593 1.2538767213326576 -0.1481 -0.0232741 -0.986023 0.0726925
1636513402.679141 3.473058787616839 -0.025679467308173935 1.2202505065384095 -0.141326 -0.0235839 -0.986984 0.0730355
1636513402.746161 3.4766502627538998 -0.028134318486140057 1.1858760852837131 -0.134305 -0.0244212 -0.987963 0.0727729
1636513402.880209 3.481718067122322 -0.03649139235796293 1.116571803430263 -0.119405 -0.0260826 -0.989931 0.0714097
1636513402.947269 3.4839001717640365 -0.04150556075098439 1.0828195715545414 -0.111514 -0.0270111 -0.990857 0.0709717
1636513403.014260 3.4857970602805226 -0.046344718099146684 1.0492605956120309 -0.103382 -0.027527 -0.991729 0.0709136
1636513403.081105 3.487032795529394 -0.05024987647749678 1.015695245171078 -0.0950917 -0.0273651 -0.992546 0.0711426
1636513403.148041 3.488333248649358 -0.054282707637594865 0.9827635417927201 -0.0865675 -0.0273146 -0.993311 0.0713713
1636513403.214952 3.4896151393620545 -0.0576089173670203 0.9497280005943151 -0.0779931 -0.0274146 -0.993997 0.0716605
1636513403.281945 3.4898798519321073 -0.06045079747998262 0.9164357381476402 -0.0694934 -0.027282 -0.994619 0.0718322
1636513403.348977 3.4889708104905037 -0.06389788495481252 0.8830528914447973 -0.0610028 -0.027071 -0.995186 0.0717612
1636513403.416101 3.4865451139648833 -0.06663432665167551 0.8492153920433914 -0.0522123 -0.027214 -0.995709 0.0713863
1636513403.483108 3.4835442093352786 -0.07040992122563798 0.8159326500795845 -0.0430375 -0.0271866 -0.996201 0.0706506
1636513403.616951 3.477326738447025 -0.07970168393710796 0.7508035938704025 -0.0238778 -0.027104 -0.996897 0.0699333
1636513403.683902 3.4725490398154477 -0.08298329917611376 0.718697694286059 -0.0142428 -0.0274311 -0.997058 0.0701383
1636513403.750831 3.467189213013588 -0.08629904176771445 0.6866392149575984 -0.00448599 -0.0279262 -0.997119 0.0703882
1636513403.884773 3.4536918333340423 -0.09137222149692319 0.621553970222301 0.015248 -0.0295475 -0.99695 0.0706072
1636513403.951903 3.446552165525054 -0.09401909636448108 0.5893727589852799 0.0251112 -0.0303778 -0.996757 0.0701554
1636513404.018849 3.4387713073605517 -0.09731379624033425 0.5566072385842482 0.0348381 -0.0311485 -0.996484 0.0695384
1636513404.085922 3.430033775744468 -0.1003887336332895 0.524698024791727 0.0444501 -0.0316573 -0.99613 0.0689039
1636513404.153047 3.4206912917608534 -0.10415028714942186 0.49259833876398895 0.0541948 -0.0319269 -0.995694 0.0681004
1636513404.219763 3.410789911506852 -0.1083397493839927 0.46051231978757784 0.0640872 -0.0321904 -0.995137 0.0675268
1636513404.420547 3.3791774949978235 -0.11820472095836682 0.36702775944594923 0.0932468 -0.033189 -0.9928 0.0674592
1636513404.487664 3.367353108903616 -0.12078144858504214 0.33663334323192984 0.102749 -0.0337471 -0.991848 0.0673871
1636513404.554642 3.354720441230366 -0.12324570868465556 0.305771754266872 0.112159 -0.0340948 -0.990829 0.0672044
1636513404.621794 3.3422875692143537 -0.1262341015331608 0.2754279516494148 0.121663 -0.0342289 -0.98972 0.0669427
1636513404.822649 3.2988308076339607 -0.13379878503509257 0.18703800966773954 0.14983 -0.0350976 -0.985858 0.0663534
1636513404.889632 3.282941230952704 -0.13607799441046833 0.15803478855408337 0.15941 -0.0358485 -0.984351 0.0660079
1636513404.956556 3.2669967739342782 -0.13904750908887717 0.12940502514020602 0.169085 -0.036515 -0.98274 0.0655606
1636513405.023406 3.2504302129667764 -0.1420800773064511 0.10127351182960864 0.178662 -0.0369093 -0.981054 0.0651984
1636513405.090605 3.2337931006684943 -0.14470287610264757 0.07282975589187268 0.188281 -0.0370647 -0.979249 0.0651679
1636513405.157685 3.2159284532041 -0.14635003547945796 0.04445412871802912 0.197815 -0.0369561 -0.977362 0.0653228
1636513405.224715 3.1981801066471927 -0.14821895423904566 0.01774645070767522 0.207472 -0.0368133 -0.97536 0.0653684
1636513405.291718 3.1803227950808526 -0.14994501763088613 -0.008790237474996854 0.217132 -0.0366455 -0.973264 0.0653356
1636513405.358567 3.161750347739706 -0.15146927769534171 -0.035649048010748974 0.226737 -0.036568 -0.97109 0.0651005
1636513405.425558 3.1426210640522005 -0.15340362606537766 -0.06236020883777127 0.236203 -0.0367267 -0.968847 0.0647739
1636513405.492517 3.122965824148603 -0.1558796113845046 -0.08871294549163444 0.245586 -0.0369521 -0.966526 0.064414
1636513405.559480 3.1022701305338005 -0.15768013412806045 -0.11415706020689909 0.254844 -0.0372977 -0.964123 0.0642607
1636513405.626457 3.081107226217837 -0.1594818091766701 -0.13897640449104887 0.264096 -0.0377428 -0.96162 0.0641576
1636513405.693498 3.0599710786238754 -0.1615953911886285 -0.16341999668512552 0.27336 -0.0381751 -0.959026 0.0639266
1636513405.760756 3.0381319946600307 -0.1626655097552551 -0.18853589925296999 0.282543 -0.0385993 -0.956352 0.0638036
1636513405.961626 2.970863785839102 -0.16701706198223346 -0.25962991896460075 0.30909 -0.0386779 -0.948152 0.0630555
1636513406.028387 2.947323279660589 -0.1683717537075489 -0.2824623403112332 0.317865 -0.038649 -0.945272 0.0626798
1636513406.095474 2.9236598378205607 -0.1696730889807187 -0.30478879861857355 0.326602 -0.0385212 -0.942322 0.0622578
1636513406.162498 2.898863723718328 -0.17161310601353477 -0.32665620769212156 0.335241 -0.0386407 -0.939303 0.0618904
1636513406.296296 2.8489408439529456 -0.17465915095697615 -0.3678291842769956 0.35249 -0.0384489 -0.933019 0.0612272
1636513406.363373 2.8229020732088204 -0.17548626531295142 -0.38938889434390367 0.361142 -0.0384273 -0.929717 0.0610467
1636513406.430489 2.7979857635951904 -0.17591329759715857 -0.4101215032671728 0.369637 -0.0385696 -0.926375 0.060911
1636513406.497328 2.7719726426658666 -0.17688584756929632 -0.4300710019942353 0.377752 -0.0391661 -0.923079 0.0607766
1636513406.564268 2.745417020888728 -0.17824206575414614 -0.4495587425722478 0.385632 -0.0398157 -0.919795 0.0606697
1636513406.631259 2.7180118208006627 -0.17981898900811782 -0.4683322829394687 0.393314 -0.0403357 -0.916511 0.0607068
1636513406.698228 2.6901487053553153 -0.18020126768449135 -0.48648248111843273 0.400957 -0.040521 -0.913174 0.0608628
1636513406.765257 2.6636432577135754 -0.1808741992274671 -0.503742544671252 0.408734 -0.0403199 -0.909741 0.0606757
1636513406.832264 2.6352795729266436 -0.181201334744859 -0.5219918063644307 0.416593 -0.0403735 -0.906178 0.0605102
1636513406.899202 2.6080974676124837 -0.18134674518182536 -0.538303491697947 0.424441 -0.0405066 -0.902548 0.0601328
1636513406.966311 2.58054822961772 -0.18175224589494698 -0.554753367766686 0.432258 -0.0403835 -0.898887 0.0593602
1636513407.033385 2.5515091048470575 -0.1837040869321 -0.5705017432771637 0.440188 -0.0405644 -0.89506 0.0587903
1636513407.100177 2.523529925324473 -0.184951206032562 -0.5856584580490166 0.448175 -0.0404777 -0.891114 0.0584505
1636513407.167372 2.4939893678123473 -0.1848074268401667 -0.6007483104209191 0.456167 -0.0402364 -0.887075 0.0582277
1636513407.234198 2.4655130357846624 -0.18474155779650045 -0.6150594888307291 0.464229 -0.039943 -0.882918 0.0578978
1636513407.301152 2.435458284943577 -0.1841950977817426 -0.6287021326750379 0.472292 -0.0397704 -0.878678 0.0573005
1636513407.368250 2.4051576547434337 -0.1836707365881179 -0.6432626805507283 0.48041 -0.0397813 -0.874318 0.0564872
1636513407.434941 2.3751238115836175 -0.18467232807795503 -0.6567268026502409 0.488353 -0.0401713 -0.869938 0.0557274
1636513407.569036 2.3144685710889408 -0.18556485276645895 -0.6789593629347185 0.503849 -0.041062 -0.86106 0.0550053
1636513407.636045 2.2843111446796756 -0.1858496003023773 -0.6885576732054972 0.511741 -0.0415377 -0.856391 0.0546824
1636513407.703254 2.2539393082551054 -0.18554173543718414 -0.6984061368529179 0.519673 -0.0419588 -0.851598 0.0543987
1636513407.770057 2.223514114453729 -0.18486710057194858 -0.7077232659831787 0.527459 -0.0423496 -0.846802 0.0540401
1636513407.837043 2.192280779339991 -0.18450520310210472 -0.7167504515162905 0.535192 -0.0428507 -0.841937 0.053626
1636513407.904009 2.160984528518534 -0.18405245582624785 -0.7247973590418192 0.542868 -0.0432621 -0.837022 0.053084
1636513407.971014 2.129900793209756 -0.1841251753511791 -0.7333002606578746 0.550615 -0.0432967 -0.832002 0.0521602
1636513408.037979 2.0984999053094526 -0.18478870527896016 -0.7411834802401538 0.558165 -0.0433807 -0.827002 0.051354
1636513408.104959 2.0672787618452477 -0.1844787601912169 -0.7476176495650885 0.565552 -0.0437663 -0.821968 0.05103
1636513408.239113 2.003083388513647 -0.18236680345568523 -0.7595341682677091 0.580159 -0.0446182 -0.811718 0.0503915
1636513408.306098 1.9713636509178465 -0.18200291509357225 -0.7645207631297646 0.587371 -0.0455055 -0.806474 0.0502375
1636513408.372956 1.938646259549041 -0.18030551366224906 -0.7698724595894484 0.594336 -0.0461407 -0.801322 0.0501902
1636513408.440664 1.9068241313785061 -0.17854725188484588 -0.774886802927945 0.601076 -0.0463158 -0.796299 0.0497039
1636513408.506768 1.8740869757219005 -0.1773625986405081 -0.7785317749467302 0.607677 -0.046517 -0.791306 0.0489912
1636513408.573862 1.8418557173965446 -0.17580474219242181 -0.7825088549841774 0.614445 -0.0464518 -0.786122 0.0480842
1636513408.640862 1.8089492871348556 -0.17513769155394826 -0.7852053869332589 0.621163 -0.0462659 -0.780897 0.0470744
1636513408.707881 1.7761075363164458 -0.17403720343666257 -0.7888965472970231 0.627917 -0.0459883 -0.775545 0.0462102
1636513408.774751 1.7426874304828197 -0.17192499986702175 -0.7912438032279185 0.634445 -0.045933 -0.77025 0.045666
1636513408.841779 1.709312593576199 -0.1699378748854733 -0.7926863008009697 0.640777 -0.0461211 -0.765012 0.0451059
1636513408.908896 1.6758655500286734 -0.16861400271143245 -0.7941661462500397 0.647006 -0.0462398 -0.759787 0.0443644
1636513409.042977 1.6007010830009083 -0.13760703615136088 -0.7722462097371807 0.658542 -0.0461575 -0.7498 0.0446429
1636513409.109842 1.566903629858486 -0.1350612173550172 -0.7722065942755285 0.664603 -0.0462913 -0.744461 0.0440206
1636513409.176634 1.5315584945444425 -0.13287480351092867 -0.7722165748307571 0.670539 -0.0468286 -0.739116 0.0434896
1636513409.243668 1.496961744800781 -0.13107023206234278 -0.7715672482042494 0.676296 -0.0473249 -0.733841 0.0431356
1636513409.310795 1.4636411197611372 -0.12959593377741138 -0.7691645660977748 0.681893 -0.0475413 -0.728663 0.0425627
1636513409.377849 1.429445032161454 -0.12756644147276047 -0.7672913000339886 0.687422 -0.0477292 -0.723465 0.0420784
1636513409.444762 1.3959925129144617 -0.12591159096501817 -0.7656608496356236 0.69296 -0.0478664 -0.718185 0.0415428
1636513409.511666 1.361051634869149 -0.12364432311485958 -0.7630864398901579 0.698321 -0.0477018 -0.713024 0.0408544
1636513409.580038 1.3281247412526647 -0.12268576484827964 -0.7612834169595791 0.703477 -0.0476654 -0.707972 0.0402959
1636513409.645739 1.2937977196418078 -0.12036352836142927 -0.7588475851852513 0.708311 -0.0475394 -0.703166 0.0399242
1636513409.712745 1.2602389716591136 -0.11790404599066862 -0.7550462109806255 0.712967 -0.0475106 -0.698471 0.0394787
1636513409.846406 1.1917512017974166 -0.11493381979815442 -0.7463380730842023 0.722155 -0.0479019 -0.688981 0.0387645
1636513409.913526 1.1583501038328279 -0.11330906042227726 -0.7420106432414414 0.726513 -0.0479012 -0.684385 0.0387467
1636513409.980597 1.1239193679485575 -0.11027513238263065 -0.7369365911888147 0.730639 -0.0479373 -0.679966 0.0389156
1636513410.114496 1.0553580368258093 -0.10527567114244761 -0.723705216000853 0.738581 -0.0485909 -0.671293 0.0387653
1636513410.181736 1.021035029349067 -0.1018108146121245 -0.7181833331447085 0.742518 -0.0485875 -0.666949 0.0385384
1636513410.248716 0.9875187713722708 -0.09913839489661466 -0.7121859838617632 0.746264 -0.048498 -0.662795 0.0379571
1636513410.449608 0.8834716166797735 -0.09310867389772293 -0.6926419045107394 0.756207 -0.0483715 -0.651546 0.0360562
1636513410.516498 0.8491569212720435 -0.09070292485070845 -0.6851658646259897 0.759355 -0.0482338 -0.647907 0.0356435
1636513410.583548 0.8150782393175483 -0.08859462417736202 -0.6777718096979017 0.762424 -0.0480954 -0.644325 0.035235
1636513410.717437 0.7459045712299631 -0.08350549541691213 -0.6616613745129283 0.767945 -0.0483873 -0.637702 0.0354258
1636513410.784478 0.7108728454600666 -0.08108466360977827 -0.6533020926124871 0.770426 -0.0483939 -0.634704 0.0353934
1636513410.851413 0.6762974570098579 -0.0784319399654755 -0.6444558516399391 0.77274 -0.0485536 -0.631867 0.0354838
1636513410.918297 0.6403919272094719 -0.07515171977154994 -0.635576062083129 0.774968 -0.0486228 -0.629128 0.0354817
1636513410.985363 0.604822254993446 -0.07142842041949737 -0.6274386419245614 0.777021 -0.0484998 -0.626637 0.0348066
1636513411.052459 0.5687352757511995 -0.06888636533464125 -0.6193150572371052 0.778993 -0.0486533 -0.624214 0.0340491
1636513411.119344 0.5327072790838719 -0.06685987903626193 -0.6105045851390397 0.780832 -0.0487929 -0.621939 0.0333557
1636513411.186435 0.4963074858851229 -0.06459954802831053 -0.6010401114381215 0.782543 -0.0488585 -0.619819 0.0326086
1636513411.253389 0.4609105218339642 -0.0628942920057243 -0.5916375613486435 0.784073 -0.0491177 -0.617882 0.0322256
1636513411.320270 0.4245446760291667 -0.05969636046941092 -0.5808800845170508 0.785521 -0.0493334 -0.616026 0.0321617
1636513411.521354 0.3172676192517319 -0.05204516241780925 -0.5477049682227527 0.78966 -0.049766 -0.61063 0.0330392
1636513411.655213 0.24569081337737214 -0.044435628508188905 -0.527467013638546 0.792139 -0.0492747 -0.607433 0.0333605
1636513411.722126 0.20934592361182175 -0.04059355490543619 -0.5182541071940202 0.793195 -0.0489807 -0.606091 0.033116
1636513411.789237 0.17332122356531418 -0.03686911343553797 -0.508588366082394 0.794081 -0.0489775 -0.604952 0.0327038
1636513411.856301 0.13618806446688042 -0.03297085851752909 -0.4978050046329922 0.794879 -0.0491022 -0.603917 0.032261
1636513411.923311 0.10010293616156024 -0.03070677131197768 -0.4880821873897653 0.795646 -0.0494334 -0.602891 0.0320279
1636513411.990823 0.0636420261976259 -0.028305184169695317 -0.4766594872304451 0.796279 -0.0499011 -0.60201 0.0321579
1636513412.057270 0.02769904924048633 -0.025781088507277884 -0.46619159623567796 0.796781 -0.0502776 -0.601298 0.0324532
1636513412.124089 -0.008165092231373725 -0.023151615969596792 -0.4557987458760791 0.797148 -0.0506044 -0.600759 0.0329135
1636513412.191082 -0.044303685967856624 -0.02003708179432441 -0.44531437200217316 0.797411 -0.0508856 -0.600365 0.0332881
1636513412.258047 -0.08024492020356079 -0.01758955513671183 -0.43402167331051017 0.797584 -0.0510506 -0.600125 0.0332227
1636513412.325197 -0.11655328390320478 -0.015396367724782005 -0.42436485169488675 0.797808 -0.0510421 -0.599836 0.0330772
1636513412.392236 -0.15279711873321447 -0.01271722579530458 -0.41539124498835794 0.797878 -0.050917 -0.599751 0.0331301
1636513412.459141 -0.18936293171846064 -0.00922348233442557 -0.40515514611534226 0.797706 -0.0506991 -0.600003 0.03303
1636513412.593831 -0.2626957049584783 -0.0030310667167764435 -0.38516736075402414 0.79738 -0.050493 -0.600498 0.0322102
1636513412.660196 -0.29915324309058045 -0.0009837125264735656 -0.3761618981778852 0.79715 -0.0506454 -0.600799 0.0320548
1636513412.727111 -0.3358952845889813 0.0013179001421227549 -0.36579632576823884 0.796725 -0.0507326 -0.60136 0.0319751
1636513412.793966 -0.3729025047815243 0.004247441912422441 -0.355753643369923 0.796245 -0.050893 -0.601964 0.0323131
1636513412.861057 -0.40934516733803006 0.006234876080023925 -0.34481611574097965 0.79571 -0.051214 -0.602613 0.0328746
1636513412.995042 -0.48254821035007484 0.012275120252256685 -0.3247400214366797 0.794606 -0.0513794 -0.604003 0.0337896
1636513413.061989 -0.5193939279789521 0.015240108059531965 -0.31459488042962935 0.793955 -0.0515103 -0.604826 0.0341777
1636513413.196027 -0.5932385575700339 0.02065451697241802 -0.2961879270109051 0.792513 -0.0513261 -0.606735 0.0340731
1636513413.262820 -0.6303612950736059 0.023305793566118657 -0.28750252372418283 0.791728 -0.051188 -0.607776 0.0339732
1636513413.329766 -0.6669430118670667 0.026069064157824427 -0.2789159835451314 0.790867 -0.0511545 -0.608896 0.0340318
1636513413.396830 -0.7035845510125418 0.028684497502921628 -0.2699904278764176 0.789956 -0.0512032 -0.610062 0.0342346
1636513413.463968 -0.7400474873866907 0.031797589274391996 -0.2620342470834014 0.789026 -0.0512965 -0.611238 0.0345589
1636513413.530739 -0.7768805272576701 0.0340944844030959 -0.25395721109227043 0.787977 -0.0514997 -0.612557 0.0348445
1636513413.597821 -0.8141916512969344 0.03680256995682356 -0.24655706551767131 0.786809 -0.0513634 -0.614072 0.0347738
1636513413.664845 -0.850409337258723 0.03909865312349538 -0.23907505618582137 0.785544 -0.0513147 -0.615691 0.0348001
1636513413.731879 -0.8876577626123814 0.0413752818356035 -0.23103074027118037 0.784242 -0.0513204 -0.617337 0.0350118
1636513413.798748 -0.924570973922784 0.04383652654221272 -0.22414704702125385 0.782913 -0.0510591 -0.619043 0.0350299
1636513413.865874 -0.9622198831794034 0.04587941930279652 -0.21651654856606994 0.781549 -0.0507243 -0.62079 0.0350373
1636513413.932677 -0.9990430305544237 0.04798693419792118 -0.21059643208321935 0.780218 -0.0502781 -0.6225 0.0350162
1636513413.999718 -1.0360796609969585 0.05068761091911413 -0.20457556373336463 0.778798 -0.0496193 -0.624342 0.0347635
1636513414.067755 -1.073687571554033 0.053016897402271355 -0.19829257009435017 0.777385 -0.0488297 -0.626194 0.0342031
1636513414.133678 -1.1106912522373842 0.05593493204901448 -0.193068777389508 0.775998 -0.0481049 -0.627996 0.033679
1636513414.200706 -1.1482139771050104 0.05856198225814578 -0.18684016634961687 0.774603 -0.0479307 -0.629729 0.0336838
1636513414.267628 -1.1861118572363627 0.06082322214462569 -0.17994121205530045 0.773199 -0.0477436 -0.631462 0.0337495
1636513414.334821 -1.2235343669950751 0.06364748286218072 -0.17316476399750108 0.771831 -0.0477846 -0.633104 0.0342461
1636513414.401726 -1.2604444518547195 0.06616317748832498 -0.16643735730616435 0.770368 -0.048293 -0.634792 0.035217
1636513414.535619 -1.3343388377604308 0.07084817365942045 -0.15344938887962262 0.767287 -0.0491834 -0.638365 0.0366471
1636513414.602476 -1.372245681274921 0.07327862729147402 -0.1480593328715695 0.765705 -0.0492632 -0.64024 0.0369106
1636513414.669515 -1.4096117892128013 0.07486735115891442 -0.1438768454234536 0.764022 -0.0490614 -0.642272 0.0367446
1636513414.736694 -1.4468572355453777 0.07650917706374824 -0.13956952320461993 0.762202 -0.048803 -0.644456 0.036649
1636513414.803638 -1.4843066290858433 0.07806916689307902 -0.1342813471651311 0.760295 -0.0483788 -0.646725 0.0368565
1636513414.870579 -1.520766952047197 0.0810650276825102 -0.1299164407656956 0.758564 -0.0477061 -0.64879 0.0371048
1636513414.937636 -1.5568163085571554 0.0838262128097646 -0.1266255853219653 0.75692 -0.0474293 -0.650709 0.0374273
1636513415.005358 -1.5940381307214007 0.08581829151105874 -0.123113855271728 0.755118 -0.0476994 -0.652742 0.038056
1636513415.071387 -1.630751846913045 0.08763544513793536 -0.11850338369258509 0.753087 -0.0479114 -0.655033 0.0386798
1636513415.138552 -1.667492101391217 0.08978670729784774 -0.11447828704029142 0.751058 -0.0480913 -0.657304 0.0393681
1636513415.205342 -1.703711785611239 0.09190098284127313 -0.1109533033237301 0.749079 -0.0485241 -0.659475 0.0402228
1636513415.272357 -1.741261563233999 0.09347977682029086 -0.10795019506709028 0.747058 -0.0488099 -0.661712 0.0407413
1636513415.339569 -1.7780400878355687 0.09534339336433462 -0.1056152056303748 0.744904 -0.0489338 -0.6641 0.0411684
1636513415.408993 -1.8149100846074435 0.09743169269458234 -0.10393301065904997 0.742694 -0.0490582 -0.666541 0.0414905
1636513415.473496 -1.852007801573361 0.0986189647063592 -0.10246428431902177 0.740349 -0.0489122 -0.669164 0.041359
1636513415.540422 -1.8896613338088508 0.10080001830157097 -0.10166363415830754 0.73798 -0.0484742 -0.671815 0.0412341
1636513415.674500 -1.9651742855693373 0.10538422946622134 -0.10148599927701582 0.733221 -0.0475911 -0.677091 0.0408783
1636513415.808172 -2.0399587910885995 0.10761018937622005 -0.10194711728844172 0.727926 -0.047033 -0.682838 0.040541
1636513415.942354 -2.1141852890257797 0.1110276084913244 -0.10269356087757746 0.722285 -0.0464279 -0.688798 0.04131
1636513416.009262 -2.151001115532901 0.11259431912769148 -0.1038510761268585 0.719371 -0.0465527 -0.691818 0.0415489
1636513416.143247 -2.2249709550127004 0.11450627275900503 -0.10800561850072138 0.713181 -0.0466241 -0.698175 0.0418486
1636513416.277171 -2.298013093962983 0.11725327872067755 -0.11291966500166936 0.706387 -0.0467596 -0.704994 0.042603
1636513416.344180 -2.334734020954959 0.11877906554904595 -0.11459341722519774 0.702819 -0.0468924 -0.708509 0.0431507
1636513416.411081 -2.371659387484137 0.12021702624164908 -0.11708383387157784 0.699352 -0.0472432 -0.711875 0.0436914
1636513416.478186 -2.4076138783170067 0.12069990670986121 -0.12065573343856689 0.695795 -0.0477478 -0.715289 0.0441704
1636513416.545282 -2.44336853307622 0.1210389039097021 -0.12472863329729514 0.692042 -0.0482302 -0.718865 0.0445449
1636513416.612323 -2.4799166979539304 0.12141241828897925 -0.1286089042918302 0.688122 -0.0485278 -0.722579 0.0448672
1636513416.682066 -2.5167300906601016 0.12202362860509895 -0.13256527580238173 0.68421 -0.0485396 -0.726259 0.0452584
1636513416.746253 -2.553107293520293 0.12354587373812256 -0.137360835037935 0.680439 -0.0483643 -0.72978 0.0456684
1636513416.880126 -2.626015427387873 0.1254791511991827 -0.14917736344504137 0.67284 -0.0481198 -0.736795 0.0458587
1636513416.947170 -2.662321887149928 0.12611581212206407 -0.15545227584258697 0.668893 -0.0480618 -0.740377 0.0459774
1636513417.013879 -2.6988544720801126 0.1265061120474267 -0.16189148277470405 0.664949 -0.0480584 -0.743902 0.0462918
1636513417.081170 -2.7355105068769823 0.12743722891755108 -0.16881149235303403 0.661024 -0.0477577 -0.747391 0.0466183
1636513417.147985 -2.7716448099535476 0.12880087344120775 -0.1764704185285225 0.657135 -0.0474995 -0.750808 0.0469472
1636513417.215266 -2.807900597085677 0.12975454845181614 -0.1842629898693667 0.65318 -0.0477325 -0.75421 0.0473862
1636513417.282102 -2.844549227256732 0.12990103377183973 -0.19226998516855948 0.649179 -0.0480032 -0.757625 0.047611
1636513417.416006 -2.917095046970941 0.12977126617120338 -0.2104746278484469 0.64106 -0.048039 -0.764476 0.0480666
1636513417.482880 -2.953029317879409 0.13011354493001656 -0.22017966100846642 0.636822 -0.0478666 -0.767983 0.0486755
1636513417.550106 -2.989042001419452 0.13072784344223395 -0.230156993049083 0.632566 -0.0473929 -0.771479 0.0493459
1636513417.616918 -3.024516732471781 0.1316026092375833 -0.24094312526790546 0.628407 -0.046803 -0.774869 0.0499143
1636513417.684036 -3.059834842625964 0.1323470303090708 -0.2517436782887959 0.624171 -0.0466481 -0.778251 0.0505962
1636513417.750911 -3.0951869660850955 0.13361451078957787 -0.2623430003502251 0.619833 -0.0469753 -0.781654 0.0511685
1636513417.884959 -3.1664934490403427 0.13470263521982895 -0.28354584472806843 0.611078 -0.0479958 -0.788429 0.051572
1636513417.951955 -3.201098955958041 0.134324435776012 -0.2964524873882558 0.606906 -0.0480242 -0.791642 0.0515887
1636513418.018943 -3.234870117822726 0.13394546580129646 -0.3094921013788712 0.602581 -0.0478017 -0.794951 0.0516076
1636513418.085848 -3.2678532271559337 0.1330679446560805 -0.32303303933176486 0.598006 -0.0473284 -0.798429 0.0515669
1636513418.152851 -3.302536038551317 0.1326239817984869 -0.33630806724161644 0.593175 -0.0468693 -0.802035 0.0518373
1636513418.286962 -3.370595855895433 0.13406388454405957 -0.3625316428027311 0.583984 -0.0463009 -0.808711 0.052969
1636513418.353811 -3.404555105966904 0.13474474231531555 -0.37649602369389545 0.579643 -0.0463984 -0.811787 0.0535147
1636513418.420879 -3.4372017965987114 0.1346607246277845 -0.39073114705019607 0.575309 -0.0468326 -0.814806 0.0540096
1636513418.489686 -3.4702554839230326 0.1347970941167448 -0.4057926656562172 0.570807 -0.0471453 -0.81792 0.0544358
1636513418.621773 -3.5356565940260305 0.13447306103974538 -0.43586347066942555 0.561789 -0.0474968 -0.824101 0.054734
1636513418.688683 -3.5672531138166725 0.13248551772485065 -0.4520566039934436 0.557136 -0.0475791 -0.827248 0.0547366
1636513418.755696 -3.5978456215072097 0.1309104688121259 -0.46938483038738876 0.552238 -0.0474792 -0.830513 0.0550248
1636513418.823457 -3.6282271826662855 0.13026499690259574 -0.4864166083208201 0.547024 -0.0470362 -0.83396 0.0553406
1636513418.889663 -3.6587556103666428 0.12915361033013284 -0.5038130879613991 0.541565 -0.0466813 -0.837515 0.0556479
1636513418.956819 -3.6884214116905927 0.12850436494028017 -0.5220496724954498 0.535988 -0.0467436 -0.841057 0.0561735
1636513419.023618 -3.7175319374436446 0.12791524384314737 -0.5407610647891907 0.530195 -0.0468039 -0.844698 0.0564554
1636513419.090655 -3.747487650137818 0.1262454257203363 -0.560119172067171 0.524089 -0.0468121 -0.848493 0.056561
1636513419.224651 -3.804883700061767 0.1241459850351802 -0.5996382156182676 0.511044 -0.0471493 -0.856357 0.0571248
1636513419.291542 -3.8341888313368524 0.12318177327402699 -0.6201022220831471 0.5043 -0.0470481 -0.860335 0.0573754
1636513419.358582 -3.86235740598101 0.12150336027066541 -0.6412047775045029 0.497523 -0.0470236 -0.864257 0.0576149
1636513419.425578 -3.890675702598947 0.12047461404649706 -0.6622291386398607 0.490524 -0.0470474 -0.868217 0.058063
1636513419.492590 -3.9179108546427925 0.11942333979619962 -0.683423595380205 0.483415 -0.0472454 -0.872162 0.0584079
1636513419.559582 -3.945381188330151 0.11809157566803058 -0.7049050975050988 0.476175 -0.0475356 -0.876106 0.0586151
1636513419.626676 -3.9729157585490293 0.116681684745577 -0.7276175815203241 0.468903 -0.0479751 -0.879976 0.058903
1636513419.693624 -4.000942151943323 0.11562457702440809 -0.7509079061032695 0.461617 -0.0484771 -0.883762 0.059366
1636513419.760569 -4.027416673423702 0.11350765098580817 -0.7743305613270983 0.454544 -0.0485439 -0.887405 0.0595463
1636513419.827664 -4.053301375441689 0.11118642953165198 -0.7984648607635803 0.447499 -0.048492 -0.890963 0.0598248
1636513420.028270 -4.123701946113139 0.10571744182619341 -0.8732936988079765 0.425389 -0.0468151 -0.901799 0.060098
1636513420.095545 -4.14727649638809 0.10277782457017987 -0.898590728308905 0.417695 -0.0466081 -0.905384 0.0603124
1636513420.162367 -4.169560621405919 0.10072486178459106 -0.9241142569716501 0.409895 -0.0465022 -0.908916 0.0607839
1636513420.363449 -4.237065272235309 0.09588948342791798 -1.003548793605479 0.385987 -0.0472686 -0.919219 0.0617756
1636513420.430917 -4.258861047829194 0.09272884460173197 -1.0310220974466755 0.378064 -0.0471129 -0.922508 0.0618576
1636513420.497360 -4.279327663512415 0.09019611483679946 -1.0592782206307068 0.370149 -0.0467064 -0.925712 0.062173
1636513420.564367 -4.298439732986429 0.0877949665829213 -1.0869862438393898 0.362135 -0.0462453 -0.928876 0.0625182
1636513420.633873 -4.317279185153977 0.08612099100943527 -1.1155516265285734 0.354008 -0.0455072 -0.93202 0.0628283
1636513420.698231 -4.336844085583022 0.0836089199558388 -1.144883850400743 0.345753 -0.0452661 -0.935104 0.0631325
1636513420.766753 -4.355808588185303 0.08082653919254656 -1.173464333464605 0.337462 -0.0453111 -0.938089 0.0636818
1636513420.832345 -4.374654670297302 0.0780773520339702 -1.2019821519064604 0.329079 -0.0456325 -0.940988 0.0645542
1636513420.899270 -4.39288982430411 0.07605769657836042 -1.2309373173589497 0.3207 -0.0458488 -0.943799 0.0655261
1636513420.966239 -4.410147373879795 0.07455895492295112 -1.2600549366410048 0.312286 -0.0460515 -0.94656 0.0661886
1636513421.035982 -4.427097897747526 0.07275006991891664 -1.290739996227974 0.30385 -0.0462828 -0.949258 0.0666543
1636513421.100168 -4.442988225426548 0.07108023681484205 -1.3209401061655808 0.295303 -0.0458901 -0.951957 0.0668437
1636513421.167199 -4.457835363505597 0.0690327923631554 -1.3522297221738329 0.286737 -0.0449245 -0.954626 0.066729
1636513421.234102 -4.472154413185958 0.06629006268092069 -1.3848556614222145 0.2782 -0.0441497 -0.957199 0.0665297
1636513421.435230 -4.512250178557001 0.055972627548543596 -1.4823458518187032 0.252728 -0.0414724 -0.964379 0.0661875
1636513421.502248 -4.524783283282218 0.05368425305304547 -1.513954650737516 0.244271 -0.0414853 -0.966524 0.066651
1636513421.569278 -4.536892537519158 0.050697136586908054 -1.5457566896022472 0.235773 -0.0410861 -0.96863 0.0669232
1636513421.636182 -4.549577731682928 0.04771613135080588 -1.5777585879212233 0.227493 -0.0407997 -0.970607 0.0671167
1636513421.770011 -4.571869519948413 0.04254763080406293 -1.643568249783423 0.211778 -0.0395395 -0.974205 0.0671671
1636513421.837069 -4.5821499364920175 0.03933267163961762 -1.6768951861999046 0.20409 -0.0386987 -0.975896 0.0669077
1636513421.904040 -4.592713257296847 0.03523578890835538 -1.7102249301145804 0.196428 -0.0378084 -0.977512 0.0667636
1636513422.038073 -4.611528721724485 0.029416309683214903 -1.7768450179514548 0.181509 -0.0375461 -0.980368 0.0672606
1636513422.172198 -4.630360549545111 0.023015190289014054 -1.8429201091630492 0.166465 -0.0378487 -0.983044 0.0669411
1636513422.306203 -4.645348012350013 0.014605963434522695 -1.9100470317191898 0.152007 -0.0381581 -0.98538 0.0668158
1636513422.373796 -4.651514086690672 0.009898769504426252 -1.9431152891504158 0.144574 -0.0377482 -0.986505 0.066947
1636513422.439742 -4.657108654108482 0.005651312457178481 -1.9770194668806582 0.137114 -0.0371838 -0.987565 0.0673182
1636513422.573853 -4.66694345220921 -0.0011641670243475732 -2.044468963453231 0.122371 -0.035706 -0.989486 0.0683197
1636513422.640887 -4.67052762993308 -0.005103025087906443 -2.0782111503108087 0.115025 -0.035003 -0.990363 0.0687461
1636513422.707910 -4.673646210436874 -0.009556004804358809 -2.1114605453488835 0.107563 -0.0342403 -0.991195 0.0692085
1636513422.841977 -4.680170904453086 -0.01667236024046631 -2.1778833614162085 0.0925725 -0.0330675 -0.992661 0.0704331
1636513422.975749 -4.684321125967065 -0.022418004552449133 -2.24546295299514 0.0775996 -0.0327518 -0.993895 0.071267
1636513423.042648 -4.685942142689528 -0.026899660137655323 -2.2788097306078354 0.0699652 -0.032715 -0.994458 0.0713337
1636513423.109986 -4.6881247883108665 -0.03073560251924423 -2.3121868579062457 0.0623215 -0.0328703 -0.994942 0.0716012
1636513423.176837 -4.688266181343911 -0.03423857689098414 -2.346313193192351 0.0548099 -0.0328042 -0.995368 0.0718505
1636513423.243824 -4.688583346840534 -0.03796539366785434 -2.3806788144223923 0.0472728 -0.0327712 -0.995748 0.0719464
1636513423.310966 -4.687662365184499 -0.0422082392081789 -2.4148782596407323 0.0397737 -0.032779 -0.996066 0.0720839
1636513423.377725 -4.6864657368717415 -0.04631713665011378 -2.4487664990123403 0.0321157 -0.0327433 -0.99633 0.0722714
1636513423.444737 -4.684881974870767 -0.05003454196879609 -2.4829604642380216 0.0243758 -0.0325421 -0.996536 0.0725405
1636513423.578588 -4.678856487325657 -0.056611032521561744 -2.5528177734096893 0.00899593 -0.0317977 -0.996787 0.07297
1636513423.645628 -4.674504457343554 -0.060651668199899145 -2.586468351271178 0.00124694 -0.0315839 -0.996825 0.0730759
1636513423.712726 -4.670673610722307 -0.06413656294887948 -2.6213643572177765 -0.00673803 -0.0314809 -0.996797 0.0732112
1636513423.779753 -4.665795689025037 -0.06765305182848952 -2.655404893227233 -0.014696 -0.0312401 -0.996713 0.0732861
1636513423.846646 -4.661156754546842 -0.07157865643827571 -2.68922560550658 -0.0226895 -0.0309756 -0.996582 0.0731472
1636513423.913689 -4.655537407134375 -0.07622675605885604 -2.7230707434722667 -0.0304399 -0.0308874 -0.996389 0.0729909
1636513423.980757 -4.649218467990425 -0.07994879243178915 -2.7571152156058796 -0.0381412 -0.0303535 -0.996143 0.0729627
1636513424.047836 -4.640926632335719 -0.08321334773748129 -2.7903766972847874 -0.0458726 -0.0295844 -0.995864 0.0726308
1636513424.114679 -4.633531085610521 -0.08788608224873362 -2.823703691686891 -0.0538215 -0.0290082 -0.995538 0.071876
1636513424.185560 -4.6269128081688855 -0.09327146583336016 -2.8579779027822916 -0.0617685 -0.0285425 -0.995133 0.071281
1636513424.248627 -4.618833689194818 -0.09774628695912296 -2.8909306356628335 -0.0693841 -0.0279652 -0.99466 0.0711063
1636513424.315570 -4.609578528889601 -0.10123966597161996 -2.924039020249238 -0.0769007 -0.0277804 -0.99412 0.0709988
1636513424.382684 -4.60003643892216 -0.10492067136504268 -2.9564616998921065 -0.0846443 -0.0276334 -0.993519 0.0706488
1636513424.449517 -4.589950461987935 -0.10965870055562305 -2.9887867409779156 -0.0925205 -0.0270065 -0.99287 0.0701375
1636513424.516596 -4.579916678837501 -0.11508643962385437 -3.020959156802035 -0.100309 -0.0261743 -0.992155 0.0698639
1636513424.583555 -4.568899729134557 -0.1199002215146713 -3.0528907175663953 -0.107948 -0.0257466 -0.99136 0.0699307
1636513424.650569 -4.556273132564382 -0.12347868172925894 -3.0843298710220557 -0.115684 -0.0254549 -0.990492 0.0699601
1636513424.784456 -4.532485108321038 -0.131013171327414 -3.1492187256857163 -0.131834 -0.0250771 -0.988519 0.0694332
1636513424.851458 -4.520028425407621 -0.13637407044285857 -3.1807933341477606 -0.1395 -0.0249568 -0.987482 0.0692525
1636513424.918435 -4.506628648128864 -0.14065205735119155 -3.2107301298922257 -0.147079 -0.0248837 -0.986376 0.0693566
1636513425.119556 -4.462199537640206 -0.15210179529616702 -3.3021703567835807 -0.170596 -0.023203 -0.982611 0.0695271
1636513425.253513 -4.429925994167986 -0.1607299378449592 -3.3628320719542595 -0.185887 -0.0220739 -0.979837 0.0698382
1636513425.320374 -4.41334779765561 -0.1642082400913064 -3.392158836568333 -0.19371 -0.0211353 -0.978319 0.0701579
1636513425.387129 -4.3963643321751436 -0.16694275684226967 -3.4222105021531983 -0.20158 -0.021067 -0.976733 0.070107
1636513425.454262 -4.379719544519394 -0.1713429987959765 -3.4520129815624614 -0.209496 -0.0211918 -0.975095 0.0696509
1636513425.521452 -4.362777607266898 -0.17553517224818496 -3.4825930480794858 -0.217323 -0.0213571 -0.9734 0.069334
1636513425.588298 -4.3453855627293745 -0.18003826824026906 -3.5120941240395 -0.225057 -0.0217887 -0.971661 0.0689228
1636513425.655843 -4.32726406194655 -0.18376895895723405 -3.5413266615294403 -0.232731 -0.022362 -0.96986 0.0686145
1636513425.722450 -4.308145593557064 -0.18770190826535835 -3.5702621827188294 -0.240303 -0.0216398 -0.968033 0.0685419
1636513425.789335 -4.289170824208907 -0.19155636878888938 -3.599927823546542 -0.247637 -0.020616 -0.966207 0.0685161
1636513425.856120 -4.269317953222638 -0.19614401316871866 -3.628194235466195 -0.254497 -0.0199153 -0.964434 0.0685643
1636513425.923311 -4.2478678395604295 -0.20032443165294062 -3.6554972384004265 -0.261099 -0.0187036 -0.962668 0.0689012
1636513426.057258 -4.205842346507428 -0.20877566936887854 -3.708958208920372 -0.275015 -0.0176765 -0.958784 0.069191
1636513426.124279 -4.18514109267892 -0.21245014768807527 -3.7368037110173544 -0.28216 -0.0176277 -0.956678 0.0695919
1636513426.191344 -4.1638557410639425 -0.21553282564920145 -3.763086349540833 -0.289109 -0.0178046 -0.954577 0.0698659
1636513426.258307 -4.142787977818911 -0.2192261375180859 -3.7890993504052735 -0.296112 -0.0183336 -0.95242 0.0698446
1636513426.325107 -4.120312969272662 -0.22366713468278293 -3.814097790585237 -0.303099 -0.0186311 -0.950216 0.0698062
1636513426.392195 -4.097331540026934 -0.22682365868981091 -3.8375900682708304 -0.310376 -0.0185241 -0.947846 0.0700814
1636513426.592950 -4.02664782500644 -0.23637674193527525 -3.9079283987378055 -0.333702 -0.0183303 -0.939928 0.0695812
1636513426.660198 -4.001647580817353 -0.24051616194053096 -3.930951324514858 -0.34166 -0.0179913 -0.9371 0.0691997
1636513426.726988 -3.976330198542615 -0.2440607656523243 -3.9521553296834497 -0.349861 -0.0179072 -0.934089 0.0689457
1636513426.794199 -3.95105649322957 -0.24718206695923103 -3.972154559509072 -0.358405 -0.0176657 -0.930852 0.0689068
1636513426.860970 -3.9250545838512716 -0.2508181773925682 -3.9922417121068827 -0.367295 -0.0172985 -0.927392 0.0688443
1636513426.928797 -3.8987105071701214 -0.25426316592122217 -4.012518832413761 -0.376312 -0.0171379 -0.923774 0.068827
1636513426.995023 -3.8722637521574277 -0.25803741438720296 -4.031274554117624 -0.385409 -0.0175048 -0.920015 0.068743
1636513427.061983 -3.845386895920772 -0.26145216506002883 -4.049052950552551 -0.394749 -0.017963 -0.916043 0.0686792
1636513427.129916 -3.818157048068743 -0.2641673796424357 -4.064948697403799 -0.404512 -0.0184448 -0.91178 0.0684699
1636513427.262882 -3.763781598051952 -0.2696494126995701 -4.095618002449261 -0.425308 -0.0184249 -0.902334 0.0675719
1636513427.329929 -3.7349830744780235 -0.27301417227144803 -4.110430677108943 -0.435868 -0.0174267 -0.897317 0.0673549
1636513427.397054 -3.705930563259416 -0.27561000377370265 -4.123533016525853 -0.446399 -0.0165398 -0.892151 0.0672347
1636513427.463866 -3.676627327683679 -0.27838521869247773 -4.1348560612603915 -0.457192 -0.0156431 -0.886677 0.0673368
1636513427.530998 -3.647423344183135 -0.28164434361461343 -4.14652152244079 -0.468202 -0.0149132 -0.880922 0.0673882
1636513427.597897 -3.6175389399294784 -0.28110918439566157 -4.159932768129382 -0.479253 -0.014662 -0.874949 0.0675655
1636513427.664901 -3.5888336987867975 -0.2841230777012286 -4.170673414760866 -0.490009 -0.0140453 -0.868998 0.0673431
1636513427.731769 -3.5578926836082356 -0.28588190213551956 -4.18056306446264 0.50055 0.0131459 0.862998 -0.0671613
1636513427.798753 -3.5278743116601423 -0.28824340664580567 -4.189191522938328 0.511138 0.0122641 0.856819 -0.0666977
1636513427.999830 -3.4384220554604283 -0.2954148034388105 -4.208914850506289 0.543972 0.00977578 0.836516 -0.0651188
1636513428.066855 -3.4087325535917916 -0.29733979032801416 -4.214857112134846 0.554974 0.0092206 0.829301 -0.0646379
1636513428.133883 -3.3789805226504717 -0.29959642978260714 -4.21955894170689 0.565801 0.00833433 0.821996 -0.0642147
1636513428.202017 -3.34847659992689 -0.3010425652081236 -4.223145085641779 0.576487 0.00743778 0.814571 -0.0638853
1636513428.267735 -3.3186222403470014 -0.30293744219842184 -4.225971090987772 0.58706 0.00674922 0.807038 -0.0632846
1636513428.335351 -3.2884868162055696 -0.30522853398422056 -4.228348435029763 0.597586 0.00580662 0.79932 -0.0628021
1636513428.401505 -3.2583585869875114 -0.30690014776106844 -4.229207610144249 0.607864 0.00491329 0.79156 -0.062539
1636513428.468797 -3.2288466770541393 -0.3080909448804118 -4.229552941739508 0.618158 0.00431463 0.783596 -0.0619643
1636513428.535739 -3.1992096081774086 -0.3098005105354236 -4.229959706645993 0.62844 0.00385696 0.775453 -0.0609919
1636513428.602582 -3.1690962835872254 -0.31104191931466907 -4.230651846706273 0.638521 0.00343022 0.76726 -0.0599277
1636513428.669673 -3.1385699760772483 -0.3124761249137939 -4.230268696987945 0.648358 0.00290326 0.759051 -0.0588614
1636513428.803751 -3.0787270757422687 -0.3160299140818558 -4.2258024127001415 0.667558 0.00213534 0.742366 -0.057055
1636513428.870649 -3.0493216416996636 -0.3166641735675502 -4.221737084038411 0.677081 0.00154169 0.733732 -0.0565296
1636513428.937587 -3.0193613282021294 -0.31701878801508915 -4.217110968524445 0.686537 0.000585221 0.724933 -0.0560227
1636513429.071645 -2.959638787662112 -0.31879136136519065 -4.205095952691968 0.704744 -0.00173769 0.707302 -0.0552995
1636513429.138593 -2.930511629512513 -0.3191169855125423 -4.197119148774298 0.713619 -0.00265162 0.698355 -0.055141
1636513429.205534 -2.901390621038992 -0.318333906515725 -4.188809960942636 0.722536 -0.00323943 0.689164 -0.0546327
1636513429.272512 -2.8710149211716955 -0.31814581097213135 -4.1797729641387935 0.731504 -0.00431496 0.679675 -0.0540912
1636513429.339677 -2.84186632535692 -0.3182968597018563 -4.170626449625376 0.740316 -0.00544842 0.670108 -0.0534527
1636513429.406706 -2.81233500396918 -0.3184982513118706 -4.160353272424221 0.74884 -0.00636614 0.660623 -0.0526856
1636513429.473541 -2.7842120207207857 -0.3189327758805971 -4.150082925765013 0.757275 -0.00735751 0.650975 -0.0520752
1636513429.540422 -2.7548489882076326 -0.3187878735517563 -4.138837699901398 0.765502 -0.00823903 0.641314 -0.0515332
1636513429.607262 -2.7260796176196047 -0.31943106682807887 -4.128040595537301 0.773494 -0.0088137 0.631699 -0.0508489
1636513429.674344 -2.6978551875519226 -0.3189147070632668 -4.115679715611664 0.781135 -0.00929424 0.622245 -0.0505308
1636513429.741451 -2.6696053777598907 -0.3185719954790872 -4.1030341587267944 0.788561 -0.00987479 0.612823 -0.0502236
1636513429.808542 -2.6411737098785224 -0.3182789847619722 -4.089498262458864 0.79562 -0.0107939 0.603619 -0.0501594
1636513429.875355 -2.6126502750256604 -0.31739275626330554 -4.075657532438763 0.802329 -0.0116251 0.594665 -0.0500749
1636513429.942402 -2.5849398521549602 -0.31710089531159585 -4.0614627580775515 0.808708 -0.0122762 0.585984 -0.0496401
1636513430.009460 -2.5563260313640557 -0.3161167489190383 -4.046697333251475 0.814882 -0.0127859 0.577419 -0.0488915
1636513430.076358 -2.5286729853363603 -0.31551679544425115 -4.0318965191348175 0.820873 -0.0132575 0.568953 -0.0478001
1636513430.143204 -2.500659173395826 -0.3152682446140903 -4.015970549770943 0.826757 -0.0136148 0.560471 -0.046476
1636513430.210180 -2.472327094601096 -0.314114835227004 -3.999909507635062 0.832581 -0.013953 0.551891 -0.0450615
1636513430.277272 -2.4453124591290143 -0.3132939525752885 -3.983070559202754 0.838316 -0.0145801 0.54323 -0.0437518
1636513430.344214 -2.418792072775089 -0.3128216283896404 -3.9649568856863167 0.843952 -0.0155483 0.534488 -0.0427386
1636513430.411428 -2.392290773809173 -0.3119781975766188 -3.945782289938383 0.849423 -0.0166932 0.525754 -0.042255
1636513430.478310 -2.366857735074058 -0.31069254746680214 -3.925895806809268 0.854835 -0.0177945 0.516874 -0.0422102
1636513430.545210 -2.341963784210132 -0.30929344925372937 -3.905146756430741 0.860198 -0.0187759 0.507851 -0.0423481
1636513430.612437 -2.3173598811155216 -0.3072197094486906 -3.883895844595984 0.865486 -0.0198083 0.498738 -0.0424563
1636513430.679134 -2.2916325988931323 -0.3053042903195796 -3.8623672729567162 0.87062 -0.0208921 0.489676 -0.0424536
1636513430.746159 -2.2660576059093485 -0.30354025973644483 -3.8411522366885347 0.875564 -0.0218538 0.480744 -0.0423777
1636513430.812956 -2.2408707949158346 -0.3006305967755347 -3.818804925505352 0.880288 -0.0225697 0.472049 -0.0418717
1636513430.880265 -2.216130953848013 -0.2987239566880569 -3.796217648056919 0.884897 -0.0231813 0.463415 -0.0408249
1636513430.947076 -2.191295301861424 -0.2973263078795394 -3.773698701642031 0.889464 -0.0237508 0.454643 -0.0398574
1636513431.014246 -2.1681208445398656 -0.29641248268989717 -3.750870566836041 0.893887 -0.0240859 0.44594 -0.0390258
1636513431.081624 -2.1453634154034873 -0.2952436161563374 -3.7275184258668803 0.898137 -0.0244597 0.437325 -0.0387084
1636513431.148162 -2.123115292161772 -0.2930811558849891 -3.702721976793213 0.902185 -0.025043 0.428852 -0.0390066
1636513431.215101 -2.09982639612538 -0.29066667947030583 -3.677047576470284 0.906123 -0.0255206 0.420421 -0.0391901
1636513431.282153 -2.0783006335508656 -0.28853147896115383 -3.6511683343053094 0.909954 -0.0259329 0.412049 -0.0390818
1636513431.349107 -2.0548889338604583 -0.2860667948744641 -3.6247317305711313 0.91367 -0.0264021 0.403728 -0.038906
1636513431.415937 -2.0314579880862853 -0.2837725161985242 -3.5983803192079944 0.917238 -0.0266086 0.395582 -0.0384898
1636513431.550133 -1.9874740650936102 -0.2799858706339453 -3.5453844498061953 0.923867 -0.0265392 0.380005 -0.0368926
1636513431.617093 -1.9655025992735027 -0.27758875556084556 -3.5182510780140164 0.927017 -0.0264439 0.372367 -0.0358307
1636513431.751111 -1.9233574264606363 -0.27252150767495603 -3.4616672373710573 0.933041 -0.0270917 0.357078 -0.034594
1636513431.951828 -1.8633632798680262 -0.26397560157625233 -3.374821472638025 0.941575 -0.0268859 0.334104 -0.03299
1636513432.018736 -1.8437378764753574 -0.2620740580111646 -3.346230368996204 0.944279 -0.0264451 0.326513 -0.0320554
1636513432.085973 -1.825194615656334 -0.2595738946991541 -3.3176305849697405 0.946864 -0.0257735 0.319067 -0.0312971
1636513432.153041 -1.8080334816857855 -0.25649359851294545 -3.2889313794031967 0.949381 -0.0251025 0.311642 -0.0304021
1636513432.219981 -1.7919890334666637 -0.25291374013478884 -3.2590011632193736 0.95192 -0.0249544 0.303875 -0.0297668
1636513432.286854 -1.7758868578398013 -0.24995722389053615 -3.228991234694931 0.954448 -0.0251234 0.295862 -0.029389
1636513432.353883 -1.7585559957220795 -0.24611460097109328 -3.1981798415541993 0.956872 -0.0252534 0.287907 -0.0294535
1636513432.420850 -1.7438107698751444 -0.24288511159221415 -3.166683704078526 0.959149 -0.025507 0.280148 -0.0299913
1636513432.487783 -1.7296439533064287 -0.23848723274091177 -3.13485466712422 0.961364 -0.0257049 0.272374 -0.0305101
1636513432.554789 -1.7139227903313417 -0.23431900841015132 -3.1026445959697027 0.963536 -0.0261702 0.264485 -0.0310127
1636513432.621763 -1.6990616421073477 -0.2310240257897938 -3.0696522524553203 0.965594 -0.0270079 0.256697 -0.0317053
1636513432.688978 -1.6838787447029977 -0.22762861446387642 -3.0371419282987806 0.967525 -0.0277392 0.249227 -0.031793
1636513432.755821 -1.6683373381808757 -0.2243035588079874 -3.0044243681979577 0.969346 -0.0285076 0.241965 -0.0317681
1636513432.822879 -1.6543176448593675 -0.22159811210659774 -2.970433345034143 0.971075 -0.0291414 0.234831 -0.0319009
1636513432.889882 -1.6409531855968669 -0.21916947233465578 -2.9374698849569603 0.972776 -0.0293637 0.227732 -0.0313404
1636513432.956808 -1.6284842375783424 -0.21623022761753316 -2.9042432391076476 0.974482 -0.029456 0.220416 -0.0305546
1636513433.023698 -1.6157197983247846 -0.21270628074795717 -2.871833529913207 0.976176 -0.0295951 0.212875 -0.0298119
1636513433.090604 -1.6029203425595648 -0.20977641715591772 -2.839516070838357 0.977782 -0.0296834 0.205454 -0.0291455
1636513433.157746 -1.5907056980031662 -0.20688041910278043 -2.8067578488412614 0.979273 -0.0296669 0.198301 -0.0286645
1636513433.291732 -1.5667730586523791 -0.19821515023679126 -2.7426339139050953 0.981927 -0.0293118 0.184848 -0.0281252
1636513433.358570 -1.556884814565004 -0.20038256183318312 -2.710547172092361 0.983097 -0.0296792 0.178508 -0.0278146
1636513433.425581 -1.5456012905393046 -0.19558785754941277 -2.6776469914112577 0.98424 -0.0295825 0.172226 -0.0271022
1636513433.492593 -1.5344624090426682 -0.19296722622311574 -2.645273585293066 0.985285 -0.0299985 0.166139 -0.0266911
1636513433.559767 -1.521515155403013 -0.19313211191090404 -2.614182717396711 0.986229 -0.0306791 0.16037 -0.0263209
1636513433.626827 -1.5112089109328448 -0.1921197107019187 -2.581422333349045 0.987085 -0.030879 0.155007 -0.0261161
1636513433.693560 -1.5049780848091152 -0.19059761561426078 -2.5472121604099014 0.987893 -0.0306431 0.149757 -0.0264811
1636513433.760576 -1.4969895924216265 -0.18691061572131173 -2.51374453838728 0.988712 -0.0301237 0.144294 -0.0268555
1636513433.961692 -1.4698805741799998 -0.17753610921963736 -2.4140865470920736 0.990774 -0.0295734 0.129407 -0.0273216
1636513434.028477 -1.4615891258531057 -0.17398425788101118 -2.3797600488965163 0.991349 -0.0293894 0.125081 -0.0267947
1636513434.095551 -1.4533099857860765 -0.17095267475926113 -2.3456686933561897 0.9919 -0.0294398 0.120785 -0.0260359
1636513434.229612 -1.4369421759029843 -0.16591444064399208 -2.275513359388413 0.992929 -0.0295152 0.112345 -0.024465
1636513434.296447 -1.4292227658453935 -0.1631495753884983 -2.2406799337522174 0.99339 -0.0294522 0.108301 -0.0240911
1636513434.363456 -1.4228380676076953 -0.15867739607173195 -2.2054132636780666 0.993813 -0.0294167 0.104395 -0.0239243
1636513434.430305 -1.415063832002291 -0.15569128980113447 -2.170687490140335 0.994207 -0.0295779 0.100595 -0.0236403
1636513434.497519 -1.407711710519501 -0.1531947190237144 -2.1355865558924836 0.994553 -0.0296392 0.0971853 -0.0232467
1636513434.631577 -1.3944401738407475 -0.1447851584195944 -2.0642893187656455 0.995156 -0.0300092 0.0909 -0.0223701
1636513434.698514 -1.3899990992909843 -0.1415900581201776 -2.0273522714140215 0.995448 -0.0304641 0.0875915 -0.0219785
1636513434.765471 -1.3848578717758024 -0.13798671976894783 -1.9904221499791082 0.995741 -0.0309235 0.0841692 -0.0214203
1636513434.832487 -1.3789710582269374 -0.13602882963986038 -1.954144484756512 0.996006 -0.0313279 0.0808765 -0.02119
1636513435.033150 -1.3659799020393701 -0.12329714600520864 -1.8441987301579044 0.996696 -0.0325581 0.0716621 -0.0200555
1636513435.100256 -1.3607878483226337 -0.12097531638151844 -1.8077775912374112 0.996907 -0.0334331 0.068325 -0.0197645
1636513435.167665 -1.3578589783737343 -0.11818400747716383 -1.7706289049684223 0.997091 -0.0340957 0.0652799 -0.0196604
1636513435.235332 -1.3526158336225753 -0.11475160519322007 -1.7348201357822826 0.997267 -0.0344188 0.0624001 -0.0195099
1636513435.301252 -1.3496987698077694 -0.1113194610403322 -1.697781633521664 0.997417 -0.0345999 0.059816 -0.0195932
1636513435.368324 -1.3463035345869874 -0.10757788009670624 -1.660853473477349 0.997569 -0.0346864 0.0573369 -0.0190958
1636513435.435416 -1.3425753641653493 -0.10259628717468963 -1.6241716680652536 0.997719 -0.034875 0.0547318 -0.018591
1636513435.502083 -1.3390149511330889 -0.09871045038774218 -1.5871263238480027 0.997842 -0.0354321 0.0520852 -0.0185023
1636513435.570617 -1.3360536454011158 -0.09562380030295728 -1.5503077243113697 0.997951 -0.0360717 0.0496431 -0.0181094
1636513435.703202 -1.3312154745890983 -0.08831859758928272 -1.4749008228113352 0.998149 -0.0367682 0.0447367 -0.018559
1636513435.770263 -1.3292733029966617 -0.08486920960408582 -1.437174323893659 0.998249 -0.0368956 0.0423343 -0.0185647
1636513435.837207 -1.3266128821317567 -0.08011117709149518 -1.4000402542357777 0.998346 -0.0370351 0.0398819 -0.0184966
1636513435.904160 -1.3233033200788216 -0.07652207624919619 -1.3631955866616383 0.998422 -0.0374855 0.0375888 -0.0183395
1636513435.971323 -1.3206718340697639 -0.07311125495622056 -1.3258599278546117 0.998486 -0.0379648 0.0355909 -0.0178035
1636513436.038136 -1.3189289291454864 -0.06954701433422521 -1.2874706305910133 0.998551 -0.0383166 0.0336461 -0.017199
1636513436.105117 -1.3169924300593043 -0.06455416065859745 -1.2498982822846088 0.998621 -0.0385409 0.0315361 -0.0166339
1636513436.172086 -1.3143741990806705 -0.0597383592914654 -1.2126888469588342 0.998677 -0.0389429 0.0293497 -0.0162957
1636513436.306093 -1.3128893022252623 -0.05151648155062982 -1.1357787921363456 0.998747 -0.0398334 0.0252163 -0.0167793
1636513436.373079 -1.3114256027291311 -0.047672535306995834 -1.0976993058191837 0.998783 -0.0400764 0.023221 -0.0169388
1636513436.440078 -1.3098433349238354 -0.04372986539829116 -1.0601270842439483 0.998814 -0.0403489 0.0213361 -0.0169271
1636513436.507049 -1.308955809593625 -0.03981730343531545 -1.0219507166956616 0.998842 -0.0405826 0.0194911 -0.0169744
1636513436.574048 -1.3080893237489104 -0.03501830428645203 -0.9832633550414075 0.998876 -0.0406414 0.0177417 -0.0167233
1636513436.641083 -1.3067254668993518 -0.03112819091800212 -0.9451952875782991 0.998908 -0.0407573 0.0160265 -0.0162731
1636513436.707952 -1.3056882890423933 -0.02644912290333351 -0.9066846362737357 0.998937 -0.0408151 0.0143351 -0.0158992
1636513436.776046 -1.3044508761267493 -0.022375987873856085 -0.8688202147564029 0.998951 -0.0410454 0.0127229 -0.0157969
1636513436.841820 -1.3026027969048015 -0.01763635473458143 -0.8311980678413081 0.998957 -0.0413072 0.0113092 -0.0158048
1636513436.909032 -1.3022656925970553 -0.012721699240926448 -0.7926132047290539 0.998951 -0.0416682 0.0100341 -0.0161535
1636513436.975831 -1.3026485566633448 -0.008517485139673292 -0.7539015062619385 0.998936 -0.0420691 0.00878904 -0.016737
1636513437.042912 -1.3036642262585136 -0.0040097692812895505 -0.714924258942642 0.998922 -0.0424199 0.00751608 -0.0172863
1636513437.109883 -1.3037689977416242 -0.0015930054022127993 -0.6759027537365547 0.998917 -0.0427245 0.00621994 -0.0173538
1636513437.177042 -1.303669506309829 0.001987462208065817 -0.6371721766980398 0.998937 -0.0425225 0.00501809 -0.0170621
1636513437.243829 -1.3021450684860747 0.005035183032756137 -0.5995242660786932 0.998962 -0.0422969 0.00388352 -0.0164815
1636513437.310920 -1.3008423195132464 0.009921349542694857 -0.5615498995092527 0.998996 -0.0420145 0.00294061 -0.015236
1636513437.377752 -1.3006283091566697 0.01483234545436083 -0.5231916906790334 0.99902 -0.0417226 0.00192905 -0.0146255
1636513437.444911 -1.3002535490541904 0.01926183437352385 -0.4846995320976015 0.999042 -0.0413077 0.000779469 -0.0144242
1636513437.511709 -1.2999789375692348 0.024331583077100462 -0.4472870510543562 0.999069 -0.0407133 -0.000266077 -0.0142609
1636513437.578866 -1.2997112679528315 0.028952527518640407 -0.4094481045631404 0.999078 -0.0403462 -0.00129882 -0.0146415
1636513437.712898 -1.300752628626904 0.035911655221311845 -0.33331306611350203 0.999089 -0.0397398 -0.00288756 -0.0152949
1636513437.779752 -1.300484028226278 0.0401428119481325 -0.29559049741018606 0.999105 -0.0392431 -0.00354484 -0.0154144
1636513437.846736 -1.3000798624439898 0.0448367510252526 -0.2579620174177773 0.999116 -0.0388304 -0.00401462 -0.0155719
1636513437.913612 -1.2997281771285543 0.04902596335833687 -0.22051932440956923 0.999121 -0.0385836 -0.00438051 -0.0158062
1636513437.980453 -1.2994827492101948 0.05309695233600201 -0.18265665574679 0.999122 -0.0384847 -0.00462409 -0.0159125
1636513438.047703 -1.2994645114778183 0.05698909656482677 -0.14429533855947013 0.999127 -0.0383484 -0.00473665 -0.0158797
1636513438.114790 -1.2984695034155482 0.06044159132119909 -0.10695690596660581 0.999136 -0.0381121 -0.00476734 -0.0158803
1636513438.248549 -1.295976653609475 0.06948068150065026 -0.031039573993664672 0.999167 -0.0375387 -0.00415818 -0.0154413
1636513438.315755 -1.2954291219691234 0.07370518133757717 0.006616087356543959 0.999178 -0.0372418 -0.00356633 -0.0156159
1636513438.382751 -1.2941450352334234 0.07827141191956175 0.04420631268652251 0.99919 -0.0370269 -0.00292712 -0.0155113
1636513438.449504 -1.2924220741316994 0.08379959618040721 0.08206720726707291 0.999188 -0.0370692 -0.00223607 -0.0156372
1636513438.516551 -1.2908312913254525 0.08764565825842509 0.11979969975642941 0.999169 -0.0374651 -0.00135521 -0.0159879
1636513438.583445 -1.2900442285445775 0.09120882878963478 0.15876827867884755 0.999156 -0.037831 -0.000201531 -0.0159737
1636513438.650671 -1.2882319209639068 0.09535733050909302 0.19716894646622649 0.999143 -0.0380742 0.000979661 -0.0161991
1636513438.717478 -1.2869056678195068 0.09911332115560352 0.23557940338846914 0.999126 -0.0384183 0.00237635 -0.0163284
1636513438.851440 -1.282065404987102 0.10572954786194097 0.31266571168749435 0.9991 -0.0388502 0.00538221 -0.0161612
1636513438.918483 -1.278704917371087 0.10994197211213078 0.3501776777207463 0.999088 -0.0387584 0.00729066 -0.0163788
1636513438.985426 -1.2764032753013572 0.11446941142493375 0.3880290061777741 0.999059 -0.0388443 0.00956083 -0.0167705
1636513439.119507 -1.2722111317472955 0.12288495969910655 0.4651685547545466 0.998964 -0.0394751 0.0142106 -0.0176111
1636513439.186188 -1.2692198449809209 0.12527159402167082 0.5033657286724965 0.998905 -0.0398393 0.0165769 -0.0180977
1636513439.320714 -1.262779276192816 0.13256241259807763 0.5797395452641922 0.998814 -0.0396313 0.0217347 -0.0181034
1636513439.387303 -1.2583650854830468 0.13576451152903568 0.6172235133426327 0.998762 -0.0394221 0.024288 -0.0181852
1636513439.454328 -1.2534774402781799 0.13916961847298404 0.6548088615209043 0.998701 -0.0391593 0.0271318 -0.0180581
1636513439.521516 -1.2485859321392192 0.1439819745646555 0.6920591820920035 0.998629 -0.0388193 0.0301902 -0.0179521
1636513439.588400 -1.2435340278050395 0.14834574238461515 0.7293219308793442 0.998533 -0.0386413 0.0332615 -0.0182565
1636513439.655282 -1.2387421152335776 0.15203618872818334 0.7666052034886658 0.998414 -0.0385222 0.036452 -0.0188756
1636513439.722247 -1.2339253395317422 0.15524015500076987 0.8036964815539781 0.998278 -0.038334 0.0397919 -0.0197216
1636513439.789242 -1.2283299037124913 0.15912555369711126 0.8403567435213104 0.99813 -0.0380193 0.0432127 -0.0205831
1636513439.857517 -1.2225642541068076 0.16286906594374906 0.8772268323112157 0.997964 -0.0377831 0.0467841 -0.021271
1636513439.991116 -1.208668754630934 0.17003847983580778 0.95051002617026 0.997586 -0.0374822 0.0542821 -0.0217156
1636513440.057218 -1.200404652796986 0.17349316251423158 0.9864302666573119 0.997377 -0.0374057 0.058159 -0.0213716
1636513440.124228 -1.1917979184952479 0.17732985037032206 1.0234450593778506 0.997141 -0.0374145 0.0621483 -0.021168
1636513440.191800 -1.1835914541780634 0.18085309316726794 1.0607618780671606 0.996873 -0.0373141 0.066342 -0.0212203
1636513440.258227 -1.1751999358838536 0.18476537328680454 1.0976866930355427 0.996581 -0.0370415 0.0706284 -0.0216052
1636513440.325154 -1.1669226326067763 0.188542969828569 1.134904730197162 0.996251 -0.0368675 0.075048 -0.0222039
1636513440.392157 -1.1583800336435595 0.19274668444554754 1.1719676143344153 0.995898 -0.0367014 0.0795239 -0.0227191
1636513440.459229 -1.1493713910087857 0.19653972414806273 1.209174448979233 0.995519 -0.036673 0.0839691 -0.0233831
1636513440.526268 -1.139404636635422 0.19978655499630626 1.2463328249221228 0.995111 -0.0367394 0.0884994 -0.0239026
1636513440.593266 -1.129057622288543 0.20260644063400857 1.282816627209763 0.994667 -0.0367618 0.0932337 -0.0243786
1636513440.660054 -1.1184469082643842 0.2056035240545862 1.3193201179404792 0.994186 -0.0367054 0.0981207 -0.0248862
1636513440.727070 -1.1072889995959814 0.2089473950548307 1.3559924825310503 0.993668 -0.0366218 0.103141 -0.0253991
1636513440.794084 -1.0957754830455526 0.21238644443729005 1.3925780225652975 0.993112 -0.0364785 0.108333 -0.0257343
1636513440.860945 -1.0836374238798328 0.21591809725361266 1.4285362998509212 0.992521 -0.036168 0.113659 -0.0259987
1636513440.927948 -1.0712842523859873 0.21918414776994596 1.464396526950665 0.99189 -0.035684 0.119092 -0.026432
1636513441.062171 -1.0456740517261547 0.2266425154190822 1.5356858645484637 0.990549 -0.0348597 0.129875 -0.0270332
1636513441.128926 -1.0318121148770776 0.23014975855890651 1.5710273687396956 0.989849 -0.034803 0.135037 -0.027441
1636513441.196002 -1.0180959370884204 0.23303432757858492 1.6065835249617657 0.989104 -0.0346787 0.140312 -0.0279954
1636513441.265104 -1.0034106195336245 0.23535888095579427 1.6411912245013627 0.98833 -0.0344239 0.14564 -0.0284166
1636513441.397085 -0.9726632464462639 0.2411457719552042 1.708258028720294 0.98661 -0.0336526 0.156746 -0.0299944
1636513441.530872 -0.9418276573435305 0.24739331862100455 1.7751612430827892 0.984699 -0.0331107 0.168193 -0.0313635
1636513441.597708 -0.9258983808297794 0.24995235085608009 1.8082070013896105 0.983692 -0.0329056 0.173945 -0.0318026
1636513441.664879 -0.908843494757317 0.25295958429723797 1.8407164342828364 0.982643 -0.0325672 0.17979 -0.0320493
1636513441.798957 -0.8759500997748639 0.25737846640845485 1.9061174502304925 0.980337 -0.0318936 0.191937 -0.0329043
1636513441.865911 -0.8583766546064857 0.2595720819181147 1.9385365403869195 0.979185 -0.0312559 0.1978 -0.0330817
1636513441.932804 -0.8393650197555703 0.263142302839484 1.9697342449153066 0.978021 -0.0306624 0.203488 -0.0335902
1636513441.999915 -0.8200273723601388 0.26615542294885497 2.001127786777497 0.976761 -0.0305891 0.209386 -0.0340563
1636513442.066911 -0.801006120531312 0.2691433520800646 2.034078775670964 0.975414 -0.0305312 0.215572 -0.0341103
1636513442.133768 -0.7822405708678649 0.27169748708220337 2.067184050497719 0.974063 -0.0304046 0.221555 -0.0345007
1636513442.200756 -0.7620111768560167 0.27389821731772157 2.0987918122410725 0.972742 -0.0301479 0.227257 -0.0349096
1636513442.334763 -0.7194593277561296 0.27953558906156917 2.1610538011404588 0.969951 -0.0294043 0.238913 -0.0353772
1636513442.468742 -0.6770691656470524 0.284506236204616 2.2231695413145496 0.966907 -0.0291494 0.250853 -0.0362487
1636513442.535713 -0.6553477783677295 0.2869123387699774 2.2538965157356596 0.965368 -0.029062 0.256668 -0.0366229
1636513442.602699 -0.6326462614607846 0.2889222823059683 2.283797968506831 0.963811 -0.0289536 0.262421 -0.0369399
1636513442.669579 -0.609247073208465 0.2907941369486231 2.312910750247651 0.962193 -0.0287259 0.268292 -0.0371452
1636513442.736684 -0.5854727459807121 0.29316187147641837 2.3419403656184317 0.960498 -0.0284215 0.274353 -0.0369663
1636513442.870533 -0.5376532886903157 0.2965321553170485 2.399130052319846 0.957048 -0.02762 0.286324 -0.0362697
1636513442.937742 -0.5127841653545644 0.2987264158111508 2.426124354875706 0.955265 -0.0271601 0.292301 -0.0359336
1636513443.005006 -0.4886883963846078 0.30035207824156085 2.4539346566877533 0.953397 -0.0269615 0.298344 -0.0360336
1636513443.138654 -0.4399670899344552 0.30479294629907416 2.5093285545420327 0.949621 -0.0268 0.310087 -0.0367081
1636513443.205577 -0.41471456876507284 0.30710925932700295 2.53664436787338 0.947669 -0.0270117 0.315914 -0.0373154
1636513443.272578 -0.38938362894705425 0.3092793557090071 2.5642229752218926 0.945626 -0.0273406 0.321892 -0.0378046
1636513443.339637 -0.3633447456916581 0.30976604213125825 2.591055543691656 0.943542 -0.0278186 0.327882 -0.0380537
1636513443.406570 -0.33702078878645403 0.3104223320761827 2.618488170140063 0.941418 -0.0279564 0.333903 -0.0381989
1636513443.473433 -0.30952877235085263 0.31169859407715816 2.644071853352438 0.939307 -0.0275741 0.339847 -0.0380155
1636513443.540465 -0.2815031146902647 0.3133527013171858 2.668440928857756 0.937108 -0.0270592 0.34593 -0.037802
1636513443.607612 -0.2534400907325307 0.31558730849568506 2.6924319413644926 0.934771 -0.0266426 0.352232 -0.0377757
1636513443.741562 -0.19677996963822242 0.319071866414444 2.7409073242591777 0.929723 -0.026315 0.365316 -0.0382968
1636513443.808622 -0.16868666679748467 0.3203536865115042 2.7658609813612864 0.927096 -0.0264561 0.371848 -0.0390107
1636513443.875482 -0.140665273004829 0.3213844629106883 2.790077641221424 0.924451 -0.0265093 0.378289 -0.0398193
1636513443.942441 -0.1119974426015462 0.3217023600427627 2.8132800700118388 0.921776 -0.0265074 0.384663 -0.0407509
1636513444.009253 -0.0826669039303849 0.3237146622394164 2.8354591829781164 0.919029 -0.0262887 0.391136 -0.0413144
1636513444.076273 -0.0525823163257404 0.3244062049872026 2.8577915205457565 0.916198 -0.0262936 0.397708 -0.0414413
1636513444.143310 -0.022801117492757816 0.3282988407108713 2.8804593966383933 0.913297 -0.0262598 0.404293 -0.0417727
1636513444.210467 0.006852709740898133 0.3314120056498446 2.903458332007628 0.910439 -0.0271751 0.410524 -0.0428072
1636513444.277313 0.03792019898919774 0.3335246489945792 2.925233636550825 0.907517 -0.0287156 0.416712 -0.044041
1636513444.344339 0.06859594602005759 0.33449152992195924 2.948405214798278 0.904418 -0.0304517 0.423162 -0.045101
1636513444.411379 0.09940114578566717 0.33330202981239526 2.972104485587508 0.901286 -0.0316348 0.429646 -0.0456912
1636513444.478370 0.13097808379257758 0.33210747940846075 2.994235167614055 0.898323 -0.0315811 0.435788 -0.0459078
1636513444.545191 0.1632280178610479 0.33197613513306484 3.0139289205725803 0.895481 -0.0306596 0.441647 -0.0460584
1636513444.612191 0.1959800710043984 0.3319156120525302 3.0334050626373177 0.892612 -0.0293182 0.447547 -0.0456701
1636513444.679361 0.22890133850833028 0.332747784566327 3.05199990234964 0.889789 -0.0277724 0.453285 -0.0451298
1636513444.813389 0.29515122472976585 0.33380363507326566 3.087884654111126 0.884049 -0.0257495 0.464468 -0.0454171
1636513444.880376 0.3280972286461359 0.3361521398499036 3.106036093509899 0.881027 -0.0252449 0.470126 -0.0462093
1636513444.947160 0.36080837818810996 0.3365929953626849 3.124548982305763 0.877972 -0.0253062 0.475711 -0.0471524
1636513445.014182 0.3939803365247987 0.336606475321608 3.1427515709312206 0.874969 -0.0252196 0.481129 -0.0480478
1636513445.081026 0.42764725813730964 0.3363041903563833 3.159360469690281 0.872014 -0.0247853 0.486411 -0.0488052
1636513445.148091 0.4615360493661269 0.3362271155569227 3.174098167768535 0.868928 -0.0238267 0.491915 -0.0491454
1636513445.214957 0.49561454924187 0.3365413644535717 3.1888936454143337 0.865695 -0.0229244 0.497591 -0.0494984
1636513445.282071 0.5298603809764959 0.3364674074844347 3.2048095583129084 0.862434 -0.0220053 0.503231 -0.0498174
1636513445.349283 0.5637998945709144 0.33703021669488425 3.2197117744841455 0.859274 -0.0210373 0.508603 -0.0502922
1636513445.416258 0.5982452776233593 0.33709071451395256 3.2335923798335964 0.856165 -0.0204711 0.513757 -0.0511579
1636513445.483062 0.6324952408490299 0.33669074869985244 3.2471887972685916 0.852838 -0.0200322 0.519174 -0.0521924
1636513445.550225 0.6670863744246458 0.33705011949157926 3.260806089200849 0.849417 -0.019432 0.524687 -0.0530719
1636513445.817861 0.8074944296154316 0.3389660120288329 3.309330750029662 0.834032 -0.0182892 0.548306 -0.0584491
1636513445.951906 0.8799816563252418 0.33889393701233467 3.3258944281270293 0.826388 -0.0149157 0.559943 -0.0576601
1636513446.086028 0.952752938102116 0.3350975190542433 3.3398966424068632 0.817819 -0.0132586 0.572529 -0.0566306
1636513446.152976 0.9888088042433083 0.3336724746137779 3.3484097931484045 0.813141 -0.0126854 0.579114 -0.0571611
1636513446.219959 1.0242852415098884 0.3329252243882858 3.3568684374516247 0.808608 -0.0126738 0.585305 -0.0583958
1636513446.286785 1.0595066114446676 0.3322115090815187 3.364753298087198 0.804128 -0.012897 0.591307 -0.0597324
1636513446.353817 1.0943451259367385 0.3317011068034302 3.3711166444202343 0.799484 -0.0131203 0.597451 -0.0608792
1636513446.420754 1.13003368694991 0.33145384920806 3.3763262390798077 0.794655 -0.0132793 0.603785 -0.0615626
1636513446.554866 1.2017871264426667 0.32806904663759784 3.3825939428124787 0.78456 -0.0125326 0.616936 -0.0608217
1636513446.621917 1.237017966145954 0.3250783045863344 3.383299026422133 0.779295 -0.0119011 0.623651 -0.0601455
1636513446.689048 1.2722117911440027 0.32296334674573396 3.3832730178355894 0.77365 -0.0111893 0.630708 -0.0595641
1636513446.756014 1.3080449931351703 0.3214487655100088 3.384319439555594 0.767678 -0.0106725 0.638003 -0.0592272
1636513446.822931 1.3437010389684656 0.3192248978694594 3.38592119115525 0.761706 -0.0104173 0.645104 -0.0594733
1636513446.889745 1.378468054832281 0.3177326291091812 3.3872145794587807 0.755812 -0.0106313 0.651865 -0.0608884
1636513446.956775 1.41287279556632 0.3171257163819693 3.3880827298384015 0.749875 -0.0112597 0.658505 -0.0627011
1636513447.023528 1.446508513614959 0.3156004634825055 3.387410381539303 0.743768 -0.0120341 0.665272 -0.0638546
1636513447.090853 1.4812299633762567 0.31298193410411485 3.3856250633753913 0.737374 -0.0126339 0.672316 -0.0641202
1636513447.157738 1.5155678371479917 0.3090051244436149 3.382863807659342 0.730804 -0.0129424 0.679443 -0.0641568
1636513447.224688 1.5489215747829765 0.3044592939441281 3.377873302812235 0.72416 -0.012378 0.686536 -0.0640815
1636513447.291878 1.5817344277959875 0.30166839176605964 3.3719335498013665 0.717174 -0.0113798 0.693818 -0.0644091
1636513447.358706 1.6141057948406932 0.2990056500085596 3.3652076494428265 0.709807 -0.0104911 0.701322 -0.0648994
1636513447.425772 1.6466004788141246 0.29649522129672146 3.3585304570151773 0.702058 -0.00971925 0.709036 -0.0654806
1636513447.492562 1.6787613837410258 0.29431133388591585 3.3520057522990943 0.694081 -0.00888991 0.716804 -0.0660594
1636513447.559579 1.7104219040599493 0.29224172352754396 3.3445525295085914 0.686145 -0.00837798 0.72434 -0.0668302
1636513447.626617 1.7419665977864152 0.28926668169936254 3.335988884188396 0.678076 -0.0081632 0.73184 -0.0675035
1636513447.827556 1.8340010802236235 0.280717784578997 3.305340083680619 0.652406 -0.006989 0.754732 -0.0685343
1636513447.894572 1.8644044956468773 0.2783379934270361 3.2940734245732584 0.643633 -0.00654504 0.762175 -0.0691517
1636513448.028692 1.9243456039197657 0.27139008572958695 3.2698591669875547 0.625869 -0.0060771 0.776673 -0.0709219
1636513448.095567 1.9532662376834193 0.26853906175192727 3.257057471010406 0.61663 -0.00596802 0.78389 -0.0724519
1636513448.162513 1.9823311968094317 0.2656050707132301 3.2434818473894014 0.60736 -0.00581566 0.790974 -0.073761
1636513448.229507 2.011313183114272 0.2630126935455285 3.2295166102718253 0.598163 -0.00513641 0.7979 -0.0743721
1636513448.296535 2.0400032035162297 0.26046417806137545 3.214027632694384 0.589427 -0.00410952 0.804385 -0.0743218
1636513448.363621 2.069416500021694 0.2571592276970272 3.1974884845004583 0.580876 -0.00297991 0.810654 -0.0735779
1636513448.430537 2.0988765453294738 0.25405362616499244 3.1799571566968137 0.572522 -0.0013561 0.816693 -0.0723202
1636513448.497540 2.1282161887418134 0.2508023578435682 3.1617963054626963 0.564374 0.000232476 0.822454 -0.0710671
1636513448.564578 2.1570484192953963 0.247595785291361 3.1438242688347717 0.556342 0.00152471 0.827972 -0.0703084
1636513448.765249 2.2423837151965884 0.2386817950570247 3.0911206636683897 0.532114 0.00249224 0.843598 -0.0720489
1636513448.832392 2.2709496045310322 0.23586485503662075 3.0735969020922087 0.524033 0.0020825 0.848552 -0.0731048
1636513448.899377 2.2991633226722827 0.2328668653785819 3.054694030415164 0.516231 0.00220435 0.853285 -0.0735224
1636513448.966468 2.3259860870354 0.22905429134363373 3.0345349524110365 0.508638 0.00262713 0.857848 -0.073324
1636513449.100325 2.379111079952084 0.22119533164799 2.9922134010648027 -0.493557 -0.0040919 -0.866665 0.0726343
1636513449.167309 2.4051016628253703 0.2180298598684914 2.970502677868459 -0.486289 -0.00510633 -0.870769 0.0725177
1636513449.234362 2.430915705552999 0.21495671762369625 2.948681199064263 -0.479202 -0.00561257 -0.874676 0.0726275
1636513449.301158 2.456016896367968 0.2115365711369009 2.9263032667535844 -0.472153 -0.00591013 -0.878494 0.0726947
1636513449.368176 2.4810999409442194 0.20778413378952051 2.9038743032473255 -0.464886 -0.00587833 -0.882343 0.0729177
1636513449.435174 2.5058444343029387 0.2036683052525113 2.881306203695649 -0.457506 -0.00593002 -0.886178 0.0730819
1636513449.502193 2.5309846580464264 0.20009185179599354 2.8581313634039063 -0.450225 -0.00654934 -0.889901 0.073015
1636513449.569380 2.5557980826053828 0.1961845099084294 2.8345315364683232 -0.443318 -0.00734478 -0.893371 0.0728238
1636513449.636347 2.5793744545911417 0.19209064735806797 2.8094672335531397 -0.43686 -0.00852254 -0.896564 0.0724883
1636513449.703330 2.6028434444610546 0.18832782926048316 2.784596989815842 -0.430367 -0.00949688 -0.899708 0.0722471
1636513449.770159 2.62675014005388 0.1854116096390539 2.7597835926532257 -0.423946 -0.0101949 -0.902751 0.072154
1636513449.837286 2.651797648501496 0.18178872177182126 2.7356502263582803 -0.417827 -0.0103797 -0.905604 0.072076
1636513449.904048 2.6769005531400105 0.17769974345630335 2.711198636229485 -0.412291 -0.010484 -0.908132 0.0721197
1636513449.970916 2.6992874327520586 0.17329875718539983 2.6856548162159086 -0.407044 -0.0104911 -0.91047 0.0724533
1636513450.038042 2.7212687325792437 0.16843558520698057 2.659503009792661 -0.40141 -0.0106024 -0.912941 0.0727733
1636513450.105241 2.743905105933574 0.16409844855824182 2.6336470949593687 -0.3955 -0.0113492 -0.915506 0.0727998
1636513450.172082 2.7678200098861416 0.16056490392830458 2.6077735730342506 -0.390101 -0.0124699 -0.917811 0.0727189
1636513450.239162 2.7905704934989113 0.15736058258556318 2.5808326782754105 -0.3856 -0.0137692 -0.91971 0.0725103
1636513450.306253 2.8123490884971556 0.15380501498517743 2.553483106234091 -0.381409 -0.0147811 -0.921455 0.0723172
1636513450.373085 2.8341699403321967 0.1503301926410909 2.5257029321991107 -0.377163 -0.0154594 -0.9232 0.0721845
1636513450.440125 2.8574678387309365 0.14682355483528214 2.4989413923264996 -0.372801 -0.0159274 -0.924977 0.0719961
1636513450.573928 2.906599099952106 0.13939925310603354 2.4460269766507987 -0.365918 -0.0163907 -0.927726 0.0718383
1636513450.640939 2.9303088414112306 0.13559136613743647 2.419019757641037 -0.363628 -0.016679 -0.928629 0.0717199
1636513450.708123 2.9537461823907925 0.13181435179328735 2.3917631959070578 -0.361688 -0.0170324 -0.9294 0.0714708
1636513450.908925 3.025388479107522 0.11903736106682099 2.3092590599419114 -0.357676 -0.018876 -0.93105 0.0696991
1636513450.976022 3.049057244097143 0.1148442797705926 2.2823359017386906 -0.357048 -0.0190642 -0.93131 0.0693898
1636513451.042881 3.07235624727505 0.11066702441019052 2.2545029946111392 -0.356583 -0.0188611 -0.931503 0.0692456
1636513451.109761 3.0955484047725363 0.10537840814642377 2.227092528910527 -0.355858 -0.018199 -0.931773 0.069517
1636513451.176831 3.118786046301664 0.10097168565665457 2.1996580847889287 -0.354831 -0.0177915 -0.932131 0.0700681
1636513451.243997 3.142968580801347 0.09702781977205858 2.1724838490281644 -0.3537 -0.0175881 -0.932526 0.0705923
1636513451.311001 3.1665891269239728 0.09313974014683006 2.144919251990173 -0.352768 -0.0177203 -0.932851 0.0709192
1636513451.511919 3.2339094706416516 0.07928779711850345 2.0607240664665243 -0.349976 -0.0187343 -0.933865 0.0711503
1636513451.578954 3.2569052151069906 0.07543096729050015 2.0329310993517673 -0.348669 -0.0189142 -0.934327 0.0714593
1636513451.645689 3.280866720720171 0.07180839138587543 2.005497581584251 -0.347606 -0.0186742 -0.9347 0.0718184
1636513451.712742 3.304318522468784 0.06830492974205471 1.9781453347149576 -0.346874 -0.0181892 -0.934952 0.0721972
1636513451.779753 3.3277623590454315 0.06427714020624364 1.950134382827764 -0.346233 -0.0177609 -0.935178 0.0724539
1636513451.846750 3.3504531375389326 0.060317972170920234 1.9220716966219515 -0.345502 -0.0175834 -0.93545 0.0724799
1636513451.913734 3.373774407616073 0.056333509823195335 1.8936767160436014 -0.344693 -0.0175482 -0.935759 0.0723517
1636513451.980796 3.3971963115799526 0.05188171813188765 1.8650613207003082 -0.343998 -0.0178071 -0.936023 0.0721786
1636513452.114784 3.442557550329282 0.042903359046843614 1.8072675326508802 -0.342849 -0.018751 -0.936461 0.071716
1636513452.181813 3.464815598949817 0.03841757978057453 1.7782837758960945 -0.342251 -0.0194436 -0.936675 0.0715971
1636513452.248570 3.487071522454897 0.03430457804712764 1.7496227671278155 -0.341627 -0.0199193 -0.936891 0.0716123
1636513452.382529 3.5335243379614445 0.02631638009101281 1.6931813947462484 -0.340511 -0.0200585 -0.937274 0.0718832
1636513452.449775 3.5567194304809884 0.023133957192350563 1.665197927589404 -0.340394 -0.0196593 -0.937314 0.0720275
1636513452.516711 3.58025617498726 0.018847362661970096 1.6372514354860657 -0.340397 -0.0188461 -0.937334 0.0719748
1636513452.583648 3.604137754606963 0.013898449219007736 1.6093654156313035 -0.340274 -0.0181581 -0.937396 0.0719268
1636513452.650713 3.6276906750609488 0.009559484050492062 1.58114037790288 -0.340157 -0.0183717 -0.937454 0.0716615
1636513452.717602 3.6507386829486306 0.005197381157611813 1.552573229498891 -0.340232 -0.0189764 -0.93745 0.0711969
1636513452.784483 3.6728563310716886 0.0005962539273744183 1.5235358972506692 -0.340439 -0.0197699 -0.937396 0.0707084
1636513452.851593 3.6947725765155033 -0.004176242656228318 1.494572069320807 -0.340532 -0.0205918 -0.937378 0.0702658
1636513452.918586 3.717168810610724 -0.00901841007310969 1.4663778540353398 -0.340408 -0.020957 -0.937429 0.0700694
1636513452.985469 3.7401426216514775 -0.013746594819436603 1.438764677749135 -0.340223 -0.0207593 -0.937483 0.0703038
1636513453.052487 3.7642986115374075 -0.01830449996233033 1.411896188836274 -0.340165 -0.020194 -0.937465 0.0709906
1636513453.119591 3.7879525586764937 -0.022035516921148246 1.3852236477624458 -0.34041 -0.0195536 -0.937313 0.0719985
1636513453.186604 3.811158582140439 -0.026052648038771664 1.3582091086986894 -0.340697 -0.0191246 -0.937157 0.0727813
1636513453.253618 3.8335764108026185 -0.029816566891776336 1.3313955896515952 -0.340795 -0.0187909 -0.937082 0.0733648
1636513453.320472 3.856038459015174 -0.033871299470499217 1.3039873290701156 -0.340739 -0.0189932 -0.937091 0.0734678
1636513453.387474 3.8786631990753326 -0.038214816093407905 1.276325086164421 -0.340748 -0.0196081 -0.937087 0.0733048
1636513453.454286 3.900149118915676 -0.04173182424780306 1.248633070360256 -0.340997 -0.0203694 -0.937001 0.0730487
1636513453.521286 3.921679106984854 -0.045825609383042115 1.2212542372366006 -0.341198 -0.0208542 -0.936966 0.0724108
1636513453.588254 3.9431359646473725 -0.05015012266856125 1.1944757135054127 -0.341197 -0.0210479 -0.937016 0.0717162
1636513453.655389 3.964416833066484 -0.054290440030418496 1.1683780828970902 -0.341173 -0.0209062 -0.937065 0.0712323
1636513453.722436 3.9860018888740516 -0.058433658019147044 1.142974264504076 -0.341126 -0.0206682 -0.93711 0.0709286
1636513453.789449 4.007508693364543 -0.06259560081457688 1.118020205884694 -0.341155 -0.020451 -0.937105 0.0709118
1636513453.856323 4.028679423635635 -0.06668301899146939 1.0942043615385901 -0.341161 -0.0199372 -0.937077 0.0714077
1636513453.923366 4.049112539852746 -0.07028560266168693 1.0708778520741054 -0.341128 -0.0195555 -0.937035 0.0722078
1636513453.990483 4.068784889965706 -0.07369344616658424 1.0476779913251113 -0.341139 -0.0197749 -0.936982 0.0727935
1636513454.057353 4.0871896337242655 -0.07696696323755678 1.0246699464728206 -0.34134 -0.0203571 -0.936863 0.073214
1636513454.124345 4.1049796008270425 -0.08041740357154886 1.0019771003912081 -0.341533 -0.0207839 -0.936775 0.0733151
1636513454.191133 4.122333006075422 -0.08360220701191237 0.9796643872854798 -0.341612 -0.0210186 -0.936752 0.0731798
1636513454.258341 4.139696392132965 -0.08682077706811922 0.9579714426014774 -0.341555 -0.0211621 -0.936792 0.0728876
1636513454.392331 4.173504051502226 -0.09307800376055458 0.9179548658818364 -0.341496 -0.0205407 -0.936856 0.0725249
1636513454.459327 4.189593687620818 -0.09629408064206846 0.8996312074703683 -0.34169 -0.0200839 -0.936792 0.0725591
1636513454.526286 4.204125596400736 -0.09908153500342681 0.8823391749377736 -0.341883 -0.0196721 -0.936734 0.0725181
1636513454.593195 4.218206473509478 -0.10197537217807867 0.8658664416978779 -0.341812 -0.0191751 -0.936789 0.0722699
1636513454.660187 4.2316920093204455 -0.10466968459262843 0.8499900664292921 -0.341629 -0.0190255 -0.936887 0.0719019
1636513454.727121 4.243971493062342 -0.10680113225939747 0.8348641252223792 -0.341668 -0.0191431 -0.936896 0.071573
1636513454.794060 4.255074504067387 -0.10864045639900688 0.8209335337530332 -0.341894 -0.0193602 -0.936832 0.0712677
1636513454.861072 4.265344604228895 -0.11072558260442494 0.808150999984641 -0.342055 -0.0194057 -0.936803 0.0708698
1636513454.995203 4.282720892054348 -0.11430035319044696 0.786525050787972 -0.341899 -0.0194269 -0.936916 0.0701164
1636513455.062039 4.289799944485699 -0.11554461962409349 0.7777239786876475 -0.341902 -0.0194373 -0.936933 0.0698707
1636513455.129241 4.29599948089793 -0.11657733710319015 0.7702343745748645 -0.341975 -0.0194474 -0.936919 0.0696999
1636513455.262928 4.304924044388059 -0.11816799467490571 0.7591543493273516 -0.342205 -0.0191603 -0.936851 0.0695557
1636513455.396992 4.310394453903934 -0.11902063394811091 0.752931314703424 -0.342092 -0.0188714 -0.936913 0.0693557
1636513455.463896 4.311284213659404 -0.11898158095130018 0.7517827471791978 -0.342136 -0.0188617 -0.936898 0.0693532
1636513455.530987 4.310951299590277 -0.11883942751128587 0.7518649242953697 -0.34222 -0.0189383 -0.936867 0.0693311
1636513455.598115 4.310662411597887 -0.11900632064576694 0.7528469030613263 -0.3422 -0.0190034 -0.936855 0.0695742
1636513455.665069 4.310420809186338 -0.11925347467873854 0.7538888392581211 -0.342172 -0.0191808 -0.93681 0.0702645
1636513455.732080 4.309521548564733 -0.11943814136161363 0.754646715558194 -0.342239 -0.0193809 -0.936726 0.0710037
1636513455.865984 4.308897320123004 -0.11927127888084416 0.7548041834963677 -0.342186 -0.0193367 -0.936728 0.0712348
1636513455.932842 4.309150081522683 -0.1191207082655569 0.7547111394541244 -0.342166 -0.0192086 -0.936756 0.0710006
1636513455.999851 4.309482284557686 -0.11912386414645693 0.7546949908336482 -0.342192 -0.0191968 -0.93675 0.0709657
1636513456.133983 4.309114794218752 -0.11919358470946143 0.7549728970257745 -0.342183 -0.0192878 -0.936736 0.071168
1636513456.200819 4.308818793734325 -0.11906694797384038 0.7549445231294389 -0.342206 -0.0193265 -0.936732 0.0710923
1636513456.268249 4.308965064265438 -0.11905588826375985 0.7548391322258212 -0.342233 -0.019335 -0.936731 0.0709708
1636513456.334973 4.309196981608722 -0.11945739303070635 0.7548063179552189 -0.342255 -0.0192537 -0.936732 0.0708847
1636513456.401843 4.3091626516967985 -0.11922630334657819 0.7549278885432393 -0.342227 -0.0193075 -0.936736 0.0709515
1636513456.535759 4.309054198034046 -0.119265199912063 0.7551149274729576 -0.342206 -0.0192315 -0.936748 0.0709147
1636513456.602580 4.309115361801063 -0.1192642468721426 0.7552266915053301 -0.342215 -0.0191895 -0.936748 0.0708826
1636513456.669826 4.309114011171576 -0.11938217737518875 0.7553240673166577 -0.342206 -0.0191577 -0.936756 0.0708257
1636513456.736856 4.309276939718018 -0.11948723985474388 0.7554214766442711 -0.342162 -0.0191518 -0.936775 0.0707829
1636513456.804619 4.309380564844117 -0.1195665497284582 0.7555389411519611 -0.342136 -0.0191565 -0.93679 0.0707124
1636513456.870681 4.309420875620381 -0.11955012895587691 0.7556092934329253 -0.342142 -0.0191656 -0.93679 0.0706823
1636513456.937621 4.30950642430747 -0.11960625454641682 0.7556738109068204 -0.342144 -0.0191906 -0.936793 0.0706286
1636513457.004818 4.309452894676277 -0.11958367655067001 0.7557637353040572 -0.342131 -0.0191742 -0.936799 0.0706157
1636513457.075320 4.309689394022552 -0.119556963482017 0.7558213293742786 -0.342093 -0.019163 -0.936813 0.0706123
1636513457.138519 4.309680999580064 -0.11975691409191297 0.7558801090503555 -0.342095 -0.0190901 -0.936817 0.0705751
1636513457.205508 4.309746972548229 -0.11978715504612036 0.7559780989739389 -0.342093 -0.0190934 -0.936818 0.0705747
1636513457.272499 4.309663665742811 -0.11982690065162793 0.7560852177135307 -0.34209 -0.0190606 -0.936819 0.0705822
1636513457.341435 4.30959075349732 -0.11988358745199451 0.7561670193267249 -0.34208 -0.0190546 -0.936824 0.0705584
1636513457.406712 4.309623995286227 -0.1200128925625531 0.7562334593539557 -0.342083 -0.019043 -0.936826 0.0705289
