1636513329.731497 -3.4890512721674853 0.04986702891556389 -0.544116371337975 0.991804 5.09556e-05 0.127584 -0.00688253
1636513329.798583 -3.4890134684904845 0.0498455336567611 -0.5440858584033753 0.991804 3.12259e-05 0.127581 -0.00688158
1636513329.865605 -3.48886993039049 0.04968899468019668 -0.5440284412320244 0.991805 5.43418e-05 0.127575 -0.00688201
1636513329.932580 -3.48881724841577 0.049513356115324744 -0.5440491369943727 0.991805 0.000123107 0.127575 -0.006901
1636513329.999457 -3.489051962842421 0.049712033318983655 -0.5437580860814506 0.991804 0.000235563 0.127579 -0.00694006
1636513330.066270 -3.4889922276815675 0.04996651847174808 -0.5440282524117344 0.991803 0.000315016 0.127588 -0.00697504
1636513330.133529 -3.489168277582453 0.0498063004066879 -0.5440116295206828 0.991801 0.000318054 0.127596 -0.00699816
1636513330.267359 -3.488958966245862 0.049634590180910834 -0.544227124646689 0.991805 0.000395506 0.127564 -0.00701556
1636513330.334599 -3.4888024445769092 0.04972851097820576 -0.5444293282021768 0.991806 0.00038907 0.12756 -0.00699551
1636513330.468444 -3.4890341733436823 0.0498597387250933 -0.5441975448618173 0.991804 0.000407266 0.127579 -0.00699609
1636513330.535358 -3.4889469939025672 0.04970076594176034 -0.5442835239374578 0.991806 0.000408209 0.127562 -0.00704006
1636513330.602940 -3.488907148843112 0.04973925239639967 -0.5441906098138234 0.991806 0.000475555 0.12756 -0.00702105
1636513330.669157 -3.489105031093403 0.04988203725266999 -0.5440543356298819 0.9918 0.000557797 0.127601 -0.00704428
1636513330.736618 -3.48904376512134 0.049855800935531484 -0.5439372916494514 0.991799 0.000628099 0.127611 -0.00703297
1636513330.803390 -3.489088131446851 0.04987447135078574 -0.5440442067383339 0.9918 0.000714105 0.127602 -0.00703377
1636513330.870372 -3.488996414463568 0.049917721060657796 -0.5441885306491879 0.991801 0.000758726 0.127593 -0.00706217
1636513330.937407 -3.4889563136117525 0.04995733328506374 -0.5442817594970325 0.991802 0.000799803 0.127585 -0.00708045
1636513331.004241 -3.4890140960080296 0.05006539494126619 -0.5440198575837549 0.991802 0.000837151 0.127586 -0.00707576
1636513331.071340 -3.48916023067287 0.04997970171409391 -0.5440152904745512 0.9918 0.000835857 0.127604 -0.00708268
1636513331.138155 -3.489033949670837 0.0499795865332907 -0.5439527814917892 0.991801 0.00087104 0.127598 -0.00704031
1636513331.272339 -3.4886899065355035 0.04928172014052703 -0.5423177853470669 0.991799 0.00144362 0.127605 -0.00710132
1636513331.406265 -3.487321004697756 0.05059941067169368 -0.5376419347287559 0.991809 0.00243959 0.127498 -0.00727593
1636513331.473349 -3.485988704225514 0.05088666810863557 -0.5338102700759618 0.991814 0.00243892 0.127457 -0.00728694
1636513331.540095 -3.4846092500388743 0.050997487640118605 -0.5288144259077063 0.991813 0.00227461 0.127469 -0.00726435
1636513331.607222 -3.4829178624557118 0.05089722529029665 -0.5230351430174809 0.991816 0.00212575 0.12745 -0.00724224
1636513331.807855 -3.4766778634644977 0.051424108095219426 -0.5009936646200857 0.99183 0.00194574 0.127365 -0.0068929
1636513331.875036 -3.474544883977271 0.05173840527191783 -0.4914374575090529 0.991829 0.00190008 0.127378 -0.00678883
1636513331.942065 -3.471606759536133 0.05198528639519377 -0.4819694551226674 0.991841 0.00188178 0.127294 -0.00668277
1636513332.009002 -3.4687178554457776 0.052102157712366724 -0.4713319170489362 0.991846 0.00181025 0.127258 -0.00657134
1636513332.143600 -3.461936337410729 0.05346513519864641 -0.4476748089372209 0.991865 0.00179307 0.12713 -0.00621593
1636513332.210030 -3.4582889092226496 0.05366936607829108 -0.4348414949948012 0.991869 0.00167852 0.127103 -0.0060838
1636513332.343945 -3.4507217274190136 0.05471066752451882 -0.4058710214513974 0.991886 0.00141672 0.126987 -0.00588274
1636513332.410798 -3.446350655465738 0.05478890893628216 -0.39061201389440436 0.991896 0.00126908 0.12691 -0.00582212
1636513332.478004 -3.4418015970037676 0.05488669508084584 -0.37441730797264794 0.991896 0.00124466 0.126916 -0.00576196
1636513334.219576 -3.2683027003887055 0.07528467088053885 0.2738790526722258 0.991929 0.000875559 0.126686 -0.00515855
1636513332.611894 -3.433149043145216 0.056523339363414124 -0.3400943972097412 0.991893 0.00155504 0.126934 -0.00582135
1636513332.678932 -3.428492041470159 0.05700460530845251 -0.32219167414363237 0.991903 0.00162449 0.126853 -0.00589206
1636513332.813106 -3.418113109157942 0.05830453721903901 -0.28387143837163087 0.991931 0.00144563 0.126624 -0.00614971
1636513332.881269 -3.412646341564007 0.05925787648763432 -0.2633594085282689 0.991935 0.00130194 0.126594 -0.00604651
1636513332.946856 -3.4070358262588596 0.060087242528916264 -0.24211996166240057 0.991943 0.0010532 0.126544 -0.00582883
1636513333.013804 -3.4007549278720424 0.060711960070793186 -0.22063030183980192 0.991956 0.000754296 0.126466 -0.00546648
1636513333.080832 -3.3944769316107934 0.061167529611007916 -0.19831046437362465 0.991953 0.000465086 0.126504 -0.0049959
1636513333.147918 -3.388064263550584 0.06127122013124735 -0.17551473105252802 0.991955 0.000130644 0.126502 -0.00473009
1636513333.214827 -3.381347466408645 0.061771025761187495 -0.15211735912641822 0.99196 -7.74074e-05 0.12648 -0.00435984
1636513333.283155 -3.374838069324314 0.062224586055387325 -0.1280441638379739 0.99197 -0.000222305 0.126407 -0.00407296
1636513333.348818 -3.3680598492121874 0.06298199495177878 -0.10301254431955997 0.991988 -0.000353186 0.126273 -0.00380205
1636513335.626251 -3.019018378331381 0.0923227187623906 1.006664769508475 0.985602 0.000354813 0.16876 -0.0104183
1636513333.482934 -3.3532728384441133 0.06438243255863318 -0.05180751825893126 0.992004 -0.000469511 0.126153 -0.0035369
1636513333.549854 -3.346389334900198 0.06545776921336953 -0.025263391397491786 0.991987 -0.000484089 0.126283 -0.00377058
1636513333.683697 -3.332909779491858 0.06758164199227684 0.03065819805505854 0.991971 -0.000460536 0.126396 -0.00422435
1636513333.750664 -3.325198006904578 0.06799866236416527 0.05927960588237746 0.99198 -0.000420997 0.12632 -0.00430203
1636513333.817598 -3.317308138226482 0.06836633708644864 0.08865792482308121 0.991979 -0.000279455 0.126333 -0.00422709
1636513333.884789 -3.30875815299703 0.0694455083807785 0.11771284168847318 0.991973 8.77535e-05 0.126386 -0.00396112
1636513333.951646 -3.300515213552139 0.0708149900499429 0.14791718938338227 0.991965 0.000418277 0.126458 -0.00373954
1636513334.019464 -3.292212504609902 0.07230966024250671 0.1781776261018283 0.991959 0.000704849 0.1265 -0.00378377
1636513334.085685 -3.2843633898211 0.07362536910531418 0.2094043840494586 0.991952 0.000873061 0.126541 -0.00415867
1636513334.152477 -3.2763568832066357 0.07458097541742997 0.24142478026923386 0.991943 0.000870307 0.126593 -0.0046569
1636513332.545048 -3.4375365815354004 0.05578394525135752 -0.3575302032660631 0.991889 0.0014085 0.126973 -0.00568758
1636513334.286541 -3.2597961136174853 0.07576317311258499 0.3065748493391035 0.991908 0.000993792 0.126841 -0.00535448
1636513334.353666 -3.2503536999208027 0.07661532003720285 0.33947353468537383 0.991887 0.00131742 0.127012 -0.00505474
1636513334.420512 -3.240466895948051 0.07799914602777865 0.37249267101669575 0.991859 0.00169073 0.127244 -0.00466336
1636513337.233856 -2.497616363841901 0.11156971929942604 1.757523600810568 0.947211 0.00397658 0.320286 -0.0138786
1636513334.554713 -3.221342072443191 0.0807215958083245 0.44023109147094625 0.991788 0.00196848 0.127781 -0.00493753
1636513334.621546 -3.212202012692345 0.08117847489640347 0.4747756992708122 0.991732 0.00186733 0.128192 -0.00562001
1636513334.688472 -3.20303789103054 0.08206531909537786 0.50995987348775 0.991656 0.00186466 0.128735 -0.00642456
1636513334.755377 -3.1929931170504395 0.08323586374309984 0.545455260725761 0.991563 0.0018643 0.129418 -0.00709016
1636513334.822272 -3.1824037151074673 0.08448431156558145 0.5809922454728405 0.991438 0.00179116 0.130354 -0.00737926
1636513334.889395 -3.171107262010516 0.08536504398376281 0.6169447256489812 0.99128 0.00162948 0.131554 -0.00744018
1636513338.104910 -2.1294984340848586 0.11606338781093326 2.0891697612009765 0.91728 0.00602377 0.397877 -0.0159931
1636513335.090485 -3.133747391728491 0.08677989943024432 0.7247151895227202 0.990522 0.00127813 0.137132 -0.00768097
1636513335.157402 -3.1205752817426125 0.08727720945988594 0.7608896867988989 0.990119 0.00127536 0.139998 -0.00799192
1636513335.224494 -3.1069830129552956 0.08804066489236351 0.7967589417246183 0.989641 0.00133082 0.14334 -0.00790831
1636513335.291430 -3.0927120927772918 0.08879347392242137 0.8327191096189445 0.989123 0.00141935 0.14689 -0.00753794
1636513335.358379 -3.077752226573514 0.08950242501351427 0.8683343035010955 0.988567 0.00145634 0.150602 -0.00721123
1636513335.425106 -3.0625370382685495 0.08989752383178441 0.9039403809116269 0.987957 0.00132974 0.154553 -0.00719917
1636513335.559240 -3.0333901684194564 0.09103126699125762 0.9718854916788862 0.986478 0.00074601 0.163643 -0.00904497
1636513333.415843 -3.3606998543551554 0.06360327161301509 -0.07791649122313482 0.992006 -0.000466341 0.126138 -0.00356532
1636513335.693403 -3.0035438672090065 0.09360464233184067 1.0418539785513505 0.984664 -8.68217e-05 0.174108 -0.0110822
1636513335.760339 -2.9867786406072057 0.09443586771548129 1.0765248065285733 0.98369 -0.000543425 0.179518 -0.0113179
1636513335.827451 -2.9683738127396286 0.09427442264883326 1.1112845615178437 0.982651 -0.00074225 0.185151 -0.0107021
1636513335.894140 -2.949343799181584 0.09464786869559308 1.1450555514149956 0.981537 -0.00044293 0.191035 -0.00952909
1636513335.961125 -2.929598171437852 0.0954225592191362 1.1782692289160799 0.980394 0.000248365 0.196865 -0.00841373
1636513336.028155 -2.909359826878317 0.09665482702770455 1.2108634602532073 0.979231 0.00098974 0.20261 -0.00736659
1636513336.095184 -2.8901578059177226 0.0969988226130706 1.2442112763652136 0.978018 0.0013262 0.208385 -0.00738942
1636513336.162107 -2.8714552951407573 0.09747248541297865 1.2778809638313697 0.976778 0.00162334 0.21409 -0.00819686
1636513336.229259 -2.852711297707048 0.0983341748218407 1.3110439190127647 0.975495 0.0019965 0.219818 -0.00922571
1636513336.297329 -2.83325269510093 0.09907089496478978 1.3434653044472256 0.974174 0.00222945 0.225537 -0.0105956
1636513336.363222 -2.812660142517416 0.1002787141661385 1.374572120755386 0.972755 0.00247367 0.231528 -0.0116479
1636513336.496988 -2.7686978903283976 0.10256256343198651 1.4376432691784218 0.969617 0.00249557 0.244318 -0.0120789
1636513336.564090 -2.7461521360109873 0.10330153989443773 1.4693288559025968 0.967989 0.00247534 0.250688 -0.01208
1636513336.631835 -2.7232477425962482 0.10380328239410198 1.4998119993498666 0.966329 0.00246825 0.257006 -0.0122815
1636513336.698022 -2.699575751468413 0.10487938440193204 1.5292102721038363 0.964558 0.00263385 0.263553 -0.0126556
1636513336.764970 -2.675609558166905 0.10622208854242719 1.5584131516065163 0.962639 0.0026733 0.270454 -0.0132
1636513336.832013 -2.652252843449617 0.10709150176439687 1.589199906763707 0.960595 0.00239603 0.277586 -0.014028
1636513336.898993 -2.628699288868748 0.10750257500021759 1.6199800122462582 0.958534 0.00239155 0.284581 -0.0148611
1636513336.966709 -2.604105161835021 0.10831716863690934 1.64837995454437 0.956452 0.00274843 0.291466 -0.015499
1636513337.033185 -2.5780270704033303 0.10934879882740445 1.675399569919346 0.954293 0.00301941 0.298444 -0.0157417
1636513337.102343 -2.551142978852946 0.11025080410609721 1.7023145486360507 0.951966 0.00326317 0.305797 -0.0154048
1636513337.166985 -2.5244881859743376 0.11075997443959164 1.7299346452113278 0.949567 0.00358273 0.313197 -0.0147304
1636513334.487659 -3.2309248413576532 0.07952264245152137 0.406436078942984 0.991824 0.00191948 0.127513 -0.00460423
1636513337.301070 -2.4704374724473555 0.11149335688467821 1.7847753164399351 0.94494 0.00429263 0.326959 -0.0129633
1636513337.368149 -2.4426095699457253 0.11082167720649416 1.8108757983061219 0.942686 0.00473028 0.333418 -0.0123905
1636513337.435074 -2.4147027897456064 0.11109432845562832 1.8365753314517432 0.940383 0.00529748 0.339852 -0.012358
1636513337.502069 -2.3868942362665293 0.11165010220608193 1.8617094492724853 0.937989 0.00580321 0.34639 -0.0125421
1636513337.635870 -2.331729954798629 0.1139229438864256 1.9123057672624892 0.933115 0.00652618 0.359283 -0.0130334
1636513337.702733 -2.303535378592687 0.11511732244342007 1.9379413416865978 0.930741 0.0064074 0.365379 -0.0133592
1636513337.769798 -2.274648374256952 0.11603015313658141 1.9628617605732384 0.928401 0.00617886 0.371288 -0.0133936
1636513337.904715 -2.2162343115976233 0.11594937823201365 2.0137539495447005 0.92376 0.00558034 0.382678 -0.0139472
1636513337.970914 -2.187727537549702 0.11584370774472053 2.03938094280866 0.921499 0.00542708 0.388064 -0.0146917
1636513338.041916 -2.1584668725882326 0.11567480234718323 2.064689933119885 0.919358 0.00561603 0.393084 -0.0153113
1636513334.956492 -3.159247599064769 0.0861568819419413 0.6530270135366867 0.991083 0.00156058 0.133039 -0.00730204
1636513338.171859 -2.099829501994342 0.11721766288707036 2.1124127244123048 0.915269 0.00622641 0.402436 -0.0170225
1636513338.238719 -2.0699431687799468 0.11865026146290822 2.136257485683524 0.913235 0.00621823 0.407002 -0.0177017
1636513338.305609 -2.0398628850734903 0.11927279986663242 2.1599586046176777 0.911208 0.00585441 0.411516 -0.0179168
1636513338.373690 -2.0088213290529255 0.11933933343958988 2.1835820374718695 0.909237 0.00528209 0.415847 -0.0181842
1636513338.439673 -1.9773583554214835 0.11919622921223334 2.206542799469592 0.907254 0.00497987 0.420156 -0.0183023
1636513338.573576 -1.9153012762123232 0.11943378031959735 2.251982234866388 0.903241 0.00503025 0.428725 -0.0180461
1636513338.640594 -1.8842078070236987 0.11919998150003593 2.2748418516051627 0.901441 0.00491165 0.432503 -0.0179403
1636513338.774583 -1.820264418190951 0.1196267566659109 2.318377329895282 0.898124 0.00496993 0.439337 -0.0182153
1636513338.841679 -1.7877172661080583 0.1200216397130541 2.339870640844368 0.896382 0.00491083 0.442875 -0.0183394
1636513338.908597 -1.755507664138461 0.11871307782216498 2.360557213778872 0.894566 0.00511146 0.446547 -0.0179374
1636513338.975574 -1.722837941785422 0.117524475596718 2.3803589183215976 0.892735 0.00565709 0.450202 -0.0176032
1636513339.042571 -1.6901978755544735 0.11748351573318516 2.399534547451376 0.890864 0.00638295 0.453891 -0.0173993
1636513339.109506 -1.6573485141888364 0.11794285608704753 2.4190030761565477 0.888901 0.00712534 0.457723 -0.0171665
1636513339.176595 -1.624148007969351 0.11827416942251914 2.438806029287703 0.886946 0.00761396 0.461487 -0.0173063
1636513339.243515 -1.5918553671892863 0.11815417015232821 2.458214027837417 0.884995 0.00786589 0.465192 -0.0178609
1636513339.310630 -1.5591368486033055 0.11884421657696184 2.477231698783872 0.883025 0.00807724 0.468892 -0.0184584
1636513339.377589 -1.5255027896440423 0.11990660646186874 2.4959783717472335 0.880957 0.00804276 0.472744 -0.0190462
1636513339.444510 -1.4923990946529986 0.1201372721053391 2.514466765873203 0.878805 0.00788395 0.476722 -0.0194061
1636513339.511475 -1.4592075981123822 0.11937081511960035 2.533299409348357 0.876631 0.00795013 0.480712 -0.0192496
1636513339.578432 -1.4251202057581038 0.11841750832274085 2.5510307833794075 0.87453 0.00818122 0.484524 -0.019144
1636513339.645386 -1.39127944486359 0.1172254601166731 2.5683945620439945 0.872422 0.00834966 0.488289 -0.0195766
1636513339.712362 -1.3579203455570619 0.11702766488192957 2.5850327089505387 0.870201 0.00850272 0.492213 -0.0201177
1636513339.779501 -1.3242387510815092 0.11713047110347469 2.603080385014581 0.867896 0.00854185 0.496239 -0.0207514
1636513339.846385 -1.2905114179654986 0.11878066957913361 2.6207061157743547 0.865743 0.00841634 0.499944 -0.0217854
1636513339.913567 -1.255469312958363 0.12018963048613725 2.6366818194185715 0.863611 0.00839703 0.50361 -0.0219755
1636513339.980515 -1.2204749210389327 0.11982764725578363 2.6508009708199545 0.861328 0.00823571 0.507515 -0.0217762
1636513340.047390 -1.1848029282589756 0.11916990626474114 2.6657515803429153 0.858842 0.00803533 0.511717 -0.0217119
1636513340.114378 -1.1499008082441668 0.11871881251370302 2.6819750624857273 0.856195 0.00826889 0.516151 -0.0212317
1636513340.181455 -1.1147338801420206 0.11931152173828707 2.6977461680158754 0.853813 0.00828837 0.520092 -0.020943
1636513340.382324 -1.0058068437074374 0.11615021057598293 2.7396536306988963 0.846829 0.00690754 0.531441 -0.0200746
1636513340.449264 -0.9701200524626891 0.11461493337646693 2.7542934410944864 0.844271 0.00672151 0.535473 -0.0207626
1636513340.583235 -0.8991294360075044 0.1143684793728007 2.7806660578651963 0.839175 0.00721938 0.543374 -0.0218351
1636513340.650485 -0.8633280411434298 0.1149076617531166 2.7944795499538353 0.836708 0.00715105 0.547141 -0.0224576
1636513340.717082 -0.8269416310126299 0.1148552978610099 2.805739505051508 0.834347 0.00706755 0.550729 -0.0226334
1636513340.784292 -0.7898748465727577 0.11463361286990609 2.8165571823208158 0.831828 0.00687414 0.55454 -0.022362
1636513340.851015 -0.7524231883907846 0.11376799978148233 2.8276434681610216 0.829147 0.00676175 0.55857 -0.0216467
1636513340.918257 -0.7154657828995621 0.11280238419757554 2.8381322310450385 0.826491 0.00700606 0.56252 -0.020869
1636513341.052081 -0.6410253543629797 0.110758381523992 2.857457750790291 0.821485 0.00814471 0.569825 -0.0198978
1636513341.119105 -0.6039796633493393 0.11196608770109989 2.8657430974962153 0.818744 0.00854699 0.57374 -0.0201739
1636513341.186198 -0.5678032984709347 0.11249129719964229 2.8772834553756113 0.815805 0.00826214 0.577887 -0.0209699
1636513341.253314 -0.5322641306626285 0.11226708010878306 2.8876555300724056 0.813048 0.0079644 0.581755 -0.0212366
1636513341.319967 -0.4959418249782344 0.11260863226587184 2.897423493973128 0.810429 0.00716298 0.585383 -0.0219168
1636513341.387167 -0.45806644781501077 0.10990941441070205 2.906546737513451 0.807756 0.00614033 0.589051 -0.0226022
1636513341.453897 -0.4205955865306191 0.10759581168797747 2.914699119968183 0.804922 0.00648671 0.592925 -0.022315
1636513341.521085 -0.38319241139014526 0.10772998583332512 2.9216201905279267 0.802124 0.00758269 0.596705 -0.0219582
1636513341.587959 -0.34644608355268025 0.1080775936446044 2.927466686695422 0.799339 0.00862336 0.600434 -0.0214994
1636513341.655056 -0.3092045740912641 0.10769494116045994 2.933554294518504 0.796513 0.00956272 0.604188 -0.0208133
1636513341.722058 -0.2715492377713525 0.10777040959157952 2.9398267450145323 0.793693 0.0105615 0.607892 -0.0201842
1636513341.789072 -0.2341465815028127 0.10796351874603471 2.946308115123804 0.790927 0.010935 0.611476 -0.0202705
1636513341.856180 -0.19712904461242486 0.10856528948844373 2.9532996267887515 0.788205 0.0104157 0.614967 -0.0209756
1636513341.922830 -0.15966065886733904 0.10862178146771195 2.9609728597330327 0.785463 0.00952593 0.618457 -0.0216184
1636513341.989819 -0.1218770676226909 0.10746761283770048 2.9685434259522703 0.782672 0.00866575 0.621984 -0.0220163
1636513342.056822 -0.08354398587439282 0.10606520773320985 2.9749078690141424 0.77997 0.00796293 0.625361 -0.0225245
1636513342.123822 -0.04567179110474007 0.10418060549407587 2.979876298772666 0.777138 0.00772693 0.62887 -0.0228067
1636513342.191036 -0.00713710205605067 0.1038070107163406 2.9853570301948293 0.774211 0.00797168 0.632465 -0.0228414
1636513342.257930 0.031113099597232408 0.10332540351748098 2.990168884343785 0.771427 0.00831971 0.635857 -0.0227159
1636513342.324897 0.06911294786364541 0.10213516369791424 2.993199352942545 0.768765 0.0090398 0.639081 -0.0222102
1636513342.391828 0.10774205884999577 0.10123567853550688 2.9953126618443244 0.76603 0.0100908 0.642367 -0.0214775
1636513342.458980 0.14617990485962007 0.10060507136504361 2.998069919592785 0.763212 0.0112416 0.645709 -0.0209991
1636513342.525865 0.1853280500829511 0.10126445753037709 3.001323284597368 0.76039 0.0124192 0.649016 -0.0207487
1636513342.592777 0.22385562671392367 0.1019452467423209 3.0053406660357083 0.757784 0.0133052 0.652047 -0.0205335
1636513342.659613 0.26279083458228614 0.1029222935061232 3.008744675530181 0.755472 0.0135872 0.654719 -0.0204966
1636513342.726907 0.30140427513803164 0.10265116579393843 3.012096604611478 0.753201 0.012966 0.657333 -0.0208234
1636513342.793787 0.34080636376443574 0.10165074721049819 3.0151768387543316 0.750781 0.0122542 0.660097 -0.0212108
1636513342.860860 0.3797159540164689 0.10133334134417252 3.0187333887154093 0.748241 0.0116982 0.66297 -0.0216524
1636513342.927850 0.41966011836752104 0.10080360359691656 3.0220694273289004 0.745782 0.0109202 0.66574 -0.0219302
1636513342.994895 0.4595046921453126 0.09908041986166966 3.024183267274712 0.743435 0.0105109 0.668369 -0.0218423
1636513343.063447 0.49861827591206115 0.09760499618892915 3.0256179900593336 0.74102 0.0106789 0.671046 -0.0217155
1636513343.128582 0.5378023950374957 0.09744070882576641 3.0260468972393584 0.738601 0.0108461 0.673704 -0.0217557
1636513343.195683 0.5773785658755033 0.0971034452491122 3.0268380540256965 0.736123 0.0106854 0.67641 -0.021874
1636513343.262603 0.6177757725721873 0.09712394186149231 3.0293276080470255 0.733611 0.0106645 0.679127 -0.0220859
1636513343.329729 0.6574190436848326 0.09649756228975717 3.0309303622144728 0.731319 0.0106428 0.681587 -0.0223266
1636513343.463561 0.7355516957369007 0.09598977668071716 3.0293126213417874 0.72691 0.010509 0.686274 -0.0227723
1636513343.597803 0.8140798794979107 0.09383683651383828 3.0295491071033704 0.721737 0.00963573 0.691722 -0.0228919
1636513343.798468 0.9321512469012284 0.0899644194153767 3.026287434550775 0.715045 0.00925384 0.698654 -0.0225487
1636513343.865345 0.9710786694760166 0.08937033105243508 3.0234969967426766 0.712648 0.00955532 0.701095 -0.0225263
1636513343.999663 1.0498601552750226 0.08881622583619474 3.019007488026293 0.707712 0.0101899 0.706085 -0.0220035
1636513344.066658 1.0889235054146134 0.08816323540849255 3.017135342137979 0.705382 0.0103731 0.708411 -0.0219712
1636513344.133558 1.1279017480342552 0.08787517748181456 3.0141703345375013 0.70307 0.010349 0.710694 -0.0223672
1636513344.200521 1.1674538874391827 0.08731753765208322 3.0118413911379474 0.700604 0.010285 0.713108 -0.0229367
1636513344.267508 1.206059647069961 0.08669134664367825 3.009502056917382 0.698146 0.00997758 0.715489 -0.0238372
1636513344.334449 1.2453192245148312 0.08686970324116217 3.007550893002648 0.695735 0.00952053 0.717808 -0.0247819
1636513344.401201 1.2851212382076354 0.08608792828138578 3.0051736617361446 0.693367 0.00909655 0.720079 -0.0253963
1636513344.468548 1.32476356599332 0.08578574303295441 3.0019669288786757 0.691076 0.00878916 0.722267 -0.0258197
1636513344.535357 1.3637619293324263 0.08413067560814394 2.9981497303808395 0.688755 0.00848749 0.724471 -0.0261799
1636513344.602363 1.4025401022957547 0.08279082474875521 2.9940021048923904 0.686394 0.00838057 0.726689 -0.0267364
1636513344.669454 1.441330896101962 0.08226746077159597 2.989796670656974 0.684003 0.00866431 0.728924 -0.0271107
1636513344.736506 1.4805561803656744 0.08263604240956295 2.985393162434058 0.681682 0.00888962 0.731082 -0.027366
1636513344.804037 1.5192502587136472 0.08184597542411755 2.980032748422856 0.679433 0.00880991 0.733173 -0.02741
1636513344.937295 1.5968957545566946 0.08023100748833535 2.9679276337365272 0.67476 0.00928857 0.737499 -0.0266187
1636513345.004094 1.6356856741521741 0.07915583789052633 2.961389844413068 0.67237 0.00926095 0.739695 -0.0261624
1636513345.071622 1.675046950659609 0.07809331590819842 2.955471581191637 0.669947 0.00912205 0.741901 -0.0258995
1636513345.138257 1.7137490700053823 0.07765432112153325 2.9496456433870435 0.667546 0.0089483 0.744063 -0.025952
1636513345.205186 1.7527939445776757 0.07696211649840261 2.943878975207917 0.665177 0.00831473 0.74617 -0.0264717
1636513345.272429 1.7922400095219926 0.07592607577089122 2.9388632437769133 0.662765 0.00744805 0.748286 -0.0274916
1636513345.339219 1.8308428967380135 0.07514846174675388 2.9331328338061753 0.660373 0.0067428 0.750362 -0.0286061
1636513345.406382 1.8692481497095725 0.07460891890408983 2.926402452075971 0.657906 0.00640566 0.752499 -0.029397
1636513345.473236 1.9076087381929752 0.07447566838001336 2.9187395077206917 0.65539 0.00627496 0.754676 -0.0298181
1636513345.540179 1.94552377038191 0.07383769153969724 2.9100454187028735 0.652854 0.00620536 0.756878 -0.0296393
1636513345.607130 1.9843098733207136 0.07230321100840847 2.9016496920491943 0.650191 0.00617229 0.759185 -0.0291848
1636513345.674129 2.023100063665016 0.070659165477301 2.8931503389354742 0.647568 0.00616079 0.761435 -0.0288941
1636513345.741096 2.0619090972707106 0.06967128402679033 2.884622723647562 0.645023 0.00618147 0.763596 -0.0287762
1636513345.808083 2.0996699212239496 0.06817980192455109 2.874668981501819 0.642489 0.00604902 0.765725 -0.0289402
1636513345.875087 2.1375322131533077 0.06697627886055468 2.8657956562970828 0.639712 0.00574675 0.768025 -0.0295496
1636513345.942222 2.1759808129368396 0.06617733087515364 2.85696706986006 0.636853 0.00578504 0.770379 -0.0300335
1636513346.009200 2.213512492293623 0.06560497118550651 2.847487483072014 0.634207 0.00600701 0.772552 -0.030149
1636513346.076303 2.250796384753561 0.06544340932912963 2.836430488683914 0.631614 0.00627154 0.774686 -0.0297644
1636513346.143129 2.2874065633885476 0.06381121627628634 2.824047836227294 0.628872 0.00660932 0.776941 -0.0289624
1636513346.210037 2.3252261635343383 0.06205918425540198 2.812487712712035 0.625915 0.00724673 0.779351 -0.0280955
1636513346.277036 2.3629022858491355 0.06030924945844357 2.800368495335088 0.623027 0.00819514 0.781678 -0.0274001
1636513346.343935 2.399673248945793 0.05950958033470981 2.78825008242333 0.620166 0.00898822 0.783947 -0.0272131
1636513346.411080 2.4370493828605087 0.058251640434981086 2.776161648289136 0.617238 0.00924166 0.78624 -0.0275351
1636513346.478074 2.4738162534300225 0.05716756506641257 2.7649097178138837 0.614159 0.0094424 0.788623 -0.0281773
1636513346.544935 2.510693974897226 0.05714394449929777 2.7536123865838666 0.611074 0.00949342 0.790985 -0.0290109
1636513346.612040 2.5478155367830553 0.05718272132719558 2.7417789180234844 0.608056 0.00923203 0.793281 -0.0298109
1636513346.679157 2.584711391622943 0.05661141391145534 2.7292439680271663 0.604986 0.00878033 0.795607 -0.0304177
1636513346.746026 2.6214260838667545 0.05516234696530058 2.716316708665875 0.60177 0.0083638 0.798031 -0.0308048
1636513346.812797 2.657666031083774 0.0536185600099225 2.703222915175358 0.598404 0.00827227 0.800552 -0.0310073
1636513346.879879 2.6936906518861994 0.05105620616140713 2.689225549466965 0.595021 0.00849713 0.803061 -0.031147
1636513347.013921 2.764173919455439 0.047803086718805385 2.660063481952145 0.588073 0.00990051 0.808119 -0.0318696
1636513347.080841 2.799644231300821 0.04722979734442816 2.645284800297115 0.584563 0.0108561 0.810641 -0.0320731
1636513347.148000 2.834359814318662 0.04658917112522157 2.629727725989475 0.581147 0.0117081 0.813079 -0.0321391
1636513347.281883 2.9040346820808853 0.04434720165490241 2.597131813145023 0.574098 0.0131666 0.818061 -0.0318552
1636513347.348680 2.9390620572672894 0.042807483037530764 2.5813238556718865 0.570473 0.0135773 0.820589 -0.0317733
1636513347.415642 2.974106652891139 0.04066457501027576 2.565406033352483 0.566937 0.0138104 0.823029 -0.0318543
1636513347.482845 3.0087193099450347 0.03833907116342822 2.548666034531381 0.563471 0.0138552 0.825387 -0.0323045
1636513347.549910 3.0427242770263514 0.03734850498862613 2.5310497085274344 0.559891 0.0140458 0.827789 -0.0330107
1636513347.616840 3.076509864060423 0.03747275393208524 2.513448945221988 0.555977 0.0140101 0.830394 -0.0337425
1636513347.684783 3.1114077215830496 0.037255010512007136 2.4965806286582124 0.551876 0.0133927 0.833109 -0.0343899
1636513347.817757 3.1798711418058883 0.03397598069380192 2.46071538285969 0.543894 0.0131151 0.838354 -0.0342135
1636513347.884587 3.2129126311355902 0.03180370282156006 2.4396292985781076 0.539925 0.0134752 0.84092 -0.0339656
1636513348.018523 3.2788138989584197 0.028396214406033127 2.39795016653909 0.530957 0.0146501 0.846597 -0.0338217
1636513348.085724 3.31202078653903 0.02704113328080615 2.3783057712472426 0.526343 0.0149473 0.849458 -0.0340871
1636513348.152560 3.3448556425965514 0.025020402423086868 2.3590298218286003 0.521982 0.0148918 0.852126 -0.0345645
1636513348.219676 3.3768758307323252 0.023664890242664882 2.3385111127787392 0.517706 0.0149734 0.854707 -0.0350946
1636513348.286579 3.40925242970847 0.02388941345668469 2.317265287267314 0.51328 0.0148623 0.857354 -0.0355794
1636513348.353614 3.441147139939196 0.023314989893324145 2.295738114879407 0.508726 0.0143518 0.860074 -0.035572
1636513348.420665 3.473818646800543 0.021762654613824234 2.2745820353144626 0.504053 0.0139831 0.862841 -0.0352072
1636513348.487453 3.5065246042012386 0.01956733268605626 2.253733991826735 -0.499559 -0.0135453 -0.865475 0.0348023
1636513348.554626 3.5388772314790424 0.017828290690837634 2.2306540851675942 -0.49534 -0.0134872 -0.867916 0.034328
1636513348.621521 3.570815874717505 0.016022095079369386 2.2069086196458065 -0.491104 -0.0134672 -0.870335 0.0339573
1636513348.688617 3.6016383441408397 0.01372629342143683 2.1832225802211394 -0.486678 -0.0132368 -0.872825 0.0338569
1636513348.755651 3.6333647266100844 0.011673902436589445 2.1602100758880267 -0.482075 -0.0129157 -0.875374 0.0340107
1636513348.822623 3.665129459098856 0.010150481764936992 2.1375933511281424 -0.477621 -0.0130432 -0.877803 0.0342024
1636513348.889689 3.6956648050238003 0.008080646454080659 2.1137762772278723 -0.473413 -0.013168 -0.880069 0.0344408
1636513348.956667 3.724894341789332 0.006645585520797415 2.0879319652628636 -0.46911 -0.013011 -0.882355 0.0348784
1636513349.023548 3.7538898953551585 0.006225239505123714 2.0621413404838584 -0.464345 -0.0125385 -0.884861 0.0353243
1636513349.157404 3.813885990865371 0.004078332438367943 2.0131204023669387 -0.453908 -0.011497 -0.890288 0.0349772
1636513349.224396 3.8431689911575067 0.002468745781236875 1.9867386649992351 -0.448756 -0.0109665 -0.892917 0.0346
1636513349.291326 3.8712379603489766 -0.0003562622082472211 1.9597580906723997 -0.443449 -0.0108208 -0.895587 0.0340627
1636513349.358496 3.899064292831069 -0.002864673001490542 1.9329598511929336 -0.438015 -0.0112128 -0.898273 0.0334958
1636513349.425816 3.9266430260813943 -0.005736870405757849 1.9062138354800509 -0.432696 -0.0118717 -0.900852 0.0331573
1636513349.492356 3.9549904926681263 -0.007016129502291343 1.8798851618627075 -0.427468 -0.0123978 -0.903335 0.0332229
1636513349.559334 3.9827199934482573 -0.008312001488416945 1.8536145424197696 -0.422532 -0.0127375 -0.905646 0.0333033
1636513349.693360 4.038596504130737 -0.010684855066372886 1.7991030273229272 -0.413409 -0.0124442 -0.909843 0.0335341
1636513349.760206 4.065436486301655 -0.012505478923597255 1.7716092464818511 -0.408786 -0.0113065 -0.911927 0.0339993
1636513349.827301 4.092524634954068 -0.014378249602844118 1.7443055818666495 -0.403939 -0.0100554 -0.914076 0.0345977
1636513349.894689 4.119506136315938 -0.016284057515531414 1.716278916887526 -0.398948 -0.00891343 -0.916248 0.0353481
1636513349.961579 4.145232219150609 -0.018174094533698976 1.6864206538815083 -0.393841 -0.00831647 -0.91844 0.035893
1636513350.028440 4.168201288245316 -0.020813946371261965 1.6561441414463143 -0.388249 -0.00845135 -0.920812 0.0359988
1636513350.095168 4.191851500688936 -0.022105703959296105 1.625752172855572 -0.382202 -0.00916064 -0.923334 0.0359544
1636513350.162405 4.216058020205639 -0.02356815995271319 1.5949654510490465 -0.376035 -0.00977732 -0.925863 0.035764
1636513350.229376 4.253184733750023 -0.021447574481592707 1.5627446978296184 -0.369561 -0.0108614 -0.928459 0.0356539
1636513350.296215 4.275977792190622 -0.022504464138358923 1.531989546791953 -0.363443 -0.0114103 -0.930875 0.035368
1636513350.363832 4.29805581142285 -0.024487230609537558 1.5009887530697974 -0.357339 -0.0114371 -0.933245 0.0351005
1636513350.430109 4.319786270600644 -0.026751175148061093 1.471000328601825 -0.351211 -0.0114462 -0.935574 0.034962
1636513350.497218 4.3424919698007365 -0.028791844434069833 1.4400766991481992 -0.345159 -0.0114906 -0.937819 0.0350582
1636513350.564045 4.364621355606294 -0.030155596654412933 1.409601118069723 -0.339302 -0.011317 -0.939935 0.0356038
1636513350.631108 4.3876364686826665 -0.03134737654274819 1.3795396108004572 -0.33368 -0.0111888 -0.941927 0.0361462
1636513350.698080 4.411599176310743 -0.03207905834480443 1.3493487436095557 -0.328503 -0.0111679 -0.943734 0.0364419
1636513350.765078 4.432760149819377 -0.03263571726893813 1.3177957817163684 -0.323898 -0.0110862 -0.945326 0.0364079
1636513350.832101 4.452985153565946 -0.0346816795065637 1.2841708474667688 -0.319336 -0.0104779 -0.946891 0.0362308
1636513350.966140 4.491203406406989 -0.0401040720758887 1.2163753956317447 -0.308768 -0.0100145 -0.95042 0.0355573
1636513351.032984 4.509747382365393 -0.043781727885861765 1.182885206300569 -0.303038 -0.00999149 -0.952264 0.035525
1636513351.099929 4.528690664378423 -0.04668600434120125 1.149814518110604 -0.297206 -0.0103894 -0.954077 0.0360343
1636513351.166943 4.546933501943962 -0.048324813744901496 1.1169216587678537 -0.291465 -0.0111635 -0.955806 0.0368462
1636513351.234054 4.56388686462961 -0.049188364341052504 1.0837324856493005 -0.285936 -0.01138 -0.957438 0.0377357
1636513351.301086 4.5805997697049445 -0.04984888190290458 1.0493283459394225 -0.28039 -0.0115579 -0.959059 0.0381288
1636513351.367983 4.598238410003842 -0.05129625130972641 1.01513012867402 -0.274629 -0.0115954 -0.960729 0.0380078
1636513351.434998 4.61469699446765 -0.053452275803809776 0.980399992697002 -0.269013 -0.0112878 -0.962325 0.0378953
1636513351.502017 4.630981885490836 -0.055743973277739806 0.9456194689680504 -0.263247 -0.0110492 -0.96392 0.0379162
1636513351.568900 4.646014411982966 -0.057628618524659656 0.9104492759221208 -0.257435 -0.0110829 -0.965484 0.038014
1636513351.635739 4.661677614905566 -0.059682473510432064 0.8758155726225736 -0.25151 -0.0112843 -0.967038 0.0381052
1636513351.702944 4.674990785342385 -0.06297778578847082 0.840905848468638 -0.245667 -0.0118786 -0.96853 0.0381488
1636513351.769855 4.688159891416627 -0.06493418077885718 0.8048221885292757 -0.23986 -0.0125433 -0.969961 0.0385551
1636513351.836951 4.70113952010236 -0.06619283840611853 0.7698613550017268 -0.233926 -0.0132366 -0.971383 0.0389678
1636513351.903980 4.7136842711975735 -0.06691069223967826 0.7350819542302576 -0.227919 -0.0135959 -0.972792 0.0392846
1636513351.970948 4.726966235978766 -0.06784844804174087 0.7001455351963428 -0.221847 -0.0137981 -0.974185 0.0394605
1636513352.037852 4.73857366198969 -0.06851030216554464 0.6643937000368707 -0.215913 -0.0139099 -0.97551 0.0395962
1636513352.104671 4.751294954094977 -0.06878588232288005 0.6277261911888146 -0.209922 -0.013802 -0.976813 0.0397223
1636513352.171719 4.762407210381125 -0.06966395909767158 0.5909916098950132 -0.203896 -0.0136511 -0.978096 0.0395995
1636513352.238549 4.773975095244431 -0.07043778688001293 0.5550713033184222 -0.197614 -0.0135999 -0.9794 0.0392295
1636513352.305804 4.785180831210668 -0.07250648533188997 0.5178203188997152 -0.191505 -0.0136881 -0.980634 0.0386753
1636513352.372837 4.79516983269284 -0.07400789793771517 0.4802213672294955 -0.185532 -0.014129 -0.981794 0.0382046
1636513352.439758 4.803549941735827 -0.07557416311517443 0.44227606268822117 -0.179473 -0.0146721 -0.982933 0.0376459
1636513352.506742 4.811727134287522 -0.07688749198096335 0.4044819784483735 -0.17324 -0.0151091 -0.984067 0.0370444
1636513352.573867 4.82001353626179 -0.07875042341830289 0.3664205536398455 -0.166917 -0.0151309 -0.985176 0.0365712
1636513352.640756 4.828758224128482 -0.08067388217694946 0.3284681420933666 -0.160526 -0.0147453 -0.986256 0.036225
1636513352.707757 4.838113071714409 -0.08249778090366354 0.29121246471736595 -0.15411 -0.0144135 -0.987294 0.035951
1636513352.841485 4.851979469367902 -0.08528322921009183 0.21425601456680776 -0.141988 -0.0146608 -0.989119 0.0355982
1636513352.908672 4.8570822976977786 -0.0865093918811649 0.1764370793661847 -0.135628 -0.0149441 -0.990011 0.0354907
1636513352.975672 4.862789888164935 -0.0882576201900237 0.13854985017890886 -0.128995 -0.0158245 -0.990892 0.0352585
1636513353.042583 4.868004819107905 -0.09051615298716938 0.10017593373592604 -0.122461 -0.016755 -0.991712 0.0350757
1636513353.109544 4.8737130210964335 -0.09207147349344892 0.06148958893664558 -0.116128 -0.0174202 -0.99246 0.0351362
1636513353.176742 4.8774122350200955 -0.09325142551180848 0.023425803035803883 -0.109931 -0.0182373 -0.993151 0.035132
1636513353.244595 4.880632856308564 -0.09455541611793096 -0.014932329493498764 -0.103735 -0.0188641 -0.993809 0.0350394
1636513353.310478 4.883541462715449 -0.09577883401046676 -0.05297619756776051 -0.0973563 -0.0192328 -0.994448 0.0349937
1636513353.444432 4.890777725099668 -0.09845015124780175 -0.12919944177530707 -0.0842523 -0.0194711 -0.99563 0.0352529
1636513353.511573 4.893593558187813 -0.10037155634720597 -0.16689974934779805 -0.0779087 -0.0195819 -0.996136 0.0354914
1636513353.578548 4.89515273379913 -0.10140577173939178 -0.20480442929647136 -0.0715989 -0.0198835 -0.99659 0.0358714
1636513353.645519 4.895449004503288 -0.10267374867250172 -0.24297901372996922 -0.0651973 -0.02032 -0.997008 0.0362249
1636513353.712665 4.896469944287791 -0.10340970965097872 -0.2810194924389061 -0.058593 -0.0205214 -0.997393 0.0367723
1636513353.779532 4.896761785567739 -0.10407647342460094 -0.3187757330617304 -0.0520452 -0.020827 -0.997733 0.0372306
1636513353.846626 4.896909806007015 -0.1049751672261526 -0.35649368770900086 -0.0455051 -0.0211167 -0.998034 0.0375724
1636513353.913458 4.895906344779654 -0.10536754836153253 -0.3943359653238188 -0.0390084 -0.0212619 -0.998299 0.0377637
1636513354.047411 4.893111254282172 -0.1070185800114688 -0.4708074859632869 -0.0259505 -0.021097 -0.998749 0.037168
1636513354.115849 4.892030890586874 -0.10923742787942242 -0.5098244021589429 -0.0193917 -0.0209575 -0.998916 0.0367711
1636513354.181359 4.8892649456331005 -0.11123446922722226 -0.5483509173488873 -0.0128783 -0.0207803 -0.999029 0.0366642
1636513354.248466 4.885378677783225 -0.11315830303383381 -0.5864338497368153 -0.00629685 -0.0208023 -0.999093 0.0366202
1636513354.315366 4.880656951111336 -0.1147031985745514 -0.6244988853055744 0.000337805 -0.0213175 -0.999103 0.0365823
1636513354.382391 4.8768965839953395 -0.11471703863066052 -0.6644342523896865 0.0069768 -0.0221773 -0.999061 0.0365619
1636513354.449444 4.871626008104037 -0.11537318271536073 -0.7036511103974097 0.0133066 -0.0228127 -0.99899 0.0363536
1636513354.516179 4.866002632694311 -0.11659217775685767 -0.7439691309979997 0.0194977 -0.0231486 -0.998886 0.0361994
1636513354.583310 4.859638396881187 -0.11834259806583977 -0.7833961104150331 0.025612 -0.0232336 -0.998748 0.036148
1636513354.650273 4.855115198313467 -0.11990546646573123 -0.8234308705393827 0.0317447 -0.0231613 -0.998568 0.0363056
1636513354.717265 4.85001459938998 -0.12094419049766036 -0.8628403894383059 0.0375506 -0.0228815 -0.998366 0.036505
1636513354.784192 4.844008477486397 -0.12153125670646539 -0.9021862517397699 0.0430232 -0.022677 -0.998153 0.0364097
1636513354.851162 4.836875361914817 -0.12296854000008348 -0.9410070028920315 0.048321 -0.0225139 -0.997929 0.0360056
1636513354.918220 4.829354004139438 -0.12467428497745782 -0.9798819321282368 0.0537124 -0.022305 -0.997674 0.0355572
1636513355.119177 4.806347424183731 -0.13138192415507086 -1.0956079746936056 0.0701718 -0.0213432 -0.996693 0.0349733
1636513355.186257 4.797342755002219 -0.13482480303363606 -1.1339591930858466 0.075515 -0.0207342 -0.996317 0.0349347
1636513355.254539 4.788216072801587 -0.13466404216593578 -1.1718088027136693 0.0810652 -0.0201311 -0.995883 0.0352079
1636513355.387275 4.767205810451488 -0.13886695071045027 -1.2458202619122614 0.0926756 -0.0199733 -0.99488 0.0350057
1636513355.454088 4.755994396688814 -0.1407529507381489 -1.283806715016105 0.098518 -0.0200982 -0.994319 0.0349168
1636513355.521130 4.745037961519869 -0.14313475431669367 -1.32124046020334 0.10437 -0.0204831 -0.993712 0.0349692
1636513355.655051 4.720095408187261 -0.14608101754739203 -1.3959925593246116 0.116213 -0.0203782 -0.992375 0.0356424
1636513355.722028 4.707120079205406 -0.14711775678001465 -1.4328394876870731 0.122386 -0.0199032 -0.991632 0.0359469
1636513355.789052 4.695319225268098 -0.14692175008759337 -1.4703660427411152 0.128685 -0.0194293 -0.990834 0.0361944
1636513355.855905 4.68253145272362 -0.14863804769835445 -1.5083173521448736 0.134811 -0.0189174 -0.99003 0.0361807
1636513355.923155 4.668310696150349 -0.1510229848522614 -1.544862758083138 0.140737 -0.0185158 -0.98921 0.0362421
1636513355.989999 4.652618859125158 -0.15196154341856152 -1.5805829435051542 0.146775 -0.0182297 -0.988329 0.0364913
1636513356.057045 4.637325014034904 -0.15298984938600305 -1.615556519162783 0.153163 -0.0179462 -0.987358 0.0366357
1636513356.125582 4.622660967347531 -0.1543395066422797 -1.6526596869375427 0.159724 -0.0176389 -0.986323 0.0366595
1636513356.191019 4.6066999517777925 -0.15470483146391023 -1.6881093197926544 0.166044 -0.0172524 -0.985287 0.0366222
1636513356.258058 4.589876429970648 -0.15486281334856344 -1.7231214385514435 0.172443 -0.0168819 -0.984204 0.0363327
1636513356.324845 4.573147223204976 -0.15631347219152822 -1.7585222934771922 0.179056 -0.0165836 -0.983044 0.0359007
1636513356.391873 4.555838737440989 -0.15827285400689606 -1.7941196629691978 0.185736 -0.0162266 -0.981822 0.035558
1636513356.592848 4.499769442760143 -0.16221438545323988 -1.8978384589341561 0.205421 -0.0160428 -0.977915 0.0350383
1636513356.659856 4.479961945976138 -0.1635848753566692 -1.9322046930693482 0.211952 -0.0160716 -0.976519 0.0350531
1636513356.726850 4.459691806159697 -0.16462261742185078 -1.9643177945752175 0.218494 -0.0164715 -0.975065 0.0351687
1636513356.793782 4.437761095851617 -0.16463251580829144 -1.9971448438637436 0.225055 -0.0170107 -0.97356 0.0352345
1636513356.927743 4.394789416024325 -0.16625227531145098 -2.0643525562250358 0.23827 -0.0174443 -0.970415 0.0348823
1636513356.994815 4.3723806634564495 -0.16776884307257964 -2.0966441838198406 0.244636 -0.0176346 -0.968836 0.0346278
1636513357.061604 4.349493243259586 -0.1682908816422584 -2.128324316213283 0.250993 -0.0175655 -0.967215 0.0344835
1636513357.128906 4.326433565067626 -0.1685813210648025 -2.15891609981404 0.257509 -0.0171506 -0.965525 0.0340147
1636513357.195861 4.303594416744381 -0.16960653715145674 -2.1907681700621806 0.264252 -0.0169094 -0.963727 0.0334111
1636513357.263099 4.279640091836706 -0.1705112126068484 -2.223398015033955 0.270754 -0.016728 -0.961936 0.0330277
1636513357.329772 4.255336279218621 -0.17148240073882595 -2.254458080987528 0.277036 -0.0163811 -0.960162 0.0327246
1636513357.396660 4.230799077614064 -0.17248486524811232 -2.284832147398171 0.28331 -0.0159143 -0.958345 0.0325257
1636513357.463782 4.2064784708234475 -0.17341154385723886 -2.3147286306948436 0.28962 -0.0156189 -0.956462 0.0324966
1636513357.530663 4.180874325855803 -0.173442917236204 -2.3446608575958927 0.295876 -0.0157456 -0.954542 0.032542
1636513357.597532 4.154870326400193 -0.17492506404681213 -2.3726097658070486 0.302108 -0.0158264 -0.95259 0.0324531
1636513357.664685 4.1282944947066635 -0.1756876126738029 -2.4001253474814845 0.308497 -0.016047 -0.950533 0.032535
1636513357.731534 4.1017532664590215 -0.17634845563253929 -2.428874673939107 0.314962 -0.0165313 -0.948398 0.0326541
1636513357.798712 4.074664381672472 -0.17679001798159732 -2.457421571670198 0.321151 -0.0167394 -0.946311 0.0328172
1636513357.866099 4.0470238378842085 -0.17717284880815087 -2.4835375589803803 0.327163 -0.0171156 -0.944241 0.0328807
1636513357.932606 4.019230504213088 -0.1778510481447344 -2.5100955239229576 0.333409 -0.0175557 -0.942049 0.0327817
1636513357.999638 3.99194864004235 -0.17894159584593802 -2.53668234304143 0.339735 -0.0173859 -0.939798 0.032527
1636513358.066683 3.964565115513907 -0.18024583102846367 -2.5633118020782244 0.346004 -0.017054 -0.937519 0.0323931
1636513358.133526 3.936346440751099 -0.18109088852310432 -2.5898256808461784 0.352137 -0.0168235 -0.935229 0.0325962
1636513358.200318 3.9080916504904657 -0.18112102877508002 -2.6137192239235407 0.358378 -0.0165598 -0.932851 0.0328785
1636513358.267499 3.879427845714624 -0.18115633879947624 -2.6372951055877505 0.364907 -0.0162136 -0.930322 0.0328876
1636513358.334414 3.850597627777798 -0.18151621677991286 -2.661957458043137 0.371582 -0.0163613 -0.927671 0.0329427
1636513358.401572 3.82086481005424 -0.1816316362477843 -2.686790413168116 0.378 -0.0165885 -0.925065 0.0330884
1636513358.468452 3.7908743308859476 -0.1809022156056167 -2.7102650385648728 0.384318 -0.0165647 -0.922457 0.0331567
1636513358.535416 3.7605347953309143 -0.1810907943915884 -2.73289541985518 0.390836 -0.0163091 -0.919734 0.032718
1636513358.602535 3.7304942340036016 -0.1821170544023767 -2.7559899143097293 0.39766 -0.0158703 -0.916832 0.0321643
1636513358.669537 3.7003020067860612 -0.18291509339508713 -2.779596916054789 0.404503 -0.0151865 -0.913856 0.031835
1636513358.736367 3.6694612122386747 -0.18362880753053243 -2.8003300169527536 0.411193 -0.0145339 -0.910885 0.0315697
1636513358.870310 3.6058518104081774 -0.18570884443888996 -2.840904492705672 0.425298 -0.0143283 -0.904408 0.0310123
1636513358.937326 3.5731536056684505 -0.18649856808151624 -2.8604006874925214 0.432452 -0.0147404 -0.901004 0.0309892
1636513359.004363 3.5398235344147646 -0.18676844934991435 -2.879843389344553 0.439594 -0.0151715 -0.897532 0.0310251
1636513359.071527 3.5061214992207237 -0.1873547270191006 -2.898826765475197 0.44666 -0.0157734 -0.894021 0.0311812
1636513359.138371 3.472415595192169 -0.18716615893979432 -2.9165511777609403 0.453691 -0.0162112 -0.890457 0.0314207
1636513359.205492 3.438833015700175 -0.1866208430483825 -2.934187697672834 0.460776 -0.0160878 -0.886816 0.0313673
1636513359.272316 3.405156014443102 -0.18638329877626741 -2.951271973740629 0.46792 -0.0157193 -0.883086 0.0310326
1636513359.339229 3.371201307607665 -0.18635084339819924 -2.968828561071152 0.475046 -0.015655 -0.879289 0.0306112
1636513359.406235 3.336847681820283 -0.18644535145886754 -2.985169968689026 0.482013 -0.0156937 -0.875506 0.0301056
1636513359.473266 3.302610962833114 -0.18759039797429944 -3.000311740456296 0.488927 -0.0152392 -0.871695 0.0294251
1636513359.607269 3.2343796805295737 -0.18767172812910093 -3.029723353257429 0.503115 -0.0143339 -0.86363 0.0285279
1636513359.674384 3.1992495189608325 -0.18824023022213707 -3.044047366786785 0.510233 -0.0140805 -0.859469 0.0278774
1636513359.741365 3.1633915387847527 -0.1880386337137358 -3.0592601064420752 0.517274 -0.0138162 -0.855265 0.0275269
1636513359.875291 3.0904262187376847 -0.1870388411965095 -3.0831946860854704 0.530866 -0.0143951 -0.846899 0.027142
1636513359.943368 3.0535193388914745 -0.1865436251812808 -3.094970000200336 0.537535 -0.0149788 -0.842681 0.026851
1636513360.009047 3.015971540566312 -0.18708799078335067 -3.1070544327625056 0.544071 -0.0154074 -0.838475 0.0266481
1636513360.076246 2.978840407281166 -0.1863945185947605 -3.117799190882618 0.550431 -0.0157597 -0.834303 0.0267516
1636513360.210089 2.9048068558576583 -0.18549085446736235 -3.1393515397506673 0.562535 -0.0155557 -0.8262 0.0265837
1636513360.278028 2.8677166514029446 -0.18381146370215629 -3.1501084448571053 0.568222 -0.0152664 -0.822307 0.0264975
1636513360.344219 2.830662057968627 -0.18275175388272766 -3.1594605614629425 0.573506 -0.0152192 -0.818642 0.0261663
1636513360.411278 2.7926532530369945 -0.18202748597700066 -3.1691728807153448 0.578563 -0.0153801 -0.815087 0.0257152
1636513360.477946 2.7545983877469276 -0.18299388592614707 -3.177426506595137 0.583514 -0.0155826 -0.811563 0.025168
1636513360.545025 2.7168371267306934 -0.18346965530716425 -3.1848852695115517 0.588542 -0.0155736 -0.807929 0.0250328
1636513360.611803 2.679264731381464 -0.1834049757314157 -3.191528592182865 0.593707 -0.0151868 -0.804156 0.0247804
1636513360.678920 2.6414178699751636 -0.18321904721089927 -3.198687317788685 0.598904 -0.0147576 -0.800305 0.024649
1636513360.746019 2.603123841115531 -0.18171939956722874 -3.205811599617709 0.603965 -0.0144971 -0.796493 0.0247854
1636513360.812957 2.564145661038961 -0.1795878780400842 -3.2131330888498626 0.608765 -0.0142772 -0.792836 0.0247564
1636513360.879930 2.5245723925984787 -0.17878753018986804 -3.220677097449638 0.613382 -0.0142583 -0.789274 0.0246157
1636513360.946968 2.485433316478609 -0.17895519676400976 -3.226842038355703 0.617853 -0.0143579 -0.785778 0.0245638
1636513361.014117 2.445981740149959 -0.17884823095320085 -3.23339742813672 0.622329 -0.014491 -0.782232 0.0246806
1636513361.080919 2.4057782591783283 -0.17742544887222841 -3.238886060535315 0.626519 -0.014842 -0.778862 0.0250597
1636513361.147915 2.3662568759470703 -0.1758434818136468 -3.2433088998530053 0.630569 -0.0150898 -0.775578 0.0251816
1636513361.214688 2.326832482533458 -0.1755679265680515 -3.247017577698819 0.634589 -0.0153789 -0.772293 0.0249809
1636513361.281973 2.2866267985955178 -0.17468492151894285 -3.2516171155117455 0.638664 -0.0155123 -0.768926 0.0249038
1636513361.482865 2.167520283932576 -0.1713426521792779 -3.265001959927262 0.650388 -0.0150634 -0.759065 0.024284
1636513361.549803 2.1270243391585293 -0.16950852990095133 -3.270514420538078 0.653658 -0.0147411 -0.75627 0.0238602
1636513361.616910 2.0868489648664466 -0.1692432960213818 -3.27540503955369 0.65673 -0.0142036 -0.753635 0.0232013
1636513361.683862 2.0475747311308243 -0.16881550249440558 -3.2789244719274264 0.65977 -0.0137343 -0.750997 0.0227599
1636513361.817757 1.967687993125485 -0.16790685626542914 -3.2862756785602967 0.665561 -0.013579 -0.745892 0.0221028
1636513361.884766 1.9281674467110241 -0.16828358820858727 -3.287731512120905 0.668178 -0.013773 -0.743552 0.021906
1636513361.951654 1.8878342108687742 -0.16837846648619098 -3.289855775001151 0.670829 -0.014078 -0.741152 0.0219825
1636513362.018760 1.8477360386252863 -0.16752662025768986 -3.2914614455007607 0.673424 -0.0145003 -0.738775 0.0223701
1636513362.085700 1.8076648505219595 -0.1659934509129727 -3.2937164187959063 0.675865 -0.0147067 -0.73653 0.0226656
1636513362.152792 1.76732383909095 -0.1654896461318915 -3.295878924456683 0.678193 -0.0147367 -0.734385 0.0227123
1636513362.219692 1.7273915208981656 -0.16443145022120167 -3.2969842426399767 0.680427 -0.014607 -0.732313 0.0228492
1636513362.286747 1.6880510652932714 -0.16392363122847112 -3.2973639641898655 0.682653 -0.014409 -0.730246 0.0227328
1636513362.353769 1.6482373265126447 -0.1634748906757355 -3.297429667780487 0.68499 -0.0142788 -0.728063 0.0225733
1636513362.421338 1.6082698475194726 -0.16292794786867631 -3.2973314807125425 0.687461 -0.014235 -0.725731 0.0225876
1636513362.487642 1.5683256687144729 -0.16131426351772848 -3.2966213784461775 0.690014 -0.014289 -0.723296 0.0227942
1636513362.554662 1.527825573692711 -0.15946089004160105 -3.2959871713191413 0.692652 -0.0143692 -0.720764 0.022931
1636513362.621663 1.4884137284745993 -0.15854604574026313 -3.2940585288522772 0.695366 -0.0142731 -0.718154 0.0227397
1636513362.688666 1.4479433880275 -0.1570857099324533 -3.2929359370745255 0.698229 -0.0142309 -0.715375 0.022626
1636513362.822588 1.3663091895797101 -0.15561918609218522 -3.2915559683299582 0.703952 -0.0138368 -0.709762 0.0223162
1636513362.956453 1.2859940645087282 -0.15281294106838436 -3.2871287940251928 0.709426 -0.0131873 -0.704304 0.022285
1636513363.023474 1.245577200366585 -0.15165905410646932 -3.2849567055390625 0.712141 -0.0129309 -0.701572 0.0220116
1636513363.090444 1.2055107118457644 -0.15100153372410877 -3.2817483841979818 0.714865 -0.0130162 -0.6988 0.0218301
1636513363.157380 1.1654207046627851 -0.15048289703280454 -3.278366800142538 0.717571 -0.0132045 -0.696026 0.0215737
1636513363.224582 1.125596284075379 -0.15019247546310002 -3.2739982108549706 0.720227 -0.0135319 -0.69327 0.0215794
1636513363.291487 1.0854582047622805 -0.14892546419199462 -3.2693715624193063 0.722811 -0.0139736 -0.690559 0.0218457
1636513363.360188 1.0457866951967867 -0.14764314408495557 -3.2640038108862233 0.725314 -0.0143838 -0.687916 0.0219998
1636513363.427127 1.006022217114266 -0.14665283786615174 -3.259047575289406 0.727861 -0.0147244 -0.68521 0.0220833
1636513363.492293 0.9670290861877766 -0.14515611956564572 -3.253349370240275 0.730322 -0.0148376 -0.682586 0.0220252
1636513363.562716 0.927153625504997 -0.14392989328812206 -3.2492760396075515 0.732726 -0.0148136 -0.680021 0.0215742
1636513363.626276 0.8863928593961293 -0.14334605820738003 -3.245457014600602 0.735025 -0.0147882 -0.677548 0.0211616
1636513363.693285 0.8467513055659717 -0.14298702309105296 -3.2410037041534063 0.737208 -0.0145931 -0.675185 0.0209028
1636513363.827410 0.7669333960368074 -0.14061449161315 -3.2308141927450853 0.741284 -0.0142854 -0.670709 0.0210285
1636513363.961344 0.6871943567571235 -0.13776288579202106 -3.219524877895649 0.74513 -0.0140533 -0.666438 0.0210611
1636513364.028477 0.6474650041415444 -0.13667681839778387 -3.2133981111530785 0.746982 -0.0137828 -0.664368 0.0210504
1636513364.095235 0.608487133206523 -0.13510945761872678 -3.2066115001019253 0.748852 -0.0134528 -0.662273 0.0208618
1636513364.162234 0.5690605432381333 -0.1342054686532598 -3.1998951128237256 0.750807 -0.0133872 -0.660067 0.0205419
1636513364.229115 0.5287497899955712 -0.1332413576816744 -3.193492649449897 0.75279 -0.0135879 -0.657803 0.020455
1636513364.363229 0.44958220489034406 -0.13170419217417068 -3.1787948717867507 0.756494 -0.0139248 -0.653538 0.0202782
1636513364.430311 0.4101331739997423 -0.13083268564531972 -3.171698178952146 0.758381 -0.0138415 -0.651349 0.020293
1636513364.499146 0.37123201517722304 -0.12979366808903814 -3.1635727340366726 0.760308 -0.0136957 -0.649096 0.0204353
1636513364.564260 0.3324840084049967 -0.12841628722365866 -3.155845249062347 0.762297 -0.0134166 -0.646767 0.0204046
1636513364.631366 0.293628846725698 -0.12782374606364802 -3.147784097429454 0.764295 -0.0133124 -0.644405 0.0204455
1636513364.698117 0.2546792430753877 -0.12567846682189088 -3.1394559713651895 0.766243 -0.0132581 -0.642086 0.020556
1636513364.765078 0.21594751849104354 -0.12492491949463909 -3.1300678119610907 0.76813 -0.0132745 -0.639833 0.0203229
1636513364.831897 0.17665879752481772 -0.12423377974222745 -3.121474405602505 0.770123 -0.0134261 -0.63743 0.0203195
1636513364.899040 0.13758039786438025 -0.1229759305985751 -3.1117239228530655 0.772088 -0.0133902 -0.635047 0.0203955
1636513364.966182 0.0987860472136961 -0.12173096633474419 -3.102573778128563 0.77403 -0.0131738 -0.632686 0.0203105
1636513365.033085 0.05973075355718005 -0.12013343981744168 -3.092906413435713 0.775969 -0.0130724 -0.630314 0.0201545
1636513365.100047 0.02087720779743296 -0.11934110416650265 -3.0836049046240075 0.777917 -0.0131597 -0.627915 0.019887
1636513365.167095 -0.018567602425427765 -0.11847572971074619 -3.0736182503118794 0.779779 -0.0130717 -0.625609 0.01967
1636513365.234136 -0.05705462635396019 -0.1171703890381389 -3.063029275604809 0.781621 -0.0128224 -0.623317 0.0195089
1636513365.301003 -0.09511222820964216 -0.11577554679280243 -3.0515946503398315 0.783521 -0.0126601 -0.620935 0.0193498
1636513365.434972 -0.17289193507441492 -0.11417215971079381 -3.030768303906985 0.787401 -0.0127326 -0.616008 0.0192745
1636513365.501940 -0.21096028302294267 -0.11322583721991944 -3.018703419694929 0.789178 -0.0126372 -0.613731 0.0192941
1636513365.568898 -0.2489975507075881 -0.11226637376275195 -3.007089333835551 0.790993 -0.0124808 -0.611396 0.0192269
1636513365.635899 -0.2870344708208278 -0.11108783061480658 -2.9959659179464535 0.792879 -0.0122198 -0.608954 0.0191857
1636513365.702984 -0.3244802895557444 -0.11042654434398816 -2.9838299168718234 0.794718 -0.012008 -0.606554 0.0192557
1636513365.770637 -0.36228011415283373 -0.10862544921350699 -2.972294449586715 0.796491 -0.0117894 -0.604223 0.0194388
1636513365.836893 -0.3998603437537922 -0.10693747834338702 -2.96040143154009 0.798193 -0.01145 -0.601987 0.0192232
1636513365.903943 -0.43684043832936903 -0.10703505546652392 -2.948210141788578 0.799905 -0.0112001 -0.599729 0.0187555
1636513365.970828 -0.47548046904228347 -0.10639789045059672 -2.9371469812963418 0.801624 -0.0109569 -0.597436 0.0186973
1636513366.037683 -0.5120158857812369 -0.10607817844911012 -2.9241024941689897 0.803248 -0.0106455 -0.59525 0.0189132
1636513366.104906 -0.5489068302581506 -0.10422292051561378 -2.910264915147991 0.804864 -0.010231 -0.593058 0.019258
1636513366.171767 -0.5857669733521281 -0.10212427062122478 -2.8973537951584594 0.806527 -0.0101098 -0.590787 0.0195688
1636513366.238976 -0.623032158568938 -0.09981898600684735 -2.8835944843892563 0.808087 -0.0103055 -0.588637 0.0199097
1636513366.372793 -0.6984170439835906 -0.0985131368597117 -2.8565828297807765 0.811088 -0.0105958 -0.584493 0.0198163
1636513366.506807 -0.7730959084179179 -0.09674662219669382 -2.829275104357533 0.813843 -0.0104725 -0.580651 0.0198849
1636513366.573826 -0.8105845083537853 -0.09500519227884677 -2.8154749109159 0.815072 -0.0103203 -0.578927 0.0198444
1636513366.640512 -0.8477040103535828 -0.09270151356982041 -2.8002444350669475 0.816288 -0.0102396 -0.577222 0.0195961
1636513366.707662 -0.8855325609509135 -0.09123184625168622 -2.7866309513405922 0.817627 -0.0101294 -0.575347 0.0189693
1636513366.774827 -0.9226513834912738 -0.09023642510991657 -2.7717266924295183 0.818912 -0.0101241 -0.573532 0.0184632
1636513366.841840 -0.961041594641602 -0.08936557234210914 -2.757589646811507 0.820207 -0.0103648 -0.571683 0.0182311
1636513366.908832 -0.9976971685162557 -0.0884256260220194 -2.7411650674057975 0.821379 -0.0106184 -0.569997 0.0180834
1636513366.975791 -1.0347301671370852 -0.08746115844685087 -2.725261989794961 0.822637 -0.0108499 -0.568174 0.0181249
1636513367.042683 -1.071495655821152 -0.08607152266441336 -2.7093279927045626 0.823939 -0.0112308 -0.566269 0.0183826
1636513367.109506 -1.1089020697863057 -0.08369366059500141 -2.6934851206606325 0.825225 -0.0115152 -0.564386 0.0183941
1636513367.176646 -1.1461294685654786 -0.08196162668769713 -2.6774095171563363 0.826448 -0.0117573 -0.562606 0.0178898
1636513367.444551 -1.2960393148642593 -0.07893893940162489 -2.6140563757858204 0.831074 -0.0125852 -0.555814 0.0150695
1636513367.578615 -1.3695995533647782 -0.07680176238623104 -2.580760976001065 0.833446 -0.0129109 -0.55225 0.0148451
1636513367.645641 -1.4062529787954596 -0.07463333031023532 -2.5633581341495684 0.834507 -0.0131048 -0.550639 0.0149096
1636513367.712402 -1.442668850607651 -0.07246719542737783 -2.5458976743379953 0.835552 -0.0133162 -0.549052 0.0147329
1636513367.779455 -1.4795680827605189 -0.07071253293135105 -2.528947209289823 0.836618 -0.0136303 -0.547429 0.0143735
1636513367.846452 -1.516121345550595 -0.0699525771117661 -2.5114542919315594 0.837654 -0.0139896 -0.545845 0.0139015
1636513367.980555 -1.5899979052178501 -0.06738824349784657 -2.4763048282260858 0.839702 -0.0141032 -0.542703 0.0132367
1636513368.047445 -1.626917949125812 -0.06525356523608103 -2.4588465773916446 0.840712 -0.0139485 -0.541144 0.0130821
1636513368.114426 -1.6635617480409195 -0.06389621169422893 -2.4414136412624363 0.841656 -0.0137889 -0.539688 0.0127408
1636513368.181507 -1.7002743133934501 -0.062377311984610544 -2.4238362236638116 0.842552 -0.0135573 -0.538303 0.0123311
1636513368.248452 -1.7366133751086559 -0.060449370562709805 -2.405382991228622 0.843354 -0.0133579 -0.537061 0.0118974
1636513368.315441 -1.7727014170028919 -0.05939992050766041 -2.3868385234600877 0.844271 -0.0134029 -0.535619 0.0117941
1636513368.382385 -1.8088000353133658 -0.05833100312974074 -2.367304138699049 0.845249 -0.013545 -0.534065 0.0120477
1636513368.449193 -1.844722012449951 -0.05705007546802999 -2.3485319915082816 0.846281 -0.0135954 -0.532419 0.0124268
1636513368.516304 -1.881240497603661 -0.055621434613887986 -2.33002701547233 0.847229 -0.0135439 -0.530904 0.0126772
1636513368.583507 -1.9167278943456556 -0.05431829048300969 -2.3108889776708446 0.848058 -0.013404 -0.529577 0.0128742
1636513368.650424 -1.952179011404151 -0.05140804668982504 -2.2914583875416437 0.848912 -0.0129542 -0.528221 0.0127627
1636513368.717309 -1.9885511685075774 -0.04987021958118803 -2.272830723928048 0.849845 -0.0125526 -0.526745 0.0120704
1636513368.784359 -2.024901661320598 -0.048616330923801 -2.2540830049056435 0.850789 -0.0122884 -0.525234 0.0116608
1636513368.851393 -2.060821127954103 -0.04706922073307338 -2.234534465242673 0.8517 -0.012086 -0.523763 0.0115567
1636513368.985137 -2.130802653215747 -0.0447794915179653 -2.1933517346467646 0.8538 -0.0117183 -0.52033 0.0120303
1636513369.051997 -2.165714883005706 -0.04301436205916704 -2.172608279070019 0.855021 -0.0113997 -0.518323 0.012265
1636513369.119143 -2.200322600104914 -0.04142404063121656 -2.1515463040240177 0.8563 -0.011223 -0.516203 0.0126126
1636513369.186136 -2.2350617615116946 -0.03976042509952089 -2.1311343927404782 0.857614 -0.010828 -0.514023 0.0126951
1636513369.253350 -2.2693776577848417 -0.03855967784269186 -2.1099891681068357 0.8589 -0.0101595 -0.511885 0.012687
1636513369.320197 -2.3028487816898333 -0.036202242003200644 -2.0885295338901164 0.860324 -0.00944944 -0.509499 0.0128235
1636513369.387159 -2.336281709181749 -0.03420962777557529 -2.067030908243302 0.861896 -0.00895393 -0.506844 0.0128113
1636513369.521122 -2.403679498938243 -0.030269469364610536 -2.023791552168425 0.865387 -0.00838542 -0.500881 0.0123533
1636513369.588180 -2.4365495732883886 -0.02945735390062912 -2.0015290955046856 0.867147 -0.00854465 -0.497831 0.0121387
1636513369.655102 -2.4692842801653714 -0.02863834594203985 -1.9781954306152294 0.868937 -0.00862911 -0.494703 0.0119301
1636513369.722207 -2.500922608829173 -0.02763813830353333 -1.9549475796007656 0.87091 -0.00865772 -0.49122 0.0119625
1636513369.789014 -2.5325019596378353 -0.02644516740755021 -1.9316893999869236 0.873089 -0.0086636 -0.48733 0.012251
1636513369.856205 -2.5642226483030552 -0.02452269956144396 -1.9083931848015792 0.875264 -0.00850324 -0.483414 0.0123281
1636513369.923051 -2.5963787170420276 -0.023459889468521546 -1.8850226855584373 0.877346 -0.00831323 -0.479632 0.0121468
1636513369.990090 -2.6275887141979455 -0.022177432090825167 -1.8609263255539923 0.879384 -0.0079073 -0.475894 0.0120779
1636513370.059854 -2.658123279115271 -0.02043394351160208 -1.8368944820566018 0.881481 -0.00732049 -0.472013 0.0118722
1636513370.124079 -2.6884394833147462 -0.01846400954893119 -1.8130515361225523 0.883704 -0.00681068 -0.467853 0.0115916
1636513370.191113 -2.718424732701848 -0.0164792810693753 -1.7879797807505167 0.885943 -0.00674354 -0.463598 0.0117019
1636513370.258287 -2.7480168613135945 -0.015048375376644196 -1.762683275434819 0.888208 -0.00680403 -0.459238 0.0118736
1636513370.325108 -2.777135207770196 -0.013429994454690801 -1.7367431701675449 0.890475 -0.00692477 -0.45482 0.0120522
1636513370.391984 -2.8058450799252412 -0.011700450648252841 -1.7103529560419202 0.892805 -0.00730056 -0.450218 0.0122832
1636513370.459031 -2.8348944765139126 -0.010493832608539436 -1.6838525621928202 0.895161 -0.00762049 -0.445505 0.0123808
1636513370.593066 -2.891781785835699 -0.006806025623934252 -1.6314017028385672 0.899734 -0.0075027 -0.436212 0.0119381
1636513370.726833 -2.9487325378569853 -0.002740842883239095 -1.5778404639455883 0.904332 -0.00745794 -0.42668 0.00850144
1636513370.793728 -2.9771501770872315 -0.0015989169933458454 -1.5506022204625016 0.906907 -0.00746974 -0.421212 0.00660011
1636513370.860907 -3.0051472512787667 -0.0006175128400169334 -1.5226764708603873 0.909495 -0.00758627 -0.415611 0.00544342
1636513370.927933 -3.0318069496447833 -0.00039329779983526825 -1.4937182677865333 0.912003 -0.00803631 -0.410067 0.0056003
1636513370.995441 -3.056402046495216 0.0002048307946459372 -1.4637063236462184 0.914434 -0.00831069 -0.404591 0.00682996
1636513371.061815 -3.0791928700693094 0.001349179046932169 -1.4328484596593523 0.916889 -0.00830022 -0.398977 0.00788488
1636513371.128879 -3.1021343365216043 0.0028900248652803523 -1.4023838216493663 0.919555 -0.008193 -0.392783 0.00852903
1636513371.195781 -3.125518327447815 0.004831817735665092 -1.3724223538501032 0.922331 -0.00800022 -0.386224 0.00856056
1636513371.262860 -3.1490369510147342 0.006959873600963435 -1.3427380274424148 0.925081 -0.0076479 -0.379615 0.00774115
1636513371.329663 -3.1715710649642803 0.008660192949301915 -1.3125310132517016 0.927877 -0.00740959 -0.372757 0.006463
1636513371.463849 -3.2157049142706167 0.010492171338405704 -1.2513925939407478 0.933823 -0.00755822 -0.357638 0.00342225
1636513371.530755 -3.235898055229898 0.010663454346435085 -1.2195291241980604 0.936791 -0.00780631 -0.34979 0.00301029
1636513371.597656 -3.254739886398764 0.011606825857708183 -1.186985739501481 0.939754 -0.00796365 -0.34174 0.00352299
1636513371.731879 -3.2895217773945515 0.014557876802702825 -1.120387603630208 0.945566 -0.00809479 -0.325274 0.00601213
1636513371.799822 -3.306232282147308 0.016763420200051136 -1.0872777444953239 0.948383 -0.00787658 -0.31696 0.00664024
1636513371.865611 -3.323663681444765 0.019164600307527487 -1.054314939703061 0.95115 -0.00764929 -0.308566 0.00647303
1636513371.932647 -3.3412737136834156 0.020930572398126256 -1.021373799566665 0.953822 -0.00753675 -0.300226 0.00566391
1636513371.999439 -3.358519420683307 0.022606916973339542 -0.988265865469732 0.956405 -0.00740567 -0.291915 0.00452211
1636513372.066643 -3.374589932114331 0.023460920407985086 -0.954502593458479 0.958919 -0.00737869 -0.283565 0.00317657
1636513372.133651 -3.3888372834696403 0.02413724751683577 -0.92018134949085 0.961452 -0.00743987 -0.274862 0.00223558
1636513372.200597 -3.4023178410813104 0.025002050969829055 -0.8856400871094645 0.964035 -0.00753699 -0.265663 0.00185231
1636513372.267591 -3.4144127188312012 0.02625503530923723 -0.8509468189023888 0.966579 -0.00756254 -0.256251 0.00178974
1636513372.334644 -3.426175221782227 0.027503313944399053 -0.8158975759189401 0.969092 -0.0075497 -0.246577 0.00163933
1636513372.401701 -3.4367849431936865 0.02873748376414304 -0.7807455790511163 0.971567 -0.00744524 -0.236641 0.00162487
1636513372.468570 -3.4473304299110117 0.031099210490930153 -0.7457161621711643 0.974016 -0.00687818 -0.226368 0.00142414
1636513372.602474 -3.4669674720667567 0.03485769019849186 -0.6763399708751602 0.978618 -0.00572914 -0.205606 -0.000802903
1636513372.669474 -3.475479827254564 0.03700242551967601 -0.6409957215128687 0.980764 -0.00534939 -0.19512 -0.00149087
1636513372.803442 -3.4873024222232427 0.03956739228647825 -0.5693130895088472 0.984649 -0.00561983 -0.174443 -0.00214378
1636513372.870515 -3.490899013238514 0.040568058827790646 -0.5325280825490836 0.986455 -0.00604216 -0.163917 -0.00111371
1636513372.937361 -3.4939033098508556 0.042012434058950734 -0.496022926186806 0.98816 -0.00628246 -0.1533 -0.000198995
1636513373.004452 -3.4970481842922685 0.043544059463646756 -0.460051687317373 0.989765 -0.00624218 -0.142571 2.8438e-05
1636513373.071577 -3.5000185597619837 0.04547182623451568 -0.42439596824856873 0.991258 -0.00591226 -0.131807 -6.30547e-05
1636513373.138344 -3.5033180031274043 0.0475962989065484 -0.38919976666534606 0.992619 -0.00538411 -0.121147 -0.00101248
1636513373.205156 -3.5066888378611747 0.04939417214292581 -0.3532783602202391 0.993852 -0.00503963 -0.110585 -0.0020484
1636513373.339376 -3.508248003409558 0.052326853669830815 -0.2823779282891591 0.995978 -0.00444779 -0.0894159 -0.00348523
1636513373.406382 -3.5071774191346408 0.053187098208248844 -0.24681291525915305 0.996878 -0.00436364 -0.0787487 -0.00374177
1636513373.473395 -3.5057936310700715 0.05508837369185406 -0.21115071930964285 0.997667 -0.00426336 -0.06805 -0.0033725
1636513373.540489 -3.5038030259083564 0.056516714493681966 -0.17556958179345564 0.998321 -0.00429973 -0.0576362 -0.00373559
1636513373.607262 -3.5011012498097833 0.057397325400372706 -0.13985219455086523 0.998862 -0.00431915 -0.0473067 -0.0042462
1636513373.741302 -3.4959268947221465 0.06062840992630371 -0.06885680182055266 0.99962 -0.00348359 -0.0268162 -0.00534707
1636513373.875111 -3.485757561942509 0.06271862158555588 0.001900129480456099 0.999952 -0.00267783 -0.00694744 -0.00641456
1636513373.942126 -3.4794076821623237 0.06524894865977167 0.03736320710904605 0.999976 -0.0023722 0.00300919 -0.00575576
1636513374.009180 -3.471691216613865 0.06561528842010725 0.07278788223793886 0.999907 -0.00267114 0.0124922 -0.0046702
1636513374.076204 -3.4645226975891212 0.06662021563171401 0.10945033582165406 0.999757 -0.00279667 0.0215894 -0.00343976
1636513374.143281 -3.4564103785064564 0.06774658719320988 0.1448958027792949 0.999537 -0.00257273 0.0301821 -0.00281046
1636513374.278381 -3.4414638771240944 0.06978955895106403 0.21527152862288126 0.998886 -0.00141979 0.0470257 -0.0035247
1636513374.344082 -3.434676033835894 0.07174060832804968 0.2510764479243131 0.998481 -0.000779828 0.0549259 -0.00436058
1636513374.411073 -3.426900813486521 0.07401206190510999 0.2869666793425105 0.998059 -0.000271637 0.0620944 -0.00472266
1636513374.478096 -3.417183943983816 0.07553328153161713 0.3224870922962245 0.997618 -4.67142e-05 0.068803 -0.00494538
1636513374.679238 -3.386440156439906 0.07773404064000858 0.4292330139147099 0.995978 -0.00017202 0.0894622 -0.00498432
1636513374.813050 -3.3654946503531122 0.08023209403674766 0.5008191729364228 0.994828 0.000244834 0.101433 -0.00541699
1636513374.880024 -3.3542837583736516 0.0815541433531345 0.5359615589243786 0.994222 0.000288884 0.107167 -0.00616411
1636513374.946919 -3.342726343318482 0.08296501121046958 0.5719870008766296 0.993582 0.000315615 0.112931 -0.00649428
1636513375.080918 -3.3203004823059654 0.0862875829528852 0.6445238929183097 0.992287 0.000570417 0.1238 -0.00624559
1636513375.147913 -3.3081165581707523 0.08762610254787111 0.6802635627109102 0.991699 0.000617595 0.12845 -0.00571608
1636513375.214860 -3.296710203181454 0.08885912831458903 0.7161575035595648 0.991126 0.000597721 0.132821 -0.00525379
1636513375.282005 -3.284624075803645 0.08976973557295977 0.7511132154569085 0.990596 0.00055372 0.136714 -0.00527037
1636513375.348925 -3.273584421453754 0.09027641710538349 0.7865550395006162 0.990075 0.000547162 0.140442 -0.00529695
1636513375.416006 -3.262703149480275 0.09114038430263607 0.8217571478510242 0.989597 0.000785898 0.143772 -0.00518859
1636513375.482940 -3.2512491147115647 0.09259003632059773 0.8560491047011131 0.989194 0.00118105 0.146522 -0.00500297
1636513375.549758 -3.2405091241414885 0.09434389402592588 0.8902547333284321 0.988847 0.00149327 0.148851 -0.00469264
1636513375.616799 -3.2293917164776724 0.0963078394611854 0.9242281737261517 0.988587 0.00165099 0.150577 -0.00435751
1636513375.683835 -3.2180464296736466 0.09836449062783643 0.9575468402001026 0.988414 0.00162155 0.151711 -0.00430975
1636513375.750849 -3.20708738907762 0.10014905229516728 0.9911060536418065 0.988281 0.00134168 0.152578 -0.00439943
1636513375.817745 -3.1963636884317856 0.10125981608879396 1.0239432475258663 0.988169 0.000845305 0.1533 -0.0045825
1636513375.884839 -3.1867353838151624 0.10200189457655687 1.0572684667311876 0.9881 0.000421189 0.153739 -0.00469955
1636513375.951905 -3.1769524033765593 0.10282534705201009 1.0902058085922066 0.988112 0.000338747 0.153674 -0.00430937
1636513376.018855 -3.166030665538556 0.10373186867189627 1.120963103129211 0.988194 0.000430021 0.153158 -0.00373536
1636513376.085675 -3.1551766810688555 0.10436832649387238 1.1507346349494856 0.988265 0.000478677 0.152707 -0.00348468
1636513376.152789 -3.144893436491783 0.10491645270020102 1.1798318993573704 0.988272 0.000493567 0.152667 -0.00337419
1636513376.219659 -3.1353469105105027 0.10607227371379627 1.2088512526102186 0.988263 0.000482968 0.152728 -0.00332261
1636513376.286870 -3.1268010237096107 0.10663592575720358 1.2378182490943184 0.988279 0.000296558 0.152617 -0.00360738
1636513376.353662 -3.1184467097537927 0.10669278505969723 1.265830968603029 0.988324 0.00027126 0.152315 -0.00401886
1636513376.420820 -3.110152129569563 0.1066107375238755 1.2926931455983326 0.988349 0.00046311 0.152135 -0.00462567
1636513376.554717 -3.0950104927044224 0.10862685821827787 1.3435554011546702 0.988356 0.00122677 0.152038 -0.00589218
1636513376.621685 -3.087475140057664 0.10991072563169471 1.367500856860318 0.988397 0.00158176 0.151764 -0.00603389
1636513376.688674 -3.07991923303693 0.11071181942746906 1.3907964746546249 0.988448 0.00179752 0.151437 -0.00582891
1636513376.755711 -3.0720029502711186 0.11109045164165215 1.4127551410747876 0.988486 0.0018731 0.1512 -0.0055741
1636513376.822444 -3.0643067933702652 0.11166180089349738 1.4336157362061384 0.988492 0.00198602 0.151174 -0.00511754
1636513376.889678 -3.0570466029843857 0.11187015575285186 1.4532396058771875 0.988486 0.00203905 0.15123 -0.0046227
1636513376.956712 -3.0505427794185773 0.1128084305770721 1.4721942862140736 0.988495 0.00212837 0.151178 -0.00424364
1636513377.157711 -3.0345263020938136 0.11417540404120086 1.522954979039429 0.988569 0.00200246 0.150683 -0.00462299
1636513377.224592 -3.0301189280173904 0.11461587878980424 1.53781861441548 0.988578 0.00190392 0.150622 -0.00486942
1636513377.359262 -3.0217458620773336 0.11558472075599115 1.56360912382527 0.988603 0.00170789 0.15046 -0.00488885
1636513377.426217 -3.0180285192245275 0.1154913248917649 1.5746401419558311 0.988618 0.00161802 0.150361 -0.00475736
1636513377.492415 -3.0144425785289117 0.11577860333231264 1.584484652415083 0.988633 0.00163949 0.150274 -0.0044916
1636513377.559484 -3.0112925224675355 0.11600786570161795 1.5928656432802366 0.988635 0.00162734 0.150265 -0.00430472
1636513377.628116 -3.0087224339282725 0.11617733538948911 1.6003746221700559 0.988632 0.001587 0.150291 -0.00423461
1636513377.693535 -3.00672599017604 0.11670393220356415 1.6065009575166624 0.98863 0.00162628 0.1503 -0.004183
1636513377.760392 -3.0052495459633355 0.11703710162166782 1.6117219151849365 0.988634 0.00159924 0.15027 -0.00425913
1636513377.827389 -3.003900721571161 0.11708446496546343 1.6156931045850635 0.988649 0.00156862 0.150174 -0.00433114
1636513377.894319 -3.003081783799683 0.11711454290365894 1.618506645087999 0.988651 0.00153058 0.150159 -0.00435975
1636513378.031565 -3.0022547386856364 0.11730658830802061 1.6202493880779136 0.988647 0.00155601 0.150188 -0.0042658
1636513378.095462 -3.002673876553707 0.11700502601898399 1.6200094455533138 0.988643 0.00164165 0.150214 -0.00427076
1636513378.162398 -3.0029590515417457 0.11671243855160732 1.6194171483230084 0.988652 0.00198284 0.150149 -0.00432277
1636513378.229255 -3.0031856041949645 0.11669900459200244 1.6188898298803887 0.988661 0.002473 0.150075 -0.00448102
1636513378.296224 -3.0032167885272467 0.11641166942935645 1.6183631919461205 0.98866 0.00271538 0.150072 -0.00469075
1636513378.363390 -3.0031055987767514 0.11678451374768908 1.6179290303041292 0.988652 0.00275686 0.150128 -0.00468416
1636513378.430382 -3.0029715602149807 0.11712061882960512 1.6179356624535322 0.988654 0.00267199 0.150116 -0.00466885
1636513378.497198 -3.0031450949375715 0.11693863374418173 1.6183900297029803 0.988656 0.00264434 0.150103 -0.00465528
