1636513398.05712 0.00366773466985985 0.12603101346711 0.00709186760059699 0.999999639402414 -0.000761946225854669 -0.000374553648991442 1.85082460118548e-05
1636513398.45915 0.0121600983505011 0.374281695062497 0.0159623207226821 0.999997991781377 -0.00178375267181369 -0.000913510700646152 1.25625823161683e-05
1636513398.86121 0.0298097847807309 0.74251373615847 0.0279185611090579 0.99999759162429 -0.00150761064104191 -0.00109030549801744 -0.00116408319964476
1636513399.26293 0.0612460882214499 1.19724752957059 0.0408190530236706 0.999982770250421 0.00118650248287952 -0.00023359269185408 -0.0057442883463397
1636513399.86584 0.119219014415788 2.04491648614729 0.0628643175446365 0.999846707259801 0.00095750748840979 -0.00129313108765746 -0.0174348207083879
1636513400.26773 0.187418446170177 2.68956592810937 0.0811204907428415 0.999510707311759 0.00247102135508466 -0.00131105974323173 -0.0311531883594506
1636513400.6027 0.258038839788612 3.25867848980216 0.094425392570065 0.998937765831873 0.00135642038017974 -0.00131099226394559 -0.046041084021368
1636513401.00444 0.392417665228446 3.96711044208696 0.112207343625806 0.997610535622148 0.0044546009748366 -0.000415113914954956 -0.0689434799403382
1636513401.33946 0.514947071703521 4.58513459756809 0.126053389464365 0.995818890295674 0.000841999303279423 0.000930173969450302 -0.0913409193289182
1636513401.67446 0.693502395416882 5.18533479161231 0.142194775836022 0.993072682814672 0.00434180410020983 0.00123666027900644 -0.117414931144977
1636513402.00909 0.893127011612587 5.79347266527704 0.161811562168955 0.989624946628593 0.00395094058840913 0.00139439397729129 -0.143613755414502
1636513402.47815 1.23347602782786 6.60853791318673 0.195596979844513 0.982882735106359 0.00513980947741049 0.00144833522495842 -0.184154863398868
1636513402.88021 1.58246143744458 7.27747053815145 0.223585859867372 0.974103836878406 0.00732739084512078 0.00187166029569963 -0.225974603019692
1636513403.21495 1.90810677593877 7.78834044879689 0.246310483955405 0.963880959801637 0.00836944716365089 0.00346517555108467 -0.266179338500288
1636513403.61695 2.34984557685106 8.3667880999642 0.275817400313324 0.948021487146486 0.00733510166724595 0.00421198415129802 -0.318093878252326
1636513404.01885 2.85758557069244 8.86382738460313 0.297526592973972 0.92771278607712 0.0108444437855849 0.0054534144089869 -0.373097366459874
1636513404.48766 3.51627236835036 9.3741993627573 0.333279164977259 0.900029992661786 0.0126932901761696 0.00608617243422448 -0.435600563818311
1636513404.95656 4.23081103183099 9.77760768174027 0.373169130487758 0.86875221287834 0.0149002277446409 0.00671192821500328 -0.494977298319611
1636513405.29172 4.76523311800284 10.0077799649696 0.394532147956902 0.843581102918524 0.0159511889675679 0.00915884557832193 -0.536686685056523
1636513405.62646 5.31992073142467 10.1872483823936 0.421731382895467 0.816576679474181 0.0171487786350017 0.0102397399616799 -0.576891318755764
1636513406.09547 6.12011666049856 10.3542341635376 0.457117612083144 0.777067431956484 0.0182938215467601 0.0121116293950518 -0.629034856521614
1636513406.49733 6.80912927574988 10.4184490280446 0.482625610435699 0.741442970234299 0.0196900670291304 0.0138772744918431 -0.670583361263316
1636513406.83226 7.38731188596457 10.4092193078613 0.499356675922662 0.712233658711137 0.0221335121735305 0.0147433354016561 -0.701438491315558
1636513407.16737 7.96468571880407 10.357210713689 0.518724016813186 0.680648329378885 0.0225976317975023 0.0159870286727366 -0.732087162614599
1636513407.56904 8.64175040643143 10.221489140979 0.536676255330886 0.639817199349887 0.023206144366433 0.0165589611863686 -0.767998194714115
1636513407.90401 9.19082276685915 10.044496899957 0.548486068234596 0.603829652981046 0.0246730055112111 0.0156102014274483 -0.796578504976897
1636513408.3061 9.82658006811809 9.77761710140184 0.565500321115831 0.560084572280987 0.0254650068505912 0.0146523913692225 -0.827914314857574
1636513408.64086 10.343978880536 9.49717031871375 0.577421775296873 0.523877935619511 0.0250285341269976 0.0146269451238866 -0.851299908097514
1636513409.04298 10.9292668506429 9.10992956610884 0.587201946102856 0.480818219649534 0.024787767535139 0.0153178476455889 -0.876335991373847
1636513409.37785 11.3902163474194 8.73483417044093 0.593644329997911 0.446099693167279 0.0244338854291569 0.0143326804372222 -0.894534864200596
1636513409.71274 11.8337682120636 8.31718754205781 0.596652550226937 0.413859738465138 0.0241766997232461 0.0152302962275232 -0.909892104672242
1636513410.18174 12.4128442883199 7.68936872159688 0.594192573105084 0.374188015084322 0.0254240316210508 0.0140603415756673 -0.926897650648745
1636513410.71744 13.0353403193238 6.90046697409815 0.585863885954667 0.338196277992442 0.0249301637350958 0.0150460412226576 -0.940624994953742
1636513411.05246 13.4047137430791 6.36958342635459 0.57932245014726 0.321912877576492 0.0244612834115062 0.0150575686058414 -0.946333458402463
1636513411.52135 13.9011157833323 5.60679483024274 0.571500068482307 0.305454672484108 0.0239298012696358 0.014272116878869 -0.951798883351214
1636513411.92331 14.3208586538343 4.93245403705735 0.560119746095242 0.296258912984349 0.0234427301674275 0.0147021064536858 -0.95470673138166
1636513412.25805 14.6576609218677 4.36670930851479 0.552218400747168 0.293122663750032 0.023608503361034 0.0126091614432946 -0.955700136869737
1636513412.6602 15.0767489484738 3.67563086093124 0.544889866870815 0.29405506537153 0.0227839659631581 0.0136834993131622 -0.95541889832203
1636513413.06199 15.4887808631985 2.99443776741053 0.538019863223766 0.299003757097702 0.0237726382903487 0.0118675074310758 -0.953881951384734
1636513413.46397 15.916736440399 2.31395602287463 0.534209655748614 0.30684756053906 0.0237102285152359 0.0119986266220585 -0.951387635306539
1636513413.79875 16.2832164123456 1.75540710022031 0.530380414590081 0.316524619622333 0.0237638743437182 0.0122035923417922 -0.948208055113997
1636513414.13368 16.670424450651 1.2196440274962 0.527196799724517 0.32748523882037 0.0235148394707798 0.0155700436504599 -0.944435304518076
1636513414.53562 17.1293656105759 0.572971845573122 0.526198766970669 0.340355859130269 0.0246844483501497 0.0131038492481 -0.939881299048039
1636513414.87058 17.5315589651806 0.0581353258174709 0.522100318050781 0.353198110275914 0.0249850062484209 0.0143784075840562 -0.935104328808094
1636513415.20534 17.9383917423866 -0.447914113025942 0.519697493378717 0.366762504245032 0.0265196222746461 0.0123681598085314 -0.929854291670084
1636513415.54042 18.3646368138293 -0.932971206179558 0.52146429317416 0.38242123585689 0.0264501214866994 0.0121522094073668 -0.923529486938856
1636513416.14325 19.1875373769827 -1.76435961698289 0.528918265635943 0.416153358947403 0.025513051860188 0.0136851071072653 -0.908833419205652
1636513416.54528 19.7662490523819 -2.28826312302214 0.537671476259145 0.44301208737212 0.0258420475558691 0.0114481881073675 -0.896069984995244
1636513416.94717 20.374778774168 -2.75976797534845 0.547827645167927 0.471044468626224 0.0254390715671953 0.0111968168575346 -0.881671477085823
1636513417.2821 20.9060835509074 -3.12896431666895 0.555037195697227 0.493978828283998 0.0254947376732871 0.0107685667561032 -0.869033355820223
1636513417.68404 21.564708036953 -3.53573961849112 0.5640858158472 0.522006905523334 0.0267634745047665 0.0114652648012492 -0.852444165163574
1636513418.08585 22.2457026402515 -3.8900671993351 0.588177384992547 0.549824035552445 0.0255557524804463 0.0103843323635027 -0.834824891270826
1636513418.48969 22.9526151532011 -4.20663920186446 0.603556905408694 0.57759173959104 0.0264074318745898 0.00995514180108142 -0.815837805602134
1636513418.88966 23.6707805172838 -4.46344370345926 0.628621401014667 0.605965172002366 0.025608601730689 0.0102474203959367 -0.795012830218966
1636513419.29154 24.3968320646596 -4.65649084663116 0.656258643225216 0.640256963878571 0.0249479496321394 0.00924178709022866 -0.767699947496107
1636513419.62668 25.0171557935435 -4.77392454222277 0.67708370147333 0.670854090722645 0.0246702915290163 0.00772964678130084 -0.741138595835626
1636513420.09555 25.8868890780442 -4.83486789306893 0.708884704284399 0.712295210229908 0.0232937047933345 0.00756509958065 -0.701452568652269
1636513420.56437 26.745028795577 -4.80790538283789 0.738389077346436 0.753369193485961 0.0230960618029624 0.00616271518104726 -0.657163184587438
1636513420.89927 27.3478898688133 -4.72630824258442 0.752228268321891 0.781491808591626 0.024119199166643 0.00612784034295953 -0.623419013913179
1636513421.2341 27.9364452857529 -4.58719857410291 0.768017712661814 0.808413673717208 0.022792118554386 0.00590749912444656 -0.588143649912966
1636513421.77001 28.852757827644 -4.25117358800683 0.800480994199638 0.847132595176131 0.0189208351017211 0.00610470073216878 -0.531009511043049
1636513422.3062 29.7269971706264 -3.80665953266599 0.834149277724696 0.877578105160063 0.0172176002263254 0.00367039315335237 -0.479110375383606
1636513422.70791 30.3391147582542 -3.40019412515708 0.859604785954911 0.898427353492871 0.0151930440191935 0.00575688745892606 -0.438821512868288
1636513423.17684 31.0049219757352 -2.87010590103082 0.884987352586089 0.920402901533543 0.0150187582928438 0.00648548631648708 -0.390628818976806
1636513423.57859 31.5365002213168 -2.35410618522022 0.906696734056124 0.937386562218121 0.0145294972887265 0.00614201622022815 -0.34793333027777
1636513423.91369 31.9454903767474 -1.88707015882609 0.927192512485814 0.950427071692029 0.0140117522107805 0.00509696620387726 -0.31058987931099
1636513424.24863 32.3131779058617 -1.38058307228609 0.957614464268162 0.961883767751528 0.0111989219257249 0.00272044680559196 -0.27321566692451
1636513424.58355 32.6382102145972 -0.854518088058042 0.982351343304791 0.971755921213185 0.00950107875426664 0.00089808818002542 -0.235795149498966
1636513425.11956 33.0734597893046 0.0410679587786857 1.01237224365 0.984799922654036 0.00821683441805985 -0.000568247742633075 -0.17349718460901
1636513425.52145 33.3247211008746 0.754040936489716 1.03377661398894 0.991938872920319 0.00724972500857322 -0.001385182901564 -0.126502154705744
1636513425.85612 33.4852778616142 1.36366855587521 1.05431788864304 0.996043318106265 0.0068092074408877 -0.00241383290012647 -0.0885749206074626
1636513426.25831 33.612146292528 2.09561747883974 1.07551292430025 0.998949737072528 0.00526661959291991 -0.0014469472768237 -0.0454927671654434
1636513426.72699 33.6781733040001 2.96289625965233 1.09906007476561 0.999918201217145 0.00548201685560147 -0.00178842881691358 0.011416649606249
1636513427.06198 33.6598882438973 3.56836825385816 1.11305231274835 0.998201927942897 0.00549401845420631 -0.0010036956371964 0.0596801424879087
1636513427.46387 33.5533412591725 4.25045573441553 1.12949359082677 0.991683562873071 0.00386618513295278 -0.00136918794260807 0.128634711739355
1636513427.79875 33.391593594764 4.78937307923564 1.13577169166615 0.98192826977461 0.000828241802294268 -0.0019251360717188 0.189241858171131
1636513428.26774 33.0612002221724 5.47921510509394 1.14938962197013 0.960608197520079 -0.00251788123616605 -0.00482762629924619 0.277852920005566
1636513428.60258 32.755467001657 5.92606983889067 1.15897214621683 0.940414571899292 -0.00369533735147905 -0.00665690392620705 0.339944794152592
1636513429.07165 32.2433819227968 6.46990114438343 1.1653669585746 0.90611318313498 -0.00516433033739006 -0.00911668747838634 0.422905562804016
1636513429.40671 31.8137641384966 6.79565844105193 1.16227871029893 0.876803633819343 -0.00732986262476925 -0.0115465259339902 0.480654073709933
1636513429.74145 31.3386653865303 7.06891423799986 1.15526480050257 0.845323512896158 -0.00902721211469307 -0.0128631719415765 0.534023601345425
1636513430.07636 30.8161967097577 7.29610491251554 1.14655833273324 0.814695209699014 -0.0103413830125786 -0.0143181813468036 0.579620359178132
1636513430.41143 30.2590363696395 7.48592297706626 1.13841436387249 0.783319532622057 -0.0079659142403429 -0.0152560870305851 0.621380966743908
1636513430.74616 29.675028285583 7.59124963929991 1.11992121389176 0.749792405476433 -0.0107278055569773 -0.0187891724234041 0.661319310074521
1636513431.08162 29.0661860746913 7.65937882064608 1.0997189116329 0.716263764982109 -0.0100152089752547 -0.0189598406465689 0.697500135487796
1636513431.41594 28.445644357825 7.66151514152293 1.07516218442785 0.683317809716521 -0.0125322002406029 -0.0201788748794543 0.729734559884583
1636513432.01874 27.3206820277848 7.55142020409904 1.02432228742816 0.627189127116147 -0.0131272048827424 -0.0163916625747809 0.778583835381448
1636513432.35388 26.7086291535537 7.42752907660264 0.994765879001037 0.595060533181611 -0.0151150376576818 -0.013863759265152 0.803419127022292
1636513432.68898 26.1095524780476 7.23173346061424 0.967352939350353 0.562391925413278 -0.018821572887361 -0.0178943657310643 0.826462862020475
1636513433.0237 25.5204581678426 6.99842084320759 0.946050567019772 0.531269698465871 -0.0192777124370599 -0.0188532381563336 0.846773542752841
1636513433.42558 24.8367632584407 6.67505944936809 0.915399163461005 0.495809749910003 -0.0209101341604071 -0.0179214099828654 0.867994401622384
1636513433.76058 24.2913409983275 6.36243258851679 0.89245695945093 0.47127489430066 -0.022604271578978 -0.0187756692551288 0.881496735758169
1636513434.29645 23.4433609332702 5.80179125340194 0.844260729783912 0.439611404119534 -0.0246461516718144 -0.0175766043063311 0.897677806095751
1636513434.69851 22.8069913109829 5.33618611617434 0.815718301872286 0.420732252878619 -0.0243665050081974 -0.0173747257580407 0.906691107117634
1636513435.16767 22.0858058897526 4.75669190587671 0.793350957512539 0.400050104157276 -0.0217314875866904 -0.0181683748908857 0.916055438696178
1636513435.50208 21.5889033605609 4.32734842715961 0.77015715784886 0.387911869268376 -0.0209690553394775 -0.0183515374801808 0.921275149708814
1636513435.90416 21.0031376535563 3.7774862275066 0.746094765600131 0.374461424860467 -0.0199764293560714 -0.0197050898971958 0.926817831611905
1636513436.30609 20.4290675984926 3.22543450838864 0.719822697580716 0.36295322723511 -0.0178922255372523 -0.0197732412135264 0.93142570398119
1636513436.64108 19.9499984332424 2.7314777454835 0.691043570248554 0.354295691301794 -0.0174726632335936 -0.0201070561660674 0.934753965199851
1636513436.97583 19.4807212910788 2.23190444014764 0.665500418916946 0.34759939277244 -0.0167139241403267 -0.0213484631912116 0.937251060283975
1636513437.31092 19.0167968035025 1.73490442884154 0.636515371302387 0.342051002134471 -0.0168081108845896 -0.0201364286189268 0.939315241859606
1636513437.7129 18.4652441870164 1.12502208062407 0.59620540684061 0.336718770022155 -0.019227263713336 -0.0196474468055342 0.941203888686659
1636513438.0477 18.0170546327123 0.620927198208031 0.565361335477229 0.335208932500908 -0.020857877257522 -0.0198756165678415 0.941703180622196
1636513438.4495 17.4707349684158 0.0101318303695162 0.526464655670217 0.337817105074096 -0.021817325888377 -0.0190537324969912 0.940765944902541
1636513438.85144 16.911096399477 -0.591684117920269 0.497708497547453 0.344987751380391 -0.0199516762502954 -0.0194316358108283 0.938193899757412
1636513439.32071 16.2506535521838 -1.27747364940354 0.465492025419867 0.36026370716245 -0.0189152352921445 -0.0205474565535825 0.932432344572297
1636513439.65528 15.7638116510664 -1.74980007097338 0.439764916003547 0.374112438575455 -0.0192506787148575 -0.0200841309833361 0.926965976913278
1636513440.05722 15.1644114503129 -2.28955289161001 0.403536881494656 0.394500930596669 -0.0200697194069419 -0.0206444280647077 0.91844435308361
1636513440.39216 14.6422315574942 -2.71907764443091 0.376243402449935 0.414228916719301 -0.0197089278853451 -0.020519243619329 0.909727939197459
1636513440.72707 14.1025559166351 -3.12403603670936 0.353176476688267 0.435873995335581 -0.0194055367339302 -0.0216503931982832 0.899537962405493
1636513441.12893 13.436030304486 -3.56696791325206 0.318500076096602 0.464682921054434 -0.0196264092814892 -0.0212400031439251 0.885004773549544
1636513441.59771 12.6319761329018 -4.02385748392455 0.28083501278807 0.499697677646165 -0.0208486572562552 -0.0222195475646539 0.865663823982303
1636513441.99991 11.9181693787407 -4.35359981090976 0.248405926541443 0.53087750463949 -0.0213006744690608 -0.0212712915899199 0.84691374324013
1636513442.46874 11.0599757505899 -4.67549562332649 0.215090133479072 0.56668839488919 -0.0203219212754041 -0.0208375721265546 0.823417924386797
1636513442.87053 10.3069156793202 -4.88008931287291 0.187769313490021 0.596950959796788 -0.0182909195543355 -0.0190827186922311 0.801842156354269
1636513443.27258 9.5397247425896 -5.03706208396632 0.162327168573135 0.626707101975008 -0.0164250183274506 -0.0195438205903027 0.778836610710978
1636513443.60761 8.89056287400076 -5.10859575310176 0.14714402938242 0.651542962504699 -0.0140332584819567 -0.0187639243277878 0.758249794468024
1636513444.00925 8.10833844193591 -5.15357316515678 0.124863196633667 0.682788654801712 -0.0138688486915137 -0.0202561461684966 0.730203393892716
1636513444.34434 7.43504262194174 -5.14719955533889 0.107141321635978 0.70789262898385 -0.0129915081486724 -0.0262275277816036 0.70571337193851
1636513444.67936 6.76940283023216 -5.08270722035944 0.0835233693260774 0.730974848921127 -0.0120998614462071 -0.0238832096788861 0.681878989185877
1636513445.08103 5.9852792065289 -4.95564512492284 0.0582597297565469 0.756087548734217 -0.0138083599481889 -0.0227352183876883 0.653929703935743
1636513445.41626 5.35431500500711 -4.8020882921199 0.0369005849927849 0.776456063812265 -0.0146692929326072 -0.0196283870523228 0.629694782601656
1636513446.08603 4.1324148477872 -4.37500973567003 -0.00979333289380893 0.819101185754361 -0.0159797749348352 -0.0143667918041144 0.57324644750935
1636513446.42075 3.55261299209087 -4.11179311721464 -0.0184844913896096 0.840852543555946 -0.018267965994504 -0.0152816086390026 0.540740005780342
1636513446.82293 2.91949033037954 -3.72231841920303 -0.0214685282199912 0.868499922268551 -0.0127261634049782 -0.0138859851980962 0.495331312557151
1636513447.15774 2.41662262850129 -3.36298617414675 -0.0256641328373201 0.89042487406295 -0.015814606120336 -0.0166487980088728 0.454550612592369
1636513447.49256 1.98908377568086 -2.96312070571341 -0.0274709524776163 0.913218542631646 -0.0143906972572936 -0.0134505891217578 0.406993713561352
1636513448.02869 1.40653944546575 -2.25946408560745 -0.0301002553382077 0.946447563849139 -0.0149262853812366 -0.0109944851346386 0.322324892283195
1636513448.36362 1.11474010475687 -1.77864972394016 -0.0300727511837909 0.96319511462164 -0.0149249605537355 -0.00820549681551393 0.268263092026251
1636513448.83239 0.794246682094817 -1.02391602844567 -0.0220465314108318 0.979306841811987 -0.0103620036006376 -0.00624753078528503 0.202019075388192
1636513449.23436 0.591165211862025 -0.343739069798095 -0.00994949525733408 0.988504141928414 -0.00748991312784956 -0.0053340757485989 0.150913916613467
1636513449.56938 0.467672218729453 0.249742102092 0.00305260024288891 0.993832135652873 -0.00659333467911446 -0.00468085644972791 0.110599745317775
1636513449.90405 0.394681008690976 0.858622204765238 0.0172625815903388 0.997079022258408 -0.00395855379580306 -0.00392916126011886 0.0761729277096173
1636513450.23916 0.35757550975923 1.47284931482704 0.0353686791704661 0.998896512707473 -0.00190358098400939 -0.00231078863301884 0.0468699641154057
1636513450.64094 0.350558922691068 2.23798807356098 0.0501326092524314 0.99973246180358 0.000487735124888786 -0.00213783379586694 0.023025998290257
1636513451.10976 0.367221315157895 3.14819779790143 0.0781129606083152 0.999882818125485 0.00249067741233976 -0.00372942898350543 0.0146368679342089
1636513451.57895 0.388681873016734 4.06069130158618 0.0951699567502842 0.999972020154269 0.0023871532479234 -0.00162868122551631 0.00689984097118973
1636513451.91373 0.407284867501356 4.71129613270354 0.103797664208215 0.999994989144925 0.000623887916437286 -0.00135516490700728 0.00279212768041763
1636513452.38253 0.458372823346832 5.63310707568509 0.125324094618968 0.999993159117861 0.00307343549432326 -0.00101578250827426 -0.00178994347345719
1636513452.7176 0.488924267943601 6.28957293734131 0.145007183899706 0.999993645992094 0.0020120342891021 -0.00209496405183234 -0.0020665960128056
1636513453.05249 0.528558218036471 6.93831003555701 0.165252666882291 0.999990243290278 0.00346516698818159 -0.00170669588314658 -0.00214315915345696
1636513453.38747 0.555252409667862 7.58442213966178 0.17800273494033 0.999997207960371 0.00190614410812446 0.000267333620384132 -0.00137084602985015
1636513453.72244 0.595372463808325 8.20744606551146 0.201548642590223 0.999990550649662 0.0039020210978865 -0.00154968856245642 -0.00112752299173583
1636513454.05735 0.620814757420126 8.76830707279095 0.214003392426653 0.999995759113449 0.00278452743560039 0.000489995232445614 -0.000698617741562606
1636513454.45933 0.653011274108392 9.36024245789764 0.237489814086731 0.999995675275525 0.00290626511525641 -0.000145026779197892 -0.000426638676610577
1636513454.79406 0.674929343265502 9.74028366278026 0.257539949313085 0.99999541961072 0.00254506426877912 -0.00161229914203134 -0.000289649659437344
1636513455.26293 0.699424052881921 10.0361297870347 0.274628275442928 0.999989711141359 0.00327824708889896 -0.00313492599614166 -5.42811523990511e-05
1636513455.66507 0.708842519557475 10.0598323591933 0.281968963023431 0.999992058018009 0.00303181402571873 -0.00258603425042552 -6.65693370977388e-05
1636513456.13398 0.717232538536188 10.0508605701971 0.290044798014598 0.999994867171116 0.0027670480807746 -0.00160667246019537 -0.000166372914517975
1636513456.53576 0.721208156594486 10.042037273546 0.297340429282355 0.999994433800203 0.00276304102309193 -0.00185800463787564 -0.000213989909378972
1636513456.87068 0.721039652890523 10.0419088291351 0.303376855697118 0.999993868696928 0.00282102171199527 -0.00206450475566004 -0.000205487628090614
1636513457.20551 0.720876336661131 10.0417843389526 0.30922744757056 0.999993803239435 0.0027931248484442 -0.00213282488021112 -0.00020735077029086
