1636513397.76224 0.000259992547873248 0.00871747597224367 0.00022554366387002 0.999999987779566 -8.16844887220624e-05 0.00012682222647492 -4.10443116752054e-05
1636513398.2625 0.00812722544150851 0.239880764825053 0.0127696142179393 0.999998677367135 -0.00136997206536252 -0.000857602126425531 0.000181546447640095
1636513398.76276 0.0246803467521345 0.642453933818468 0.024671701430414 0.999997880698194 -0.00160753128268968 -0.00106162515109711 -0.000726219205574205
1636513399.26301 0.0612496681678951 1.19734600082206 0.0408217580527635 0.999982764084575 0.00118647302546403 -0.000233594933518546 -0.00574536760712333
1636513399.76328 0.106601442894108 1.8892438175074 0.0582789668236579 0.999890811086072 0.000891825865288959 -0.00105345387668518 -0.0147126064038075
1636513400.26353 0.186408425467968 2.68199557347938 0.0809075773647348 0.999515589801996 0.00244186735255895 -0.0013072646772963 -0.0309986142539347
1636513400.76397 0.307136443538073 3.54021038456583 0.103704092612309 0.998531860578365 0.00233855915667696 -0.00122169107228739 -0.0541032533393585
1636513401.26422 0.483615835704219 4.44340195661021 0.122580189651187 0.996281711281422 0.00130887610253978 0.00077017604100271 -0.0861420073969438
1636513401.76448 0.746028856251835 5.34823259859075 0.147737175771913 0.992235898530933 0.00464344198325619 0.00133771608225108 -0.12427618689332
1636513402.26473 1.07238630461083 6.23951955023734 0.180695000957202 0.986341942191776 0.00472252359779667 0.000860956596633589 -0.164640607378502
1636513402.765 1.47403309748286 7.09040330908443 0.213204023858866 0.977026233336589 0.00615643566964087 0.00275559112761812 -0.213012310417734
1636513403.26525 1.95859819793932 7.86034300904979 0.248911843553683 0.962193496078613 0.00824906439343697 0.00383937756160535 -0.272214783251367
1636513403.7655 2.52948885898161 8.56048060077057 0.281408427715755 0.940940889065037 0.00837873682264826 0.00552627667495074 -0.338422074222214
1636513404.26576 3.1986066275961 9.15166124795879 0.317003833087556 0.913529076664941 0.0112236953674875 0.00494433133723179 -0.406588500006612
1636513404.76604 3.93487081416127 9.6248332120598 0.355508703902542 0.882089500787081 0.013604570539398 0.00712253774960907 -0.470831496097747
1636513405.26628 4.7270319874043 9.99333011307346 0.392884208838859 0.845455582010701 0.0159488136459524 0.00893892850723992 -0.533732695033174
1636513405.76654 5.55741539236602 10.2465924133314 0.432479628707482 0.804833614966516 0.0180598722458389 0.0104069110844713 -0.593134377216557
1636513406.2668 6.41517668808393 10.3901119140561 0.47020473157892 0.762070434611896 0.0185222338318284 0.0130415856991932 -0.647097748865475
1636513406.76705 7.27609858209993 10.41263961543 0.496046659917971 0.718096270487396 0.0218572657740395 0.0144876966455139 -0.695449576095121
1636513407.2673 8.13490687515525 10.3349051327258 0.522886972745886 0.670681590542592 0.0227663400492755 0.0167652296009999 -0.741206330885298
1636513407.76757 8.9697404449531 10.1266322715767 0.543481685230985 0.618459048408505 0.0243107595560727 0.0160850669000148 -0.785276169913665
1636513408.26782 9.77198657208662 9.79953525443366 0.564037135234392 0.563967957028706 0.0252248912950486 0.0150262286021754 -0.825274536598589
1636513408.76869 10.5348512725717 9.38243920747537 0.5811190425173 0.509928709898232 0.024644798442576 0.0154545149645671 -0.859724666796562
1636513409.26833 11.2424136979967 8.85777472590199 0.592041209577479 0.457238768772115 0.0245544446870784 0.014390779482921 -0.888888459281446
1636513409.76863 11.9072529678947 8.25173817588783 0.597402218598711 0.408756907492899 0.02408583712134 0.0151678076499822 -0.912199320673995
1636513410.26885 12.5158127186729 7.56558105260795 0.593298199811304 0.367624636224678 0.0251250345212446 0.0144070488785986 -0.929523155399364
1636513410.76911 13.0921315948371 6.81488033453235 0.58447135966283 0.335389635393339 0.0250784595250732 0.0149960877753833 -0.941626242566553
1636513411.26936 13.6413248226381 6.02697728888528 0.579780811778904 0.313623400773025 0.0230666985055412 0.0154713158345784 -0.949141152987249
1636513411.76963 14.1618102579704 5.1987771625796 0.560333600459827 0.299063233536562 0.0243668441842984 0.0148010020612798 -0.953807302126135
1636513412.26987 14.6698772932419 4.34640295177364 0.551852695909107 0.293054337014566 0.0235857670775198 0.012631358021774 -0.955721358944564
1636513412.77014 15.1897681468145 3.49337251995969 0.543466009606143 0.295208823217192 0.022694272540343 0.0135290352625252 -0.955067372436861
1636513413.27039 15.7115704026636 2.6407461697974 0.535316413589821 0.302694455922472 0.023572161309437 0.0123716598743603 -0.952715782170608
1636513413.77065 16.2526579421952 1.80343830213419 0.530780890697172 0.315633029820647 0.0237470105937601 0.0120481260936488 -0.948507623918611
1636513414.27091 16.8279787111055 1.00197267266703 0.527675188629531 0.331779529772121 0.02345483898881 0.0158064706594522 -0.942932855317647
1636513414.77117 17.412103139271 0.209988403783752 0.524274445554145 0.349336619304668 0.0244949635389014 0.0137656150940177 -0.936575907769945
1636513415.27142 18.0197900806296 -0.549311025678308 0.519899689858388 0.369577381185784 0.0266682337395377 0.0119358944488459 -0.928740490690902
1636513415.77168 18.6768453854774 -1.25483871018968 0.522795445151967 0.394363267311557 0.025440082769862 0.0136641179487058 -0.918500793393615
1636513416.27194 19.3691764040286 -1.93401372497511 0.52933511836612 0.424582931032721 0.0256121633906397 0.0133433420785822 -0.904928343563339
1636513416.7722 20.1060933529688 -2.56368976845809 0.543246865821675 0.45898065808799 0.0259742828179297 0.0110549094650697 -0.887997680802112
1636513417.27245 20.8913415705535 -3.12116669831824 0.554615038029805 0.493348937931466 0.0255159322101712 0.0108045996186733 -0.869390029430072
1636513417.77289 21.7136138824774 -3.61605610600037 0.569990081175697 0.528229582578263 0.0268191432980796 0.0107442728658664 -0.848609923488133
1636513418.27314 22.5716115089243 -4.03801067981224 0.592909417598576 0.563385700418684 0.0258763502615005 0.0110944252667791 -0.825714164096083
1636513418.77339 23.4630188164776 -4.38963592566995 0.622140873773386 0.597043386345253 0.025818480299344 0.00959204845683694 -0.801735987406595
1636513419.27364 24.3692909868933 -4.64873756305098 0.655227529720827 0.63884199899479 0.0249968021735073 0.00924949862696747 -0.768876132401435
1636513419.7739 25.2915535615429 -4.8080114204223 0.686635056399417 0.683939590244544 0.0248566369509789 0.00671976220710084 -0.729084103030297
1636513420.27415 26.2162462553397 -4.84522019521625 0.720153782272684 0.728376305847107 0.0236394383693938 0.00676662831015018 -0.684735968659025
1636513420.77444 27.1205266698786 -4.76191248098977 0.747006300757225 0.77102352682795 0.0228048840509539 0.00636552083945454 -0.636366355557595
1636513421.27468 28.0086838266304 -4.56954513335211 0.769830207459526 0.811671023791854 0.0223306069092526 0.00590978855964208 -0.583657919959053
1636513421.7755 28.8607993213188 -4.24719274780155 0.800792827135574 0.8474501549479 0.0188572918218504 0.00609802640488339 -0.530504902425879
1636513422.27519 29.6857612158574 -3.82754556531013 0.832093299441401 0.876154713582344 0.0172711970809356 0.00373818079518356 -0.481705978396754
1636513422.77553 30.4373072953622 -3.32445493047562 0.862883851687338 0.901752706381194 0.0149043562189164 0.00628911934822305 -0.431949492044747
1636513423.2757 31.1404310539468 -2.74663649167362 0.891092259913501 0.924709710968 0.0150585643322334 0.00616567118024784 -0.380325090653544
1636513423.77596 31.7806557825085 -2.08453569812941 0.917790883461826 0.945241698476101 0.0143425802614428 0.00572819317331167 -0.326005536235858
1636513424.27622 32.342440251306 -1.33217230368819 0.95949154477398 0.962733094970339 0.0111137080066685 0.00259581666532432 -0.270212388833331
1636513424.77825 32.8094739697043 -0.536420555767239 0.994239373989948 0.976994633214435 0.00926517871181067 -0.000106386702161984 -0.213062506827222
1636513425.27674 33.176013882093 0.315823987843902 1.01817078019193 0.987826185964577 0.00712961439549319 -0.000339689010275112 -0.155397810578606
1636513425.77701 33.4540731820172 1.2179985166943 1.04967090142341 0.995249465895171 0.00747751801235715 -0.0023414240878556 -0.0970417698364598
1636513426.27726 33.6164440108497 2.12742768152987 1.07614531572548 0.999024732712613 0.00539352030154336 -0.00141541312241155 -0.043800570463665
1636513426.77751 33.6792701180553 3.05698573016869 1.10091516416366 0.999818132309067 0.00537880526188232 -0.00176493662261422 0.0182114183599983
1636513427.27777 33.622085670431 3.93173402141478 1.12363583566323 0.995443789826153 0.00638080488773606 -0.000834645843765081 0.0951328018710988
1636513427.77803 33.401404365485 4.75827715224081 1.13482582556211 0.98254953911817 0.00101282493528027 -0.00178406568262554 0.18598976980996
1636513428.27828 33.0546217928474 5.48925424337568 1.14951380174012 0.96016161189797 -0.00255424316103903 -0.00487884848592266 0.279391037287916
1636513428.77855 32.5758135179775 6.14956713858114 1.16274802562946 0.928453433241448 -0.00325657534709928 -0.00732745430120151 0.371362256338256
1636513429.27915 31.9859764844341 6.68075093312541 1.16290115575367 0.888465881637365 -0.00683704662524292 -0.0103242903629231 0.458775588919338
1636513429.77906 31.2805186814145 7.09555430589023 1.15399826547272 0.841662773195236 -0.00936420888543204 -0.0130418933341149 0.539764760638851
1636513430.27931 30.4832967109076 7.41949631066696 1.14243490625329 0.795892549322233 -0.00828786077672393 -0.0141956903863362 0.605214708736956
1636513430.77956 29.6130656387068 7.59982473402303 1.11787412109945 0.746381718409219 -0.0108963676963356 -0.0190359983942643 0.665156545754954
1636513431.27984 28.7001921224755 7.66216594305626 1.08554660741339 0.696678832936439 -0.0119523758146104 -0.0199600294519887 0.717005817044034
1636513431.78008 27.762782334238 7.61432889527872 1.04674310416826 0.649452012798488 -0.0122187030982279 -0.0182857373583882 0.760084480946592
1636513432.28034 26.8431668714943 7.463423553955 1.00268049303742 0.602376969706281 -0.0144569996850231 -0.0137728077323892 0.797961961057513
1636513432.88065 25.7667019658947 7.09468779325735 0.95601871143619 0.544760611170998 -0.019222202852045 -0.0194024272833907 0.838146722984483
1636513433.3809 24.9115526702948 6.71108134812807 0.918492137184041 0.499462930933351 -0.0208385896467189 -0.0181507978997216 0.865894382901636
1636513433.88116 24.0999079717951 6.23932944868819 0.880238853641591 0.46300042414968 -0.0240885321541517 -0.0194498866218734 0.885817166104987
1636513434.48148 23.1446635180864 5.58616353126751 0.829353645532679 0.430089667684659 -0.0249289827205494 -0.0174912650783767 0.902272397459534
1636513434.98173 22.3701715718272 4.99557552573695 0.799759473205568 0.408345201206225 -0.0233751957091214 -0.0175346436159498 0.912359760812953
1636513435.58311 21.4718796790471 4.22034443269986 0.766565882469866 0.385182599073518 -0.0203165452881457 -0.0183471824669767 0.922434270966798
1636513436.18235 20.5990719807155 3.39224785224166 0.727994693166652 0.366451017627988 -0.018240991385289 -0.0188593101907581 0.930067333224763
1636513436.6826 19.8886423509872 2.66903858567723 0.687497145655771 0.353259143356466 -0.0174074155697861 -0.0199226617189232 0.935151349818986
1636513437.28291 19.0529753548727 1.77448069410984 0.638891142629327 0.342388974679949 -0.0168746170009799 -0.020596952711489 0.939180921259415
1636513437.88324 18.2376209232351 0.868563749771901 0.579660122412421 0.33561829050712 -0.0204342798693569 -0.0197817819360712 0.941568629674297
1636513438.38484 17.5576359649372 0.107506586455373 0.531677301951607 0.337132079492194 -0.0219171131524559 -0.0189313983563949 0.94101179763306
1636513438.98379 16.7289274582839 -0.784335810746333 0.488971957788669 0.348904703855057 -0.0198359270348652 -0.0197899711823547 0.936739238351359
1636513439.48404 16.0120873780142 -1.50799485282352 0.453766151002983 0.366618234468636 -0.0190355007564592 -0.0198006098594596 0.929965943309348
1636513439.98429 15.2768349832232 -2.19327735682885 0.409801087264063 0.390583149505623 -0.0203646486338382 -0.021226512834807 0.920097559806112
1636513440.48456 14.4951125052183 -2.83316120249539 0.368326443453203 0.419842113155968 -0.0197187467822669 -0.0209798424003349 0.907140351466589
1636513441.08486 13.509781473133 -3.51943522033248 0.321701923620333 0.461645666019614 -0.0197264854885171 -0.021104338041863 0.886593904632438
1636513441.58511 12.655183939678 -4.01360402730108 0.281918552488455 0.498713115966611 -0.0208557784753525 -0.0222510321367689 0.866230428948273
1636513442.08538 11.7623788885614 -4.42241003147332 0.242137920834254 0.53768221090968 -0.0207395700192108 -0.0210661006270735 0.842629176869082
1636513442.58563 10.8417960146425 -4.74309059628486 0.207916982658298 0.575367631948 -0.0200026282697063 -0.0209201447924508 0.817382609620928
1636513443.08603 9.8975809124348 -4.96830926050973 0.1736425247276 0.613104676020168 -0.017073740550816 -0.0182667725451541 0.789605894511048
1636513443.58616 8.93678964386712 -5.10679998759244 0.148585012344202 0.649735797530366 -0.0141821152969147 -0.0188566540516272 0.759793845468138
1636513444.08641 7.95557200078095 -5.15344829812062 0.121628812329805 0.688843360041813 -0.0133795000742824 -0.0203677308887767 0.72450049678555
1636513444.58667 6.95153721619837 -5.11200557399195 0.0887232649408063 0.724856563439287 -0.0128399666970397 -0.0259182820482775 0.688292336402107
1636513445.08731 5.97290662493725 -4.95244315723839 0.0578601182588273 0.756479673585267 -0.0138318377962053 -0.022687876837152 0.653477194674864
1636513445.58718 5.03209968295165 -4.70930536444653 0.0251336447734384 0.786849359770479 -0.0161575726389531 -0.0190214476181624 0.616640253637171
1636513446.08796 4.12915667764984 -4.37421359719548 -0.00976110384635028 0.819232746462645 -0.0159610604914402 -0.0143538825818833 0.573059261966933
1636513446.5877 3.28363523406362 -3.95897843071423 -0.0189132883601239 0.851938341177715 -0.0159361881175742 -0.01479663467021 0.523190367210713
1636513447.08795 2.51501490057799 -3.44150894150176 -0.027769883412352 0.885821555910047 -0.0159924574441322 -0.0160748107631477 0.46347169584445
1636513447.88837 1.54556081046282 -2.45143769838665 -0.0298966000939398 0.938441128646391 -0.0140688290731179 -0.011784389532434 0.344951365088974
1636513448.78883 0.824130195413046 -1.09484118680287 -0.0220936348307664 0.978050590255856 -0.00962320942185074 -0.00638772543481799 0.208047191051369
1636513449.68929 0.441277525702292 0.463934274693504 0.00906083003141226 0.995202119304365 -0.00472748502164338 -0.00416084144731522 0.0976374928801454
1636513450.6898 0.351657858794697 2.32883560492504 0.0527715311473105 0.999766441468447 0.000678837090048582 -0.00221926420527007 0.0214866600501489
1636513451.29011 0.368037238764249 3.49156594754897 0.0827659032316707 0.99992777317831 0.00131862879108525 -0.00272449260242798 0.0116312847457221
1636513451.89042 0.405520726360786 4.66795593513304 0.102882903513794 0.999994208735318 0.000631522805386313 -0.0012961886250935 0.00308278604827872
1636513452.39068 0.458788102721508 5.64786661596459 0.12563906611679 0.999993257183289 0.00302355257162906 -0.00100384764896829 -0.00182647411730097
1636513452.991 0.524925477124787 6.82147361936028 0.162455169203402 0.999986485712982 0.00421003957977262 -0.00213467654724169 -0.00217878731767682
1636513453.49125 0.5712058724457 7.78542868267558 0.184853600611431 0.999994780623052 0.00303985629892799 8.806239007623e-05 -0.00109098366216724
1636513454.09156 0.624673124576044 8.82928370333923 0.215873592297705 0.999995086878797 0.00300233145111351 0.000684561063778592 -0.00058617427060068
1636513454.59181 0.660222203392957 9.53236747941167 0.246713040484907 0.999997326619541 0.00221058559543978 -0.000648892652963999 -0.000197492838339456
1636513455.09206 0.692407116051925 9.96365909387056 0.269893309331492 0.999990158405686 0.00336274898233882 -0.0028765743726634 -0.000316750583882327
1636513455.59233 0.707690032583866 10.0684318249409 0.281392253012225 0.999989723948331 0.00310104966207637 -0.00330532797189356 -0.00010146788941652
1636513456.19264 0.718305833160187 10.0507991254818 0.29135313899599 0.999994769954553 0.00277039897798008 -0.00165569318183253 -0.000208885451455344
1636513456.69291 0.721130845009002 10.0419783416601 0.30011001645348 0.999994275339178 0.00275069897971387 -0.00196215295169109 -0.000181382990246853
1636513457.29361 0.720834738761049 10.0417526303453 0.310717638331636 0.999993823527326 0.00278120606930485 -0.00213735033164177 -0.000222561360584349
