1636513397.76224 8.67361737988404e-19 -5.55111512312578e-17 1.38777878078145e-17 1 0 0 0
1636513398.2625 -0.0118836750187022 0.205871944286908 0.0113010895372611 0.999999175923615 -0.000778514144597538 -0.000959668468581843 0.000348000355002235
1636513398.76276 0.00425116413015045 0.5782506754245 0.011570499576879 0.99999836901804 -0.00102011352579928 -0.00141964508354892 -0.000453803362242117
1636513399.26301 0.0570233240015497 1.10842564115648 0.018362005515336 0.999988934738273 -0.000181382946684814 0.0010176114927518 -0.00458933198732941
1636513399.76328 0.0961286817567132 1.77336443671713 0.0324073105420664 0.999921209914212 -0.000564013089209961 0.000618213902940915 -0.0125249217364526
1636513400.26353 0.175816823566933 2.55698231283104 0.0409516847047755 0.999606480024524 -0.000851251952652244 0.00145997213980459 -0.0280005168603128
1636513400.76397 0.270866946436379 3.41600280070148 0.0563278272886242 0.998759437022058 -0.000792446516717522 0.000979167390094104 -0.0497795160595409
1636513401.26422 0.440223043619463 4.31331728017133 0.0595259362829785 0.99674572487189 0.000922395716788525 0.00099349881327742 -0.0805985241543544
1636513401.76448 0.688436228394959 5.23371849748766 0.0742239907784664 0.992943239481935 0.00230207023625842 0.00243479113671915 -0.118543221787954
1636513402.26473 0.992712792279038 6.14352091362966 0.0989134029714484 0.98736978564759 0.00213354167190004 0.00219688750050618 -0.15840305576433
1636513402.765 1.3695692202191 7.00782425450617 0.116124546881254 0.978630620041661 0.00411807186752019 0.00235969832841092 -0.205571357014462
1636513403.26525 1.84000254306123 7.79714257027006 0.13925802581888 0.964564957139375 0.00574381039944994 0.00463685417006332 -0.263742206869163
1636513403.7655 2.38576293044562 8.51544529761395 0.159350398473392 0.944336102859624 0.00646800321453175 0.00346483100921552 -0.328900417628789
1636513404.26576 3.0438501848605 9.11951377542246 0.189540617960721 0.917776105573437 0.00814645905449665 0.00654755377225224 -0.396960684177827
1636513404.76604 3.76030365645435 9.63158169038899 0.210968539848298 0.886970135735567 0.0108954074861239 0.00716332691316395 -0.461642670424297
1636513405.26628 4.53386728706257 10.0226848684008 0.227959015079832 0.851440297142597 0.0135246819668452 0.00802655400509617 -0.524215678714616
1636513405.76654 5.36069906174779 10.3087706165267 0.250224531087218 0.811533443592624 0.0158275809858346 0.00779651436742698 -0.584039529462307
1636513406.2668 6.21350790516149 10.4822108610669 0.276079570583596 0.769370616155895 0.0169596002578625 0.00714719896299781 -0.638537504381673
1636513406.76705 7.08454063645843 10.5225368525002 0.295573066080492 0.725785675374796 0.019968051361263 0.00723335153657376 -0.687592982054888
1636513407.2673 7.94321274173405 10.4774362710447 0.324754162501869 0.679610408203994 0.0210142026371086 0.00622593780870444 -0.733245752832384
1636513407.76757 8.79046390641844 10.3058482292993 0.345457525197461 0.628250497943784 0.0220812141655927 0.00701954139854853 -0.777666032338378
1636513408.26782 9.61493751205142 10.0142429653171 0.37192900508251 0.574065247782974 0.0235335646746829 0.00867028514365741 -0.818425371537994
1636513408.76869 10.3890726264656 9.60341960098529 0.396972649863078 0.520069635311745 0.0240557888251937 0.0101083997358606 -0.853725198003132
1636513409.26833 11.1358433853757 9.09823756968805 0.407967677047738 0.466744366692836 0.0246549976110693 0.0113855424459335 -0.883975224017344
1636513409.76863 11.8308704271153 8.48996827198899 0.427771348332066 0.417339075236831 0.0249700263318264 0.0120978241272142 -0.908327163921041
1636513410.26885 12.4594878530792 7.80902937766961 0.433748518093836 0.37504886951778 0.0270863814944192 0.012460357939539 -0.926525451831191
1636513410.76911 13.067934670103 7.06465501546482 0.434051506424744 0.341205877802074 0.0266486835654473 0.0125337908874851 -0.939527168688343
1636513411.26936 13.6453614638907 6.26075240347377 0.447644039933346 0.317920075967952 0.0258702196389345 0.0135805358660855 -0.947667202174875
1636513411.76963 14.1734163768344 5.4376369761589 0.447380564663815 0.302240748668929 0.0276851907915143 0.013284219111859 -0.952736894203993
1636513412.26987 14.6989874941075 4.57214442374721 0.453522660618831 0.294981689170997 0.0287417583197579 0.0146489741273569 -0.954958178110188
1636513412.77014 15.237776844251 3.70804041619757 0.46011258540024 0.296024391262829 0.0273161577594179 0.0148461082397734 -0.954674279727315
1636513413.27039 15.7526660259294 2.85299842754353 0.464079661317693 0.3030081703898 0.0287175031466376 0.0147823880017274 -0.952440462546093
1636513413.77065 16.2968815080819 2.00780392508034 0.462170527047892 0.315122739702858 0.0286180851403799 0.0148592513378608 -0.948502960867672
1636513414.27091 16.8723882531551 1.20192297364656 0.469195616750977 0.330884982921719 0.0253430558978675 0.0127796318513652 -0.943244156411475
1636513414.77117 17.4534328958089 0.39576097354758 0.479005725652517 0.347774034361854 0.0272451390888456 0.0130086554270714 -0.937092150379934
1636513415.27142 18.0695079776351 -0.366924667259162 0.476683393813354 0.368055715714808 0.0287975822071592 0.0120465953904999 -0.929279596745877
1636513415.77168 18.7213033583267 -1.08479013369415 0.505871067172082 0.392026073315911 0.0274561228636569 0.0117927086403519 -0.919468678738285
1636513416.27194 19.4100968806747 -1.78188629945793 0.512326383607303 0.42145425740964 0.0263733669101715 0.0113583860639525 -0.906394914755777
1636513416.7722 20.1366952125962 -2.42523196748581 0.533773258726802 0.455901164905542 0.0274766112913022 0.0124402767315757 -0.889519197760542
1636513417.27245 20.9102108037467 -2.97742475964259 0.555055553371913 0.490217464726464 0.0263019958225449 0.0121067965958175 -0.871119089315058
1636513417.77289 21.7276879642282 -3.47462121168235 0.568228100736501 0.524825021383716 0.0265584547796863 0.0109824251353221 -0.850724827278154
1636513418.27314 22.5910939187079 -3.90785034245459 0.589580747222833 0.559973413966635 0.0252453217997431 0.0113035622301509 -0.828048717684345
1636513418.77339 23.4755885503657 -4.27240417304606 0.619099008740021 0.59355391129757 0.0252130677562707 0.0119526236801197 -0.804310381870603
1636513419.27364 24.3925550789281 -4.56411695828155 0.648862439915779 0.633910259134694 0.0237689682479913 0.0115409432114242 -0.772955125568103
1636513419.7739 25.3290803746514 -4.73304372096279 0.678549726557501 0.679436457636225 0.0227195814883252 0.0130292175461441 -0.733266772833645
1636513420.27415 26.2546802777017 -4.77331205471554 0.703569615337264 0.723675136150365 0.0204973026450677 0.0121405217462443 -0.689729487287412
1636513420.77444 27.1696419196762 -4.69789110924243 0.731220896784073 0.767030631164167 0.0188283454773127 0.0120392081839641 -0.641221148847096
1636513421.27468 28.0641712992641 -4.51550202650155 0.755065389341444 0.807908892525775 0.0186509612591339 0.0122690134701574 -0.588884398104038
1636513421.7755 28.9141432133024 -4.19414480867711 0.779407014662727 0.844652623687271 0.014722461548397 0.0101829183645696 -0.535015422766247
1636513422.27519 29.7385080202297 -3.77688187058934 0.808986987921243 0.874076324084144 0.0109120188252529 0.0099811482986307 -0.485563470824721
1636513422.77553 30.50373906339 -3.27621840828149 0.828781344676373 0.89979649475118 0.0103090670680207 0.00737808670556083 -0.436125618378745
1636513423.2757 31.2137314130843 -2.69673117163171 0.854739574475474 0.92302937893578 0.0100487725133718 0.00652102564690265 -0.384542928704865
1636513423.77596 31.8635859948832 -2.03639471036038 0.870403286103157 0.943672437719734 0.00931415479560467 0.00653075471885787 -0.330685539525604
1636513424.27622 32.4146438242808 -1.29274637461337 0.900113655556011 0.9615602392077 0.00554680870143396 0.00627353790683406 -0.274466358612839
1636513424.77825 32.9009766429108 -0.491679935788105 0.927929717973728 0.975955414945897 0.00199979308658233 0.00573511097594053 -0.217885606150307
1636513425.27674 33.2738035416051 0.355072953093535 0.929563156257574 0.987154794511362 0.000561856711882157 0.00497193414400765 -0.159688371089238
1636513425.77701 33.5607120227912 1.25030560262034 0.945477204491587 0.994879304173081 -0.00119519488544886 0.00638477988766544 -0.100861173020434
1636513426.27726 33.7157181323697 2.18054431275586 0.956624370068604 0.998898146528302 -0.00215278376795479 0.00358576619329331 -0.0467439906852008
1636513426.77751 33.8136600680947 3.10944853077136 0.965522815280183 0.999893380822961 -0.00282940131569677 0.00498393018431053 0.0134306334378218
1636513427.27777 33.7909338118583 4.02097675379985 0.966003632705789 0.996046976114287 -0.00336043327689245 0.00768596331257604 0.0884310738922402
1636513427.77803 33.5774507307679 4.84834651069679 0.974326795005929 0.984006765438758 -0.00534660962718027 0.00502637342786123 0.177979872194617
1636513428.27828 33.2328419638127 5.61824667081376 0.982788388608471 0.962275999378577 -0.00909633849708992 0.0023383222389081 0.271913018987718
1636513428.77855 32.7578950070792 6.2812755650591 0.98514851781832 0.931112319751789 -0.013755020471333 0.00161274079472126 0.364469541231369
1636513429.27915 32.1739552996944 6.82694666180459 0.977363749138354 0.891779774446554 -0.0166737690452073 -0.000776698178082761 0.452161714493631
1636513429.77906 31.4727113849378 7.25755707585995 0.96036355638147 0.844477272001859 -0.0197649160418221 -0.00369031145896078 0.535213851434633
1636513430.27931 30.6735039103811 7.56656269891988 0.946071516834503 0.797857759766045 -0.0232034047555577 -0.00454237827993846 0.602381908749274
1636513430.77956 29.8045334153983 7.74790502167089 0.919133389300374 0.748126200539231 -0.0253288472048518 -0.00860944085905713 0.663016979491552
1636513431.27984 28.8944782897495 7.80612737173296 0.883340112687463 0.697608390578926 -0.0266177346667632 -0.0106791758062512 0.715905011016957
1636513431.78008 27.9517819432015 7.75314785951296 0.855214161918596 0.649480329446271 -0.0277437841478029 -0.0100206326366186 0.759806008810857
1636513432.28034 27.0293373754391 7.59395743896562 0.812511827305535 0.602357760092092 -0.0286778281495117 -0.00628826850967616 0.797686134208572
1636513432.88065 25.9597172983896 7.20662801083419 0.773890281980291 0.543717510963037 -0.0246462069626602 -0.00999399344008201 0.83884679939166
1636513433.3809 25.1034113320544 6.80932798259395 0.742229002086431 0.497347020356907 -0.025102458901961 -0.00899082923645427 0.867141841274438
1636513433.88116 24.2947441639987 6.32045987202387 0.714819864036939 0.459808765745226 -0.0232828928117388 -0.0086342030550865 0.887670691407446
1636513434.48148 23.3558689374732 5.66061641765647 0.690340804654541 0.425278963132277 -0.0240084076555621 -0.00655356824884363 0.904720095179823
1636513434.98173 22.586705360867 5.06082241040148 0.671676414420772 0.402918375480357 -0.0255840687431758 -0.00729025039375875 0.914849217289937
1636513435.58311 21.6926971670179 4.28525289848759 0.656595150077782 0.379304288042457 -0.0275156146844909 -0.00982655893417241 0.924810568041181
1636513436.18235 20.8207673285357 3.45598938379477 0.629203656415427 0.360371021810309 -0.0290444400086237 -0.0120328640125627 0.932279119860374
1636513436.6826 20.1290859273727 2.73207238446131 0.602787231419443 0.347189308190271 -0.0289690173529847 -0.0139056576865231 0.937244372080339
1636513437.28291 19.3100109859677 1.82750756996302 0.567545191558802 0.335858194220315 -0.0285437898756244 -0.0154275026602002 0.94135355610752
1636513437.88324 18.4902701503665 0.922690296600325 0.51869805280916 0.328642410698229 -0.0278540205065934 -0.0121271750245872 0.943965704386551
1636513438.38484 17.8273487600293 0.170702889820914 0.486690929859776 0.329329136635332 -0.0272420641623034 -0.0104215656339737 0.943764579051863
1636513438.98379 16.999573796093 -0.743879673885098 0.461248977778835 0.3400303247702 -0.0278538781653135 -0.0116503079572851 0.939929683557406
1636513439.48404 16.2977437557746 -1.47187482374252 0.442636434602751 0.357230084691185 -0.0276528579341012 -0.0124666260590138 0.933523737927596
1636513439.98429 15.5700504094063 -2.17652964399971 0.408665775436225 0.38071435301002 -0.0257797659888296 -0.0121093974099334 0.924253941063868
1636513440.48456 14.7957498752863 -2.82171294231725 0.371097797314693 0.409568593429057 -0.0261973911420708 -0.0117393749709945 0.911827533609939
1636513441.08486 13.8239853604277 -3.51739519116332 0.343367488530375 0.451088481728901 -0.0251509651606503 -0.0115155722181475 0.892050448236809
1636513441.58511 12.9734894364935 -4.02656730401938 0.315032061389838 0.488043984942161 -0.0232116623720074 -0.0115136881295288 0.872434365713181
1636513442.08538 12.1029899902496 -4.44160511719911 0.289334352679814 0.526750427784785 -0.0221162713380507 -0.0104368863566696 0.849668128608944
1636513442.58563 11.1824755914464 -4.77726016645673 0.268152001484089 0.564858225141802 -0.0221499097400891 -0.0102610640103171 0.824826816703686
1636513443.08603 10.2390371439725 -5.01054481937572 0.244544415896861 0.602520914952781 -0.024247392930292 -0.00824655479288145 0.797692049173486
1636513443.58616 9.2694866946379 -5.18015150746723 0.229768121715891 0.639254415103514 -0.0254294317248912 -0.00936349879710884 0.76851770419626
1636513444.08641 8.28850687957448 -5.25806627734628 0.19465199166748 0.678329696572233 -0.0247527671185652 -0.0101755126764423 0.73427010167238
1636513444.58667 7.29021366348173 -5.22697779076435 0.161494698060033 0.715457299654432 -0.0247945875473553 -0.0166543360517805 0.698017703135256
1636513445.08731 6.30795042745496 -5.07514554505835 0.124339563430609 0.74771750803921 -0.0231182261956974 -0.0126624465537363 0.663493585678469
1636513445.58718 5.35044997357177 -4.84929821585205 0.0920535512057647 0.778291117042955 -0.0192370310174282 -0.00981647511546935 0.627532079328197
1636513446.08796 4.4223145456787 -4.52744981809893 0.0583767345722397 0.810372323745048 -0.0151140158498841 -0.00670390467011254 0.585681928264067
1636513446.5877 3.53382818876505 -4.10839199285275 0.0534868394415711 0.843640554804684 -0.0134206239092313 -0.00803504975257159 0.536680481402302
1636513447.08795 2.7518881148893 -3.59055961812359 0.0271312485456875 0.877986472103327 -0.0134237135594045 -0.00897657241480733 0.478412980452569
1636513447.88837 1.7158546399508 -2.61005568486728 0.0301430646927624 0.931603263118953 -0.0104798872866657 -0.00825412934021853 0.363231883866783
1636513448.78883 0.969756799436829 -1.27920614460422 0.00851379308763539 0.974315342489046 -0.0071985577060391 -0.00451961051767747 0.225027481162132
1636513449.68929 0.551607487798288 0.248051799570973 0.0365530272532543 0.993660325320747 -0.00499748821834805 -0.00366997933834846 0.112252903065489
1636513450.6898 0.442021475580235 2.09774564488592 0.0363419505693795 0.999556568498437 -0.00286577247169873 0.00119303486617404 0.0296146988432809
1636513451.29011 0.449686170186894 3.28147845595685 0.0435818848632595 0.999830689067523 -0.0038804080551958 0.00227225982697313 0.0178429949101933
1636513451.89042 0.467010768379982 4.45829371285307 0.0527480172994482 0.999958199475992 -0.00179998693085125 0.0012017729485785 0.0088834165477204
1636513452.39068 0.512946888183972 5.44192240098231 0.0607716439459561 0.999986690991616 -0.00156905640432839 0.00333087082154263 0.00361402839054704
1636513452.991 0.57170536868546 6.61095328958399 0.0825910799460132 0.999980962036972 -0.00273848398572918 0.00468062987388395 0.00294414215963473
1636513453.49125 0.605259799711756 7.57291946646842 0.0947067527932042 0.999990571366695 -0.000121609761963906 0.00237742287661029 0.00363183827312781
1636513454.09156 0.653250843148506 8.65841812227189 0.103800945244871 0.999987621185893 -0.000210328884815246 0.00274151065467353 0.00414696950428989
1636513454.59181 0.694154932291576 9.40119116773593 0.11747528527754 0.999983738003108 -0.000662469539830036 0.00279777269763848 0.00492517323270754
1636513455.09206 0.715955940812707 9.89379453111655 0.136175854094949 0.99997663539105 -0.00279305427647657 0.00359150123030364 0.00510182699795557
1636513455.59233 0.720155801967724 10.0584763485359 0.135422631196185 0.999973470465087 -0.00362504118254783 0.00335583630590457 0.00535311172325691
1636513456.19264 0.720612425392051 10.0466301406868 0.132279411006577 0.999979449192783 -0.00187309765500137 0.00289922166593425 0.00540251894994206
1636513456.69291 0.716307738441796 10.0455455631443 0.135050402431883 0.999978834987088 -0.00206363950685124 0.00288986267184857 0.005451574413787
1636513457.29361 0.717150336126146 10.0481446947338 0.133600986994651 0.999978100828558 -0.00222314109403207 0.00298051933770733 0.00547466998667958
