1636513397.76224 0 0 0 1 0 0 0
1636513398.2625 -0.0117498151829551 0.20575640427136 0.0112820772761283 0.999999175923615 -0.00077828548699421 -0.000959681691155612 0.000348475024076647
1636513398.76276 0.0044039103533226 0.578099114593872 0.0114814660278709 0.99999836901804 -0.00102014553461729 -0.001419830333032 -0.00045315138083001
1636513399.26301 0.0566914379405777 1.10840148998322 0.0181374295696677 0.999988934738273 -0.000183238570927219 0.00101674633995515 -0.00458945002367015
1636513399.76328 0.0956645533237074 1.77327991486072 0.032052010183448 0.999921209914212 -0.00056886232864975 0.000615845962634649 -0.0125248190845298
1636513400.26353 0.174893994700424 2.55685597923509 0.0404258030050811 0.999606480024524 -0.000862100625810506 0.00145471917540792 -0.0280004583464671
1636513400.76397 0.269575058406474 3.41589376668565 0.0556069113093565 0.998759437022058 -0.000811572447546267 0.000969900412520378 -0.0497793893366918
1636513401.26422 0.438349259441707 4.31350719690244 0.0585470918375796 0.99674572487189 0.000891487498823052 0.00097871405022061 -0.0805990528384654
1636513401.76448 0.68566633713149 5.23424012875462 0.0729605990145073 0.992943239481935 0.00225651381656543 0.0024131399718474 -0.118544540439415
1636513402.26473 0.989256640861065 6.14418199044998 0.0973699292628172 0.98736978564759 0.00207277232900755 0.00216786240897877 -0.15840426249846
1636513402.765 1.36532744408256 7.00905010318376 0.114249342750215 0.978630620041661 0.00403925582728801 0.00232216460325216 -0.205573348177218
1636513403.26525 1.83455049777974 7.79912544883943 0.137045467073417 0.964564957139375 0.00564253134405708 0.00458874525450431 -0.263745234489149
1636513403.7655 2.37953821973862 8.5181081913983 0.156786910472265 0.944336102859624 0.00634193375775309 0.00340476756148389 -0.328903499935713
1636513404.26576 3.03637379247462 9.1234032701357 0.186618333762328 0.917776105573437 0.00799406607230667 0.00647509501584526 -0.396964970860935
1636513404.76604 3.75217663389473 9.63682626799074 0.207659473954834 0.886970135735567 0.0107182279399686 0.00707920298427189 -0.461648115763688
1636513405.26628 4.52524559209173 10.0293817031777 0.224274148592992 0.851440297142597 0.01332349739029 0.00793114225484363 -0.524222282816698
1636513405.76654 5.35190291686965 10.3168538145306 0.246161585082252 0.811533443592624 0.0156035511608757 0.00769028976756185 -0.584046966061085
1636513406.2668 6.20468208762932 10.491484505356 0.271658215318414 0.769370616155895 0.0167148028746145 0.0070310280269433 -0.63854524898839
1636513406.76705 7.07596505659743 10.5332380496571 0.290806839597952 0.725785675374796 0.0197044934520682 0.00710842553998251 -0.687601888191772
1636513407.2673 7.93497212015018 10.489202268484 0.319667872877957 0.679610408203994 0.0207332939640681 0.00609268954891823 -0.733254868866386
1636513407.76757 8.78254448300432 10.3188930825756 0.340105631189834 0.628250497943784 0.0217832464927079 0.0068782003999871 -0.777675698710512
1636513408.26782 9.60749424674953 10.0286643576864 0.366358019064049 0.574065247782974 0.0232198520240781 0.00852156545655428 -0.818435894057698
1636513408.76869 10.3821637892365 9.61901208497337 0.391228196045808 0.520069635311745 0.0237284393719812 0.00995321649451079 -0.853736182361444
1636513409.26833 11.1296049452881 9.11488274202005 0.402077123837496 0.466744366692836 0.0243159576926685 0.0112248353861257 -0.883986670393025
1636513409.76863 11.825357083098 8.50742975956008 0.421763912485391 0.41733907523683 0.0246216067981429 0.0119326536242495 -0.908338859972769
1636513410.26885 12.4549317452418 7.82719687394122 0.427654233073507 0.375048869517779 0.0267309693012467 0.012292039080545 -0.926538022171186
1636513410.76911 13.0639089339971 7.0831964544525 0.427880492095233 0.341205877802074 0.0262882941194706 0.01236302866595 -0.939539584087765
1636513411.26936 13.6416296846451 6.27966867597439 0.441431413662493 0.317920075967952 0.0255066144398275 0.0134081936973247 -0.947679512418689
1636513411.76963 14.1702956089916 5.45677524017702 0.441122945090262 0.302240748668928 0.0273196770443994 0.0131111218293754 -0.952749843124947
1636513412.26987 14.6961655968634 4.59163332463009 0.447256391060217 0.294981689170997 0.0283752594790163 0.0144755719670488 -0.954971782577659
1636513412.77014 15.2348126611816 3.72754125657849 0.4538001874842 0.29602439126283 0.0269497479192468 0.0146726166030882 -0.954687375629624
1636513413.27039 15.7498750369091 2.87255196443451 0.457726006840115 0.3030081703898 0.0283519534311704 0.0146094481339963 -0.952454082588175
1636513413.77065 16.2939543770382 2.0273224630796 0.455759438154975 0.315122739702858 0.0282540329084583 0.0146870283420418 -0.948516557443808
1636513414.27091 16.8689250842708 1.22091182242315 0.462660856348664 0.330884982921719 0.0249812212329416 0.0126080536251291 -0.943256117736
1636513414.77117 17.4500443411442 0.414784557751193 0.472394979371165 0.347774034361854 0.0268856331037093 0.0128384019985359 -0.937104881638345
1636513415.27142 18.0661502409274 -0.348083369963711 0.469950865429523 0.368055715714808 0.0284411583002477 0.01187793848728 -0.92929274462975
1636513415.77168 18.7174970604331 -1.06623382512282 0.49900339192805 0.392026073315911 0.0271034746200234 0.0116257291013867 -0.919481267849917
1636513416.27194 19.4058189384728 -1.76371543850605 0.505301066142785 0.42145425740964 0.0260257595188019 0.0111937118812013 -0.906407010987382
1636513416.7722 20.1320958760903 -2.4071891059647 0.526589218664491 0.455901164905542 0.0271353469005922 0.0122788271663961 -0.889531916903363
1636513417.27245 20.9051013847353 -2.95988960971676 0.54765467358432 0.490217464726464 0.0259677982713885 0.0119486263571936 -0.871131299551492
1636513417.77289 21.7223452645324 -3.45763210647887 0.560568649507549 0.524825021383716 0.0262321649956743 0.0108280447306721 -0.850736929900502
1636513418.27314 22.585238601817 -3.89139145365511 0.581661086250046 0.559973413966635 0.0249276681974338 0.0111532365989711 -0.828060379635542
1636513418.77339 23.4694049149293 -4.25634627345217 0.610901107024135 0.59355391129757 0.0249044236197417 0.0118066763468571 -0.804322153406933
1636513419.27364 24.3859605935925 -4.54888365866626 0.640345582855065 0.633910259134694 0.0234723509325275 0.0114006395945708 -0.772966271917682
1636513419.7739 25.321980545721 -4.71855606918387 0.669709159037391 0.679436457636225 0.022437987118973 0.0128961349727635 -0.733277796248837
1636513420.27415 26.2473042250577 -4.76001634994563 0.694359631378225 0.723675136150365 0.0202324393067474 0.0120152539646167 -0.689739501108654
1636513420.77444 27.1621091814581 -4.68570679955161 0.721635410899715 0.767030631164167 0.0185820349234769 0.0119227277782095 -0.641230510344235
1636513421.27468 28.0567251223105 -4.50423760289323 0.74508649084922 0.807908892525775 0.0184246338283014 0.0121621755034601 -0.588893738914833
1636513421.7755 28.9068894272282 -4.18441476916693 0.769038097503116 0.844652623687271 0.0145169338710318 0.0100856323961762 -0.535022881705411
1636513422.27519 29.7313463268101 -3.76837931535073 0.798252254981127 0.874076324084144 0.0107254148049252 0.00989261076032408 -0.485569440353445
1636513422.77553 30.4973230539217 -3.26862039531247 0.817634777844967 0.89979649475118 0.0101416202058433 0.00729861425055826 -0.436130881505899
1636513423.2757 31.2079456047931 -2.68980313899081 0.843202191212793 0.92302937893578 0.00990112877626357 0.00645104822237244 -0.384547938815457
1636513423.77596 31.8583636226665 -2.03009237322677 0.858496625024609 0.943672437719734 0.00918709741397845 0.0064706449565395 -0.330690275458844
1636513424.27622 32.4099868540368 -1.2874558763693 0.887902274240691 0.9615602392077 0.0054412673038035 0.00622342993132984 -0.27446961198801
1636513424.77825 32.8970372146468 -0.487295671529972 0.915429563332809 0.975955414945897 0.00191593387364984 0.00569509345761922 -0.217887409332625
1636513425.27674 33.2707688778059 0.358938473308444 0.916779192362241 0.987154794511362 0.000500319810479477 0.00494251534255162 -0.159689488994758
1636513425.77701 33.5583098742651 1.25375296134549 0.932445053064342 0.994879304173081 -0.0012343853505598 0.00636604427346626 -0.100861885274868
1636513426.27726 33.7145403880003 2.18374319231789 0.943369260213524 0.998898146528302 -0.00217100883449354 0.00357692406495776 -0.0467438252306842
1636513426.77751 33.8131938478929 3.11257968838598 0.952065825636557 0.999893380822961 -0.0028247635074884 0.00498612746833615 0.0134307941099828
1636513427.27777 33.7912288068987 4.02417429816724 0.952386429948977 0.996046976114287 -0.00332739521024786 0.0077019509554064 0.0884309321797577
1636513427.77803 33.5795659063351 4.85172831160908 0.96066628711748 0.984006765438758 -0.00527907604727179 0.00505869200904228 0.177980972471775
1636513428.27828 33.2368747655014 5.62193572227776 0.969185259351904 0.962275999378577 -0.00899263049190085 0.00238760549855517 0.271916040271222
1636513428.77855 32.7635441377614 6.28540234618081 0.971684097504535 0.931112319751789 -0.0136158596312103 0.00167864414099863 0.36447446896428
1636513429.27915 32.181196657011 6.83211952092985 0.964082856542763 0.891779774446554 -0.0165008492275563 -0.000694899395077722 0.452168191028132
1636513429.77906 31.4814000875222 7.26404991539696 0.947344986615418 0.844477272001859 -0.0195599587094844 -0.00359349082279819 0.53522203982206
1636513430.27931 30.6830978355243 7.574114688427 0.933362185204319 0.797857759766046 -0.0229726869597371 -0.00443350221918736 0.602391562767134
1636513430.77956 29.8150807325724 7.7570322077916 0.906801620582878 0.748126200539231 -0.0250745461395534 -0.00848958446253764 0.663028191073564
1636513431.27984 28.9054421924929 7.81670992141163 0.871384775957187 0.697608390578926 -0.0263430106540922 -0.010549685781529 0.715917092485904
1636513431.78008 27.9627075370279 7.76476528184725 0.843621894092911 0.649480329446271 -0.027452344245898 -0.00988315162721396 0.759818395257499
1636513432.28034 27.0398226100101 7.60614653735318 0.801238652750691 0.602357760092092 -0.0283722800002771 -0.00614388878245125 0.79769818554078
1636513432.88065 25.9696388912866 7.22085806592785 0.763071559911461 0.543717510963037 -0.0243245562021695 -0.00984161515058653 0.838857989679395
1636513433.3809 25.1128995988427 6.82427189818852 0.731783723751782 0.497347020356907 -0.0247700920825741 -0.00883327379460382 0.86715301830438
1636513433.88116 24.3035961703452 6.33612096537204 0.704729384982997 0.459808765745226 -0.0229427143904561 -0.00847267741293989 0.887681105204851
1636513434.48148 23.3643280395035 5.67646007897734 0.680691510021706 0.425278963132276 -0.0236619191616751 -0.00638896794703495 0.904730400830709
1636513434.98173 22.5951993634368 5.07696223843895 0.662456501666906 0.402918375480357 -0.0252336348517086 -0.00712393729157947 0.9148602603075
1636513435.58311 21.7013663866654 4.30192105503872 0.647921840510821 0.379304288042457 -0.0271611202771035 -0.00965859937550918 0.924822816584885
1636513436.18235 20.8295797207036 3.47308841336655 0.621070755035933 0.360371021810309 -0.0286868708666317 -0.0118636780370781 0.932292359307266
1636513436.6826 20.137856784526 2.74956855899575 0.595082655511159 0.347189308190271 -0.0286093637147302 -0.013735547698615 0.937257927848902
1636513437.28291 19.3187052408991 1.84532298153267 0.560341364587099 0.335858194220315 -0.0281824139553629 -0.0152565918651956 0.941367229790466
1636513437.88324 18.4986663301773 0.94008890395479 0.511896702987797 0.328642410698229 -0.027491974807481 -0.0119557135183994 0.943978505118579
1636513438.38484 17.835647857059 0.187808666785236 0.480241593907634 0.329329136635332 -0.0268802652511785 -0.0102500803875265 0.943776831117983
1636513438.98379 17.008259338997 -0.726873098425427 0.455320491129202 0.3400303247702 -0.0274934227466255 -0.0114795913991418 0.939942396598673
1636513439.48404 16.3067594169317 -1.45507560584386 0.437131066314931 0.357230084691185 -0.0272947699412493 -0.0122970718602701 0.933536525342767
1636513439.98429 15.5791767923606 -2.16012321074827 0.403547173156604 0.38071435301002 -0.0254252571460239 -0.0119413677928809 0.924265947358473
1636513440.48456 14.8053541291097 -2.80594303787006 0.366403350088552 0.409568593429057 -0.0258476691755196 -0.0115736805372165 0.911839632388042
1636513441.08486 13.8340178583273 -3.50242755772417 0.339169832386209 0.451088481728901 -0.0248088254576391 -0.0113534240222676 0.892062107475649
1636513441.58511 12.9837341648638 -4.0122557746645 0.311239357239796 0.488043984942161 -0.0228770213574793 -0.0113549675921922 0.872445285027414
1636513442.08538 12.1134463387712 -4.42822202001006 0.285928050030664 0.526750427784785 -0.0217904401585473 -0.0102822589281215 0.849678432524669
1636513442.58563 11.1932882129259 -4.76481825315454 0.265167991598705 0.564858225141802 -0.0218335917884911 -0.010111025037983 0.824837103270669
1636513443.08603 10.250209813454 -4.9994992221161 0.241973859406294 0.602520914952781 -0.0239416478429419 -0.00810173302311893 0.79770276824457
1636513443.58616 9.28109735599764 -5.17009298089463 0.227649704212289 0.639254415103514 -0.0251347273556438 -0.00922417951455711 0.768529083876274
1636513444.08641 8.3002335456696 -5.248986288817 0.192937117610691 0.678329696572233 -0.0244710732590379 -0.0100424473140088 0.734281375614088
1636513444.58667 7.30264534075556 -5.21837186114941 0.160274648762365 0.715457299654432 -0.0245261061362768 -0.0165279660238193 0.698030191917295
1636513445.08731 6.31970821486602 -5.06783922897272 0.123376672812948 0.74771750803921 -0.0228633394850175 -0.0125422821017272 0.663504700088031
1636513445.58718 5.36135262564426 -4.84285933777912 0.0913085025404949 0.778291117042955 -0.0189961745083112 -0.00970256210091696 0.627541188110197
1636513446.08796 4.43220843665823 -4.52189311634659 0.0578186955122987 0.810372323745048 -0.0148894670764479 -0.00659730593469396 0.585688890310065
1636513446.5877 3.54335718946882 -4.10366454374561 0.0531827254630078 0.843640554804684 -0.0132146737590718 -0.00793732694570958 0.536687046170526
1636513447.08795 2.76095591966754 -3.58700817084477 0.027043441182877 0.877986472103327 -0.013239942699426 -0.00888960466463385 0.478419725397873
1636513447.88837 1.72321045050275 -2.60821465781273 0.0302079874801608 0.931603263118953 -0.0103402171764748 -0.0081881282841303 0.363237380524175
1636513448.78883 0.974316517056245 -1.27884473809786 0.00852436493911762 0.974315342489046 -0.0071120891184834 -0.00447879217914238 0.225031046745642
1636513449.68929 0.554041855067233 0.247805266817985 0.0363942769089547 0.993660325320747 -0.0049542130848943 -0.00364975742926269 0.112255480609561
1636513450.6898 0.442144825038788 2.09741969865547 0.0358317877715844 0.999556568498437 -0.00285457068800985 0.0011982158005926 0.0296155715243188
1636513451.29011 0.449337562159103 3.28097425374267 0.0428670868916539 0.999830689067523 -0.00387381346575612 0.0022751669917034 0.0178440573624297
1636513451.89042 0.466554468082816 4.45809240636165 0.051775069041933 0.999958199475992 -0.00179671074098557 0.00120323345480154 0.00888388206236195
1636513452.39068 0.511987635633878 5.44175251545539 0.0595940821380351 0.999986690991616 -0.00156800651711428 0.00333138166120993 0.00361401320239556
1636513452.991 0.570424603871576 6.6106161445637 0.0811949513074885 0.999980962036972 -0.00273782449521931 0.00468090066008909 0.00294432499162089
1636513453.49125 0.604244035731735 7.57298311731934 0.0930771044770243 0.999990571366695 -0.000120458227330032 0.00237808107140078 0.00363144570989361
1636513454.09156 0.652084233236471 8.65847529551537 0.10195379998209 0.999987621185893 -0.000209016690614538 0.0027422550930691 0.00414654362168874
1636513454.59181 0.692924276406409 9.40118788080377 0.115482846421001 0.999983738003108 -0.000660865440983248 0.00279861577626346 0.00492490973894914
1636513455.09206 0.714568767725069 9.89347625485345 0.134119845363692 0.99997663539105 -0.00279146153079884 0.00359216486611192 0.00510223148165842
1636513455.59233 0.718792325415283 10.0580338349462 0.133349209389335 0.999973470465087 -0.00362332884755634 0.00335646353035924 0.00535387771999884
1636513456.19264 0.719316843876393 10.0464507644733 0.13017802027524 0.999979449192783 -0.00187132109696871 0.00290003236959183 0.00540269948315068
1636513456.69291 0.71501571950136 10.0453377052186 0.132954106322415 0.999978834987089 -0.0020618432501987 0.00289066346783295 0.00545182950877813
1636513457.29361 0.715844405755643 10.047912637257 0.131506553098957 0.999978100828558 -0.00222134502489176 0.00298130852131498 0.00547496932325606
