1636513397.76224 0 5.55111512312578e-17 0 1 0 0 0
1636513398.2625 -0.0105207789087689 0.20477650388069 0.0113084635777175 0.999999175923615 -0.000778288295486514 -0.000959652040541687 0.000348550398369038
1636513398.76276 0.0062448336998913 0.576771863439309 0.0115149630511943 0.99999836901804 -0.00102021054533058 -0.00141981657653756 -0.00045304811282131
1636513399.26301 0.0554976432461975 1.10796542807115 0.0180558180890071 0.999988934738273 -0.000183500712633328 0.00101662441388248 -0.00458946655974469
1636513399.76328 0.0951272365757325 1.77199467881733 0.0319605865796176 0.999921209914212 -0.000569633294288866 0.000615514993233823 -0.0125248003138571
1636513400.26353 0.173525201313511 2.55453055381691 0.040268018356953 0.999606480024524 -0.000863822189846263 0.0014539687160566 -0.0280004442675044
1636513400.76397 0.269135379054694 3.41263606205936 0.055441124548822 0.998759437022058 -0.000814674659485046 0.000968547680973091 -0.0497793650016816
1636513401.26422 0.438424774068941 4.31101467637867 0.0583700088821162 0.99674572487189 0.000886449395436522 0.000976467036224322 -0.0805991356604206
1636513401.76448 0.684514261703736 5.23192746484224 0.0727018864517929 0.992943239481935 0.00224912886747365 0.00240981074447835 -0.118544748507192
1636513402.26473 0.988718036639061 6.13975571390821 0.0970689353866274 0.98736978564759 0.00206287704936962 0.00216343801491869 -0.158404452161131
1636513402.765 1.36530072813598 7.00491512671149 0.113919722832944 0.978630620041661 0.00402640131743483 0.00231638799678257 -0.205573665521521
1636513403.26525 1.83233769782318 7.7949564529146 0.13659166737308 0.964564957139375 0.00562608076967408 0.00458132217021863 -0.263745714962464
1636513403.7655 2.37891332848029 8.51130785923931 0.156316332898509 0.944336102859624 0.00632135941562141 0.00339552848521934 -0.328903991519321
1636513404.26576 3.03238985194901 9.11689137462843 0.185986044665922 0.917776105573437 0.00796929508246682 0.00646393530851528 -0.396965650799501
1636513404.76604 3.74834719523338 9.63096690686098 0.206974815210593 0.886970135735567 0.0106894090496138 0.00706618827440367 -0.461648983352796
1636513405.26628 4.52130489318055 10.0242564654834 0.223530560763797 0.851440297142597 0.0132907694663242 0.00791633379822884 -0.52422333743159
1636513405.76654 5.34886019491224 10.3114190424151 0.245382400041246 0.811533443592624 0.0155670588007461 0.00767377180620745 -0.584048157121704
1636513406.2668 6.20201949963052 10.4843313838748 0.270824999031452 0.769370616155895 0.016674869919824 0.00701297762526341 -0.638546491536742
1636513406.76705 7.0745227709175 10.5269268271267 0.28995886665206 0.725785675374796 0.0196614807076862 0.00708894450180879 -0.687603320572975
1636513407.2673 7.93402721617131 10.4809546670384 0.318778419057911 0.679610408203994 0.0206873871182615 0.00607192227198986 -0.733256337739363
1636513407.76757 8.78040488374537 10.3104945816874 0.339129202481525 0.628250497943784 0.0217345693133008 0.00685618033874185 -0.777677255113788
1636513408.26782 9.60400985261016 10.0215721474019 0.365299950067872 0.574065247782974 0.0231686565547421 0.00849838366967829 -0.818437585962622
1636513408.76869 10.3768071344657 9.61270974809562 0.390084136210645 0.520069635311745 0.0236750631608937 0.00992904753220124 -0.853737945640312
1636513409.26833 11.1228274752577 9.10960640650038 0.400869931772544 0.466744366692836 0.0242607138527379 0.0111998165618444 -0.883988505599954
1636513409.76863 11.8174623288139 8.50267403183553 0.420507629423935 0.417339075236831 0.024564851353593 0.0119069549528127 -0.908340733856076
1636513410.26885 12.4485161276446 7.82364143393479 0.426421571084701 0.37504886951778 0.0266730798172236 0.0122657839201376 -0.926540038439421
1636513410.76911 13.0563262026362 7.07934704208583 0.426600536193254 0.341205877802074 0.0262295896958324 0.0123364261329835 -0.939541574475537
1636513411.26936 13.6322664606091 6.27669807711635 0.44010748537384 0.317920075967953 0.025447425563635 0.0133813866703306 -0.94768148252432
1636513411.76963 14.163006930138 5.45413359689336 0.439837391408139 0.302240748668928 0.0272601619955621 0.0130841282204336 -0.952751918917371
1636513412.26987 14.689529115569 4.59103695399261 0.446001867757365 0.294981689170997 0.0283156399641378 0.0144484898725065 -0.954973962329681
1636513412.77014 15.2263472119587 3.72663368472713 0.452490226095385 0.29602439126283 0.0268901513461461 0.0146455790508416 -0.954689471269228
1636513413.27039 15.7432110112881 2.87210245301963 0.456455456481696 0.303008170389799 0.0282924955260563 0.0145824361131685 -0.952456264576458
1636513413.77065 16.2872654164723 2.02694879460466 0.454479186338167 0.315122739702858 0.0281948243587308 0.014660127494559 -0.948518735430876
1636513414.27091 16.8593363155399 1.21667720809959 0.461261649154578 0.330884982921719 0.024922289643709 0.0125813821829632 -0.943258032766313
1636513414.77117 17.4429103593995 0.411683867929749 0.471045508065211 0.347774034361854 0.0268270938644114 0.0128118512726086 -0.937106922675016
1636513415.27142 18.0616365241366 -0.351510409739875 0.468649125689065 0.368055715714808 0.0283830850998006 0.0118515632904298 -0.929294856898203
1636513415.77168 18.7119342556244 -1.07043051603294 0.497646202094414 0.392026073315911 0.0270460112952417 0.0115996590780934 -0.919483289148203
1636513416.27194 19.3997792220953 -1.76873482373418 0.503902151334685 0.42145425740964 0.0259691064112113 0.0111680303734373 -0.906408952692475
1636513416.7722 20.1273887583193 -2.40996079001361 0.52521728782964 0.455901164905542 0.0270797818268635 0.0122535827501793 -0.889533958297132
1636513417.27245 20.8999395587104 -2.96327592105915 0.546231597928312 0.490217464726464 0.0259133806417254 0.011923919745446 -0.871133258530966
1636513417.77289 21.7189237269309 -3.46150185286535 0.559153595449945 0.524825021383715 0.0261789997117675 0.0108038940806294 -0.850738874612162
1636513418.27314 22.5809528904439 -3.89511077957332 0.580180438453599 0.559973413966635 0.024875935844716 0.0111297452690388 -0.828062251425971
1636513418.77339 23.4653342769639 -4.25863462715272 0.609395707507028 0.59355391129757 0.0248541993394843 0.0117838406518446 -0.80432404182521
1636513419.27364 24.3816281302065 -4.55164332982349 0.638778579855103 0.633910259134694 0.0234240860043764 0.011378706003237 -0.772968059241995
1636513419.7739 25.316343472908 -4.71936422981248 0.668075858157176 0.679436457636225 0.0223922539463578 0.0128753231773859 -0.733279559957196
1636513420.27415 26.2413532714101 -4.76207238164276 0.692645909831889 0.723675136150365 0.0201894185741214 0.0119957003472705 -0.689741102058278
1636513420.77444 27.1557447772597 -4.6876445270284 0.719853170264901 0.767030631164167 0.0185420591842653 0.0119045552105462 -0.641232005176243
1636513421.27468 28.0507400599325 -4.50415466340898 0.743279724137254 0.807908892525775 0.0183879520879666 0.0121454511779572 -0.588895230589848
1636513421.7755 28.9009405414294 -4.18784125664449 0.767127315220054 0.844652623687271 0.0144835828981381 0.0100704951837341 -0.535024070721492
1636513422.27519 29.7237529846634 -3.77416174973336 0.796219781367913 0.874076324084144 0.0106951655747696 0.00987893577396288 -0.485570385975971
1636513422.77553 30.4928880082253 -3.27458113872501 0.815620194819981 0.89979649475118 0.0101144099761574 0.00728631851046079 -0.436131718987382
1636513423.2757 31.2047671466555 -2.69423783926939 0.841173507383494 0.92302937893578 0.00987713721034423 0.00644018206276807 -0.384548737921416
1636513423.77596 31.8550009875276 -2.03297916531842 0.856417203407223 0.943672437719734 0.0091664897329309 0.00646128333538951 -0.330691030376891
1636513424.27622 32.405506134085 -1.29255152642378 0.885715749167168 0.9615602392077 0.00542418509244715 0.00621571609619711 -0.274470124903103
1636513424.77825 32.892097723681 -0.494515970499188 0.913165825462661 0.975955414945897 0.00190239260770755 0.00568903170922214 -0.217887686339452
1636513425.27674 33.2663103168136 0.352224021745869 0.914483386198735 0.987154794511362 0.000490415213813625 0.0049380959586389 -0.159689656441651
1636513425.77701 33.5514332740417 1.24747955845354 0.930045105575363 0.994879304173081 -0.00124055770807562 0.00636329284189468 -0.100861983169414
1636513426.27726 33.7106710950178 2.17820308144728 0.941016959964778 0.998898146528302 -0.00217385324334169 0.00357569008907593 -0.0467437874458838
1636513426.77751 33.8067530777888 3.1086324344947 0.949624351440133 0.999893380822961 -0.00282379142787796 0.00498657078958281 0.01343083393393
1636513427.27777 33.7800456521755 4.02203199286622 0.949839567371537 0.996046976114287 -0.00332164166054174 0.00770447678088418 0.0884309284571712
1636513427.77803 33.5700826941358 4.85039337712096 0.958150911995034 0.984006765438758 -0.0052677649285796 0.00506373913562619 0.177981164085915
1636513428.27828 33.2293566991404 5.61964572813112 0.96670010325501 0.962275999378577 -0.00897548704571295 0.0023953402803709 0.271916538660661
1636513428.77855 32.7561985385299 6.28047331015345 0.969189237636189 0.931112319751789 -0.0135929198327677 0.00168905200558195 0.364475277131639
1636513429.27915 32.1755228269833 6.82739379106318 0.961651467120367 0.891779774446554 -0.0164724615309347 -0.000681997428632083 0.452169245724068
1636513429.77906 31.4781423357223 7.25984441986724 0.945016149915508 0.84447727200186 -0.019526428109084 -0.00357821830557998 0.535223366484831
1636513430.27931 30.6808717596063 7.56851149289021 0.931095773259137 0.797857759766046 -0.0229349583331427 -0.00441628836512025 0.602393126840305
1636513430.77956 29.8163126683956 7.75403634238789 0.904722609569008 0.748126200539231 -0.0250331126712551 -0.00847064328266051 0.663029998973727
1636513431.27984 28.9074900932103 7.81556356210971 0.869412781911695 0.697608390578926 -0.026298307688431 -0.0105292525221088 0.715919036796711
1636513431.78008 27.9633034284706 7.76288277514302 0.841647980919265 0.649480329446271 -0.027404866208635 -0.00986147839189452 0.7598203907598
1636513432.28034 27.0367818270569 7.60026975405493 0.799173487425357 0.602357760092092 -0.028322326077212 -0.00612114660749694 0.797700135556353
1636513432.88065 25.9632482451317 7.22198105591908 0.761069925503625 0.543717510963037 -0.0242721117763688 -0.00981784139518352 0.838859787361639
1636513433.3809 25.1049146272717 6.8238503752266 0.729785982427828 0.497347020356907 -0.0247158441865969 -0.00880870779297023 0.867154816082612
1636513433.88116 24.2923217581255 6.33613884106283 0.702737685082434 0.459808765745225 -0.0228871676272923 -0.00844759199470235 0.887682778187875
1636513434.48148 23.351898726575 5.67330560362538 0.678719807082773 0.425278963132276 -0.0236052477136261 -0.00636339355560473 0.904732061452434
1636513434.98173 22.5845535630252 5.07358875881752 0.660577458526899 0.402918375480357 -0.0251763459524258 -0.00709804291645917 0.914862039922692
1636513435.58311 21.6938091816814 4.30036927004499 0.646203402145919 0.379304288042457 -0.0271032707591109 -0.00963238047405327 0.924824787207375
1636513436.18235 20.824500449995 3.47333060915145 0.619516146818359 0.360371021810309 -0.0286286088605169 -0.0118372137433613 0.932294486610802
1636513436.6826 20.1332459135724 2.7520335200994 0.593641362852531 0.347189308190271 -0.028550837949084 -0.0137089483778726 0.937260101927495
1636513437.28291 19.3139738462704 1.84976421354368 0.559012664655181 0.335858194220315 -0.0281236691922201 -0.0152298901407493 0.941369419012821
1636513437.88324 18.4915234196664 0.940805222763026 0.510514346929994 0.328642410698229 -0.0274329810406224 -0.0119289575130558 0.943980559870982
1636513438.38484 17.8270361017104 0.186741674340002 0.478863514635016 0.329329136635332 -0.0268212402528596 -0.0102233456945996 0.943778800374925
1636513438.98379 17.0010738247575 -0.726602371498637 0.454070554278058 0.3400303247702 -0.0274346702759727 -0.0114529467299965 0.939944438312564
1636513439.48404 16.3000127128606 -1.45358400967353 0.43597524686497 0.357230084691185 -0.0272364409342488 -0.0122706090689212 0.93353857715139
1636513439.98429 15.5705201114439 -2.15796157382082 0.402424230599737 0.38071435301002 -0.0253675013723426 -0.0119152089394498 0.924267871930111
1636513440.48456 14.797661733321 -2.80417389629913 0.36536163158886 0.409568593429057 -0.0257906845671991 -0.0115478537046833 0.911841573378246
1636513441.08486 13.8260469632467 -3.50002727426898 0.338213048369756 0.451088481728901 -0.0247530776213671 -0.0113281696757431 0.892063977174049
1636513441.58511 12.9746488909118 -4.0084259829318 0.310352932332314 0.488043984942161 -0.0228225059088925 -0.0113303042829862 0.872447033458576
1636513442.08538 12.1037178523965 -4.42460439376152 0.285090201382692 0.526750427784785 -0.0217373273322098 -0.0102582518224168 0.849680083148091
1636513442.58563 11.1848262406798 -4.76122625827003 0.264423020090025 0.564858225141802 -0.0217820351055151 -0.0100877022978941 0.824838751938016
1636513443.08603 10.2437923543739 -4.99953612087265 0.241281329105163 0.602520914952781 -0.0238917440361737 -0.00807910477035041 0.797704493955928
1636513443.58616 9.278118986244 -5.17012531414263 0.227118392556973 0.639254415103514 -0.0250866851501005 -0.00920232557371031 0.76853091558042
1636513444.08641 8.29888852843416 -5.24810098966681 0.192534823071052 0.678329696572233 -0.0244252035835718 -0.0100215554935165 0.734283188288833
1636513444.58667 7.30893501977813 -5.21236724546837 0.160331209633819 0.715457299654432 -0.0244826807213925 -0.0165080731040157 0.698032187107639
1636513445.08731 6.32254103849508 -5.06467542981421 0.123283899213755 0.74771750803921 -0.0228219804016624 -0.0125233846893221 0.663506480916429
1636513445.58718 5.35991116500887 -4.83910517073331 0.091125421419246 0.778291117042955 -0.0189570015956337 -0.0096847566200716 0.627542647723438
1636513446.08796 4.42637446031052 -4.51721297309419 0.0575738114468402 0.810372323745048 -0.0148528434381691 -0.00658076104797503 0.58569000634626
1636513446.5877 3.54002975245972 -4.09729503237371 0.0530895117802368 0.843640554804684 -0.0131811629487629 -0.00792217733534329 0.536688094090442
1636513447.08795 2.76131925174623 -3.58166883338312 0.027081883557006 0.877986472103327 -0.0132101167970352 -0.00887606224244855 0.478420801321212
1636513447.88837 1.72585753622483 -2.6039017629901 0.0303468324552556 0.931603263118953 -0.0103176090664135 -0.00817783886812106 0.363238255199969
1636513448.78883 0.975799346254073 -1.27749417599367 0.00857357827956662 0.974315342489046 -0.00709806776489139 -0.00447239955318719 0.225031616593522
1636513449.68929 0.556882877518404 0.246801367673083 0.0364452789435351 0.993660325320747 -0.00494725504298485 -0.00364653230033567 0.11225589228717
1636513450.6898 0.440216645597019 2.0950239798079 0.0356515660088417 0.999556568498437 -0.00285267936750865 0.00119910649757622 0.0296157177131221
1636513451.29011 0.446272511814747 3.27674738839544 0.0426019630072239 0.999830689067523 -0.00387263391804747 0.00227575909915272 0.017844237888481
1636513451.89042 0.464992658391626 4.45616500781495 0.0515427923661919 0.999958199475992 -0.00179612167405496 0.00120352484703366 0.00888396170669627
1636513452.39068 0.507808324177231 5.43987967271129 0.0592522714694148 0.999986690991616 -0.00156769373030772 0.00333152174704892 0.00361401976396672
1636513452.991 0.564563107847137 6.6072118841277 0.0807564531474735 0.999980962036972 -0.00273751904005836 0.00468105237804969 0.00294436780171943
1636513453.49125 0.601335717287516 7.57296773439418 0.0927288444015644 0.999990571366695 -0.000120168886237902 0.00237818437724356 0.00363138764347816
1636513454.09156 0.648729346831998 8.65836508630268 0.101557158177193 0.999987621185893 -0.000208685616815734 0.00274237489196646 0.00414648106763224
1636513454.59181 0.689506233840313 9.40053009655311 0.115053542320856 0.999983738003108 -0.000660484017902694 0.00279876868465474 0.00492487401289859
1636513455.09206 0.710158923306722 9.89009194052907 0.13361821180702 0.99997663539105 -0.00279104853774897 0.0035923775112064 0.00510230770069709
1636513455.59233 0.714690564288188 10.0535957517399 0.132843265000603 0.999973470465087 -0.00362290611082375 0.00335670453290417 0.00535401270075091
1636513456.19264 0.7157865322636 10.044261514767 0.129707897421194 0.999979449192783 -0.00187090704557385 0.00290022962077888 0.00540273699817566
1636513456.69291 0.711498100861193 10.0429067310866 0.132482208713797 0.999978834987088 -0.00206142635313078 0.00289086697900925 0.0054518792508391
1636513457.29361 0.712211418998358 10.0452776432164 0.131029200792419 0.999978100828558 -0.00222092434063539 0.00298151677672708 0.00547502658374733
