1636513397.76224 0 0 0 1 0 0 0
1636513398.2625 -0.0202457705298999 -0.00031566348258763 0.205485797935893 0.999999175923615 -0.000733845343503025 -0.000410184760927094 -0.000970243043640329
1636513398.76276 -0.0174370143548625 0.0182634568916074 0.577815789870104 0.99999836901804 -0.000972224974037391 0.000363165011812932 -0.00147812416068422
1636513399.26301 0.0210416153240982 0.0371502570482855 1.10969162318849 0.999988934738273 -0.000306527709438613 0.00462869854649499 0.000782043184533323
1636513399.76328 0.0465060594317796 0.0571162803298163 1.77595705268281 0.999921209914212 -0.000821235875898332 0.0125259331512451 -2.31089924010774e-05
1636513400.26353 0.119290349402142 0.0892580199680181 2.56184375326247 0.999606480024524 -0.0014297184894076 0.0280149827900278 4.16808835581213e-05
1636513400.76397 0.214248018084023 0.118156375274998 3.42284636591504 0.998759437022058 -0.00175844712739185 0.0497414273778463 -0.00151169623151691
1636513401.26422 0.395505743186999 0.160228048718495 4.32164151366732 0.99674572487189 -0.000620632696503829 0.0805533757555116 -0.00295438979449052
1636513401.76448 0.665436561855104 0.19427223161383 5.24219710806984 0.992943239481935 -6.27125354910945e-06 0.118543592888859 -0.00333762082807387
1636513402.26473 0.994249609252129 0.220938047987456 6.14951599199561 0.987369785647589 -0.00090885982255754 0.158332796694512 -0.00555030223955565
1636513402.765 1.40706696677358 0.250990065245979 7.00514867088873 0.978630620041661 0.000187634406555699 0.205483996257077 -0.00764209345832179
1636513403.26525 1.93013042386329 0.274418248448782 7.77502516436546 0.964564957139375 0.000637935422322317 0.263717863521855 -0.00818076748114649
1636513403.7655 2.53664404256725 0.29851838899825 8.45977892737295 0.944336102859624 0.000191796853973642 0.328743064552407 -0.0125413539363047
1636513404.26576 3.25723624087569 0.309421359330321 9.01860735018736 0.917776105573437 0.000478864002902626 0.396892818508811 -0.0127624975555197
1636513404.76604 4.02706359813528 0.322719344976488 9.47741587051756 0.886970135735567 0.00199470424650367 0.461571010081712 -0.0152381796926793
1636513405.26628 4.84652616034726 0.335809199994444 9.80733122642837 0.851440297142597 0.00342066470682009 0.524152742285978 -0.0173672740745051
1636513405.76654 5.70970333964729 0.338950482546961 10.0269140816795 0.811533443592624 0.00461449732863174 0.583929272578262 -0.0204641386655581
1636513406.2668 6.58755333852685 0.334429788214675 10.1338426942307 0.769370616155895 0.00475425028593758 0.638342908415262 -0.0237609632814337
1636513406.76705 7.47410699994726 0.328629466305426 10.1098339572416 0.725785675374796 0.00684149736018469 0.687395959197489 -0.0259835065682994
1636513407.2673 8.33878702736367 0.309815271669332 10.0001711641436 0.679610408203994 0.00707442540236085 0.732957547151637 -0.0292041031275312
1636513407.76757 9.18329823397588 0.294870500814872 9.75910909570014 0.628250497943784 0.00728090277552718 0.777376388579007 -0.0305655159947036
1636513408.26782 9.99600255247741 0.268760218346827 9.39996794618512 0.574065247782974 0.00790719757328521 0.818189001660449 -0.0308759627588809
1636513408.76869 10.7516849402169 0.238299756076582 8.92844092514094 0.520069635311745 0.00771436956225724 0.853520266624934 -0.0311643608865462
1636513409.26833 11.4744044128377 0.216871822118419 8.37035662433423 0.466744366692836 0.00769892914682208 0.883802526943369 -0.0313610589586955
1636513409.76863 12.1456257019362 0.180527543712056 7.72128965526703 0.41733907523683 0.00753163351818322 0.908161616168945 -0.0318410064920119
1636513410.26885 12.7551783794118 0.152048161878595 7.01219421111308 0.375048869517779 0.00929241027594791 0.926395632287574 -0.0322975086222559
1636513410.76911 13.3531804840195 0.127365231205587 6.253183647449 0.341205877802074 0.00860973668179831 0.939373793730713 -0.0328830813573467
1636513411.26936 13.9336205323385 0.0877983390063629 5.44840120440072 0.317920075967953 0.00763931899389238 0.947537391725858 -0.0322700694638001
1636513411.76963 14.4738849295936 0.0571394188768201 4.63106582698208 0.302240748668928 0.00936959039708314 0.952622887298839 -0.0327471405508842
1636513412.26987 15.0237401245328 0.0210124479977439 3.7804087115163 0.294981689170997 0.0103304791010117 0.954929157514674 -0.0314545447222501
1636513412.77014 15.5971624840324 -0.0155396647041214 2.93979681825621 0.296024391262829 0.00890381539421845 0.954625955580445 -0.031298031583767
1636513413.27039 16.1538171505216 -0.0511234312044148 2.11313871579354 0.3030081703898 0.0103480031191969 0.952420944308574 -0.0311979542732523
1636513413.77065 16.7455087956908 -0.0787166757489983 1.30250145471635 0.315122739702858 0.0103191245330051 0.948490630686266 -0.0309305365521924
1636513414.27091 17.3711763665419 -0.113973889425227 0.537060640870611 0.33088498292172 0.00722640479529813 0.943070731146935 -0.0328710085731192
1636513414.77117 18.0033963212114 -0.151251906187192 -0.226239296226214 0.347774034361854 0.00923252359581643 0.936977521696206 -0.032266164441547
1636513415.27142 18.6719649785536 -0.175036786783833 -0.940526701821405 0.368055715714807 0.01096678308729 0.929160966345455 -0.0327813730395531
1636513415.77168 19.3781681167076 -0.22451645645497 -1.6014372755137 0.392026073315911 0.0098194885265006 0.919323825205333 -0.0326012253668559
1636513416.27194 20.1243632864737 -0.249590701010565 -2.23234515318428 0.42145425740964 0.00899855792481698 0.906224928001783 -0.0324301516297218
1636513416.7722 20.9090722619792 -0.285389252037208 -2.79765983985792 0.455901164905542 0.0103733323951485 0.889448035082813 -0.0304748207560273
1636513417.27245 21.733728092275 -0.31583273061157 -3.26701989604281 0.490217464726464 0.00955604483300663 0.871033240210268 -0.0299435090313092
1636513417.77289 22.596673013045 -0.336567549973326 -3.67626978834498 0.524825021383716 0.010236552124655 0.850618006294325 -0.0300485822968183
1636513418.27314 23.499459456142 -0.358100371132771 -4.01525629639849 0.559973413966635 0.00933509141911681 0.827962167751739 -0.0286579917403507
1636513418.77339 24.4154695437949 -0.384715579297592 -4.28382368504268 0.59355391129757 0.00972032804241553 0.804287848520135 -0.0268388958222297
1636513419.27364 25.3583639953689 -0.406896608775502 -4.46213981287075 0.633910259134694 0.0088785112750245 0.77292663596934 -0.0257559859148045
1636513419.7739 26.3085219092689 -0.42043806765795 -4.50194445428942 0.679436457636225 0.00851233251772164 0.733344468254639 -0.022350192620373
1636513420.27415 27.2312803583404 -0.424577850057964 -4.41117447896199 0.723675136150365 0.00713890930393714 0.689779030215696 -0.0211712721959328
1636513420.77444 28.1262118036503 -0.425562558037887 -4.20201551380331 0.767030631164167 0.00638028856486971 0.641299136795195 -0.0189399028367641
1636513421.27468 28.9832183947821 -0.419606562887876 -3.8881077512748 0.807908892525775 0.00717033472851621 0.589042918791935 -0.016132188281037
1636513421.7755 29.7785745841979 -0.405714053060588 -3.44364411619596 0.844652623687271 0.00433172927972786 0.535066910359365 -0.0157029569871173
1636513422.27519 30.5400840941594 -0.391635417618577 -2.9199624321218 0.874076324084144 0.001455148211778 0.485595838777253 -0.0136067476440716
1636513422.77553 31.2327565084118 -0.371023734442068 -2.32347067665679 0.89979649475118 0.0018764989332581 0.436087949014152 -0.0137857720086413
1636513423.2757 31.8592267090866 -0.353328546741465 -1.6555493911705 0.92302937893578 0.00261205960978976 0.38453017445752 -0.0121032102225723
1636513423.77596 32.4143522410823 -0.321839002699789 -0.916041259134184 0.943672437719734 0.00288234605838016 0.330733287194212 -0.00946124257192246
1636513424.27622 32.8600517833856 -0.298439767573545 -0.103899347845815 0.9615602392077 0.000177213412652287 0.274502614218114 -0.00708447299790726
1636513424.77825 33.2345944821075 -0.272413651288336 0.753314950959423 0.975955414945897 -0.00229007694441926 0.217901723127591 -0.00496212085676919
1636513425.27674 33.4883621972577 -0.223918184413217 1.64136167653948 0.987154794511362 -0.00261133925167357 0.159719001937459 -0.00290396292090019
1636513425.77701 33.6517452077916 -0.188722976308612 2.56487187791968 0.994879304173081 -0.00332458224920878 0.101006476930788 0.00134495315322583
1636513426.27726 33.688121099516 -0.151776441880066 3.50728654878264 0.998898146528302 -0.00316260710207421 0.0468089677208333 0.0011879897097913
1636513426.77751 33.6581554349821 -0.114652007771183 4.43644353897084 0.999893380822961 -0.00277072079178146 -0.0132276214940953 0.00552992968593837
1636513427.27777 33.4868749460787 -0.0744887098352801 5.32738578528921 0.996046976114287 -0.00200772146455105 -0.0880029399147771 0.0119110450617266
1636513427.77803 33.1109399923686 -0.0489015227118307 6.10157447077353 0.984006765438758 -0.00221790965132107 -0.177596994911603 0.0136041848671762
1636513428.27828 32.6086039451307 -0.0271808447298381 6.78526474400487 0.962275999378577 -0.00410710858411242 -0.271606897932048 0.0154183551252975
1636513428.77855 31.9949556803583 -0.00772945297950386 7.33236480883689 0.931112319751789 -0.00700666934024843 -0.364165320387631 0.0190885834511808
1636513429.27915 31.2990660589892 0.0117864310524134 7.73964266010786 0.891779774446554 -0.00819373056372895 -0.451911359341381 0.0209241479092314
1636513429.77906 30.5142479170731 0.032896011412786 8.01257762256228 0.84447727200186 -0.00961912419667251 -0.535052870268633 0.0220008076961749
1636513430.27931 29.6664687058538 0.0430637309062961 8.17078215173125 0.797857759766045 -0.0117682661567826 -0.602239324039362 0.0243372075921527
1636513430.77956 28.7740117248457 0.0599668467662789 8.19894368720004 0.748126200539231 -0.0126019912413437 -0.663031297742686 0.0231921559398246
1636513431.27984 27.8630733933436 0.0766997728297695 8.10921864095626 0.697608390578926 -0.0128223904476811 -0.71597270645566 0.023689730003638
1636513431.78008 26.937474210329 0.0772973670343464 7.92099391617133 0.649480329446271 -0.0131542036248708 -0.759803574465371 0.0264725672915135
1636513432.28034 26.0461408110492 0.0841080485994143 7.63643565851945 0.602357760092092 -0.013526447152094 -0.797468520296324 0.0320331581438977
1636513432.88065 25.0349971172879 0.0770519109192463 7.10723041247801 0.543717510963037 -0.00858622490177655 -0.838669185692891 0.0305211727054851
1636513433.3809 24.2363978909408 0.0666633551986795 6.6053208534919 0.497347020356907 -0.00855341174572146 -0.866885343211725 0.0329026171345779
1636513433.88116 23.485371588588 0.0488581890551971 6.03272314347204 0.459808765745226 -0.00636654244944203 -0.88733083277173 0.0343418009679064
1636513434.48148 22.610941506302 0.0169744724388309 5.29284700888824 0.425278963132277 -0.00685454999654401 -0.904270163907945 0.0372329065126301
1636513434.98173 21.8917671899155 -0.00896076736822259 4.63718598728859 0.402918375480356 -0.00821105162703148 -0.91445335877045 0.0369380016364139
1636513435.58311 21.0573719123479 -0.0469165502913836 3.80165654958832 0.379304288042457 -0.00985600784083858 -0.924563857060755 0.03482514032973
1636513436.18235 20.2419384046044 -0.0750886702050655 2.91934412176524 0.360371021810309 -0.0111579959205405 -0.932160709305199 0.0329338396495054
1636513436.6826 19.5955934816941 -0.0963125062344386 2.15588928888082 0.347189308190271 -0.0109169456470606 -0.937208574585125 0.0313128136745622
1636513437.28291 18.8266908959822 -0.120637621541592 1.20917695267669 0.335858194220315 -0.0103560810895989 -0.941377310013007 0.0300130830174029
1636513437.88324 18.0515134602138 -0.138235340868102 0.265840300190085 0.328642410698229 -0.00974702145384062 -0.943811124258008 0.0334622651664651
1636513438.38484 17.4170058753411 -0.159189113936403 -0.510785009408348 0.329329136635332 -0.00920594718611613 -0.943514750680963 0.0351779127703035
1636513438.98379 16.6112231922862 -0.192567920846164 -1.44628284878146 0.3400303247702 -0.0098407714693638 -0.93975753632856 0.0337388554523736
1636513439.48404 15.9159408633636 -0.221685542532485 -2.18348613407436 0.357230084691185 -0.00972757369395975 -0.933396099718312 0.0326153634381189
1636513439.98429 15.1862509979147 -0.237028782060173 -2.89133016605332 0.38071435301002 -0.00804308325566627 -0.924083376757654 0.0325853191495177
1636513440.48456 14.4023017911331 -0.245173384264683 -3.53378484742223 0.409568593429056 -0.0087065454553041 -0.911664884503064 0.0323249393935005
1636513441.08486 13.4108899334634 -0.269267347342175 -4.21460604429821 0.451088481728902 -0.00803873210043486 -0.891883001299308 0.0316112706335943
1636513441.58511 12.5418804681132 -0.281720091269906 -4.70574649741847 0.488043984942161 -0.00646721440820793 -0.872254346623791 0.0307180516224197
1636513442.08538 11.6513232648416 -0.293217316341434 -5.09646368489255 0.526750427784785 -0.00583952466640032 -0.849444987245377 0.0307099401483816
1636513442.58563 10.7128168560759 -0.304119258286793 -5.40587942345442 0.564858225141802 -0.00634335513848977 -0.824630463722376 0.0296571346603026
1636513443.08603 9.75266344776764 -0.308248492566 -5.61023825354311 0.602520914952781 -0.00902362956222583 -0.79747865405374 0.0302476029235706
1636513443.58616 8.77018532821982 -0.315177822471065 -5.74881437544043 0.639254415103514 -0.0107051618767581 -0.768423611056793 0.0276468126607031
1636513444.08641 7.77769384376979 -0.299188067131896 -5.7879581401879 0.678329696572233 -0.0106362603735323 -0.73424937031827 0.0251705164967314
1636513444.58667 6.77209472455974 -0.273360181628715 -5.71808651674259 0.715457299654432 -0.0111014314149706 -0.698363510316853 0.0169120681659332
1636513445.08731 5.78498866000696 -0.251094516559345 -5.53360183355697 0.74771750803921 -0.010226388766925 -0.663658952304661 0.0192547181309199
1636513445.58718 4.8266291925641 -0.230759468436072 -5.27437181897184 0.778291117042955 -0.00713066998101994 -0.627529448654739 0.0204666008103612
1636513446.08796 3.90275224329846 -0.203870551999489 -4.91115358531556 0.810372323745048 -0.0039136012562943 -0.58550157912767 0.0216629054437106
1636513446.5877 3.02718523021912 -0.192833566896626 -4.44134525143185 0.843640554804684 -0.00308386780839899 -0.536598434390728 0.0179784386865355
1636513447.08795 2.26998625052898 -0.151239771995387 -3.86287058269053 0.877986472103327 -0.00413707134818182 -0.478458062315923 0.014160580818107
1636513447.88837 1.3126711286707 -0.123024712994221 -2.76880396178854 0.931603263118953 -0.00337265293910404 -0.363342005259833 0.00930443829763057
1636513448.78883 0.689329856669786 -0.0493805525455939 -1.33576354696264 0.974315342489046 -0.00281803838692206 -0.225081321465364 0.00633014830059178
1636513449.68929 0.373238943563834 -0.00940264562216445 0.241256836264435 0.993660325320747 -0.00275575640006093 -0.112377499403479 0.00169154306804548
1636513450.6898 0.31534658602757 0.0780608785215402 2.10820127891181 0.999556568498437 -0.00235724643386261 -0.029574240357345 0.00254441902321601
1636513451.29011 0.29476855660567 0.130496136493043 3.29204448963948 0.999830689067523 -0.00363262341071322 -0.0177873095852047 0.00300147690934208
1636513451.89042 0.280009681664737 0.176155977193976 4.46898165742657 0.999958199475992 -0.00167949772475945 -0.00884955365137333 0.00156970962138728
1636513452.39068 0.295686161267728 0.216694280024941 5.45341112136909 0.999986690991616 -0.00163015625228757 -0.00347921688737385 0.00344317877566477
1636513452.991 0.31015242276688 0.254734305843519 6.6234495993883 0.999980962036972 -0.00286365633057231 -0.00276864084314889 0.00471271300999219
1636513453.49125 0.305409553452802 0.286176217304914 7.58556191054564 0.999990571366695 -0.000146525607955802 -0.00351363885001803 0.00254755765164364
1636513454.09156 0.310379068269437 0.33098058247079 8.67116778812545 0.999987621185893 -0.000239760781686748 -0.00401216588110862 0.00293300437930448
1636513454.59181 0.32131587901804 0.354949598040238 9.41461574085861 0.999983738003108 -0.000679158078936016 -0.00479583653115117 0.00301038628772531
1636513455.09206 0.323881087475308 0.363891054106993 9.90782352739642 0.99997663539105 -0.00283542751250785 -0.00497740978728367 0.00373020302751088
1636513455.59233 0.321227775294481 0.374004110769214 10.072210106746 0.999973470465087 -0.00365275232875992 -0.00525689859653118 0.00347574216238675
1636513456.19264 0.322071914322415 0.373923715837459 10.0603918440514 0.999979449192783 -0.00188370824512366 -0.00529245345810507 0.0030891377015151
1636513456.69291 0.31778445664465 0.371303931880651 10.0592617163561 0.999978834987088 -0.00207279154678857 -0.00534581020562905 0.00307496769322738
1636513457.29361 0.3184571569644 0.373133755281669 10.0618008469635 0.999978100828558 -0.00223525076031863 -0.00536774105911332 0.00316051788007531
