1636513397.76224 0 0 0 1 0 0 0
1636513398.2625 -0.0205444672908748 -0.00015932635700093 0.205557099188757 0.999999175923615 -0.000734700661047334 -0.000407458725628696 -0.000970744258585125
1636513398.76276 -0.0177875711444677 0.0183552859702327 0.577930374954746 0.99999836901804 -0.000970226681924008 0.000366825303274887 -0.00147853327419627
1636513399.26301 0.0215234677002631 0.036815089329477 1.10979543280402 0.999988934738273 -0.000291468738356004 0.00462947850419273 0.000783183099429631
1636513399.76328 0.0480605705160065 0.0566077516338462 1.77620232646744 0.999921209914212 -0.000779356616257345 0.0125286138971485 -2.00194836430495e-05
1636513400.26353 0.123397529263667 0.0883885592028113 2.5622615396491 0.999606480024524 -0.00133610460915467 0.0280195919945157 4.88048648150124e-05
1636513400.76397 0.221817836009427 0.116779814489608 3.42329616168936 0.998759437022058 -0.00159140168385286 0.0497474470502238 -0.00149863672969052
1636513401.26422 0.408229819069755 0.157752988019983 4.32168087131566 0.99674572487189 -0.000349858146783632 0.0805558223874909 -0.00293206895596698
1636513401.76448 0.68468856409246 0.190477197237179 5.24135440718906 0.992943239481935 0.000391667216381546 0.118543879601823 -0.00330429612172978
1636513402.26473 1.02008382407924 0.215869845337493 6.14741541062944 0.987369785647589 -0.000376772267027516 0.15833649444075 -0.0055062656225639
1636513402.765 1.44069257699897 0.243973902959238 7.00056743210943 0.978630620041661 0.000878400101630544 0.205484348513511 -0.0075842235010714
1636513403.26525 1.97343946538475 0.265223536606386 7.76631006403893 0.964564957139375 0.00152360332788231 0.263716533756036 -0.00810628862772663
1636513403.7655 2.58992884978919 0.286846059059806 8.44521348443031 0.944336102859624 0.00129708337019028 0.328744078421456 -0.0124488277944463
1636513404.26576 3.32067686205517 0.294929475903255 8.99601472876339 0.917776105573437 0.00181202577386273 0.39689255143567 -0.0126506606916149
1636513404.76604 4.09889035902573 0.304915111020894 9.44560717058598 0.886970135735567 0.00354532028026873 0.46156600465496 -0.0151073612585763
1636513405.26628 4.92540303555917 0.314576569210951 9.76514411532755 0.851440297142597 0.00518154637085602 0.524143213863203 -0.0172181108163871
1636513405.76654 5.79392974399719 0.314106171058641 9.97356048447743 0.811533443592624 0.00657678084714988 0.583916283131529 -0.0202975411871925
1636513406.2668 6.67535339577012 0.306069793012234 10.069319433262 0.769370616155895 0.00690012397816011 0.638330066921258 -0.02357899381413
1636513406.76705 7.56375514691499 0.296579868535786 10.034082260438 0.725785675374796 0.00915246852583584 0.687376486748379 -0.0257866478257623
1636513407.2673 8.42881000919141 0.274313551459505 9.91341819219265 0.679610408203994 0.0095393619873541 0.732937939734184 -0.0289943120609054
1636513407.76757 9.27235525483893 0.256228871971219 9.66068019536984 0.628250497943783 0.00989500596985762 0.777356221603702 -0.0303431281225491
1636513408.26782 10.0825110129906 0.22722445632542 9.28998117984999 0.574065247782974 0.0106578588679476 0.818166598674155 -0.0306417712638771
1636513408.76869 10.8344102100815 0.194221867082041 8.80793991273702 0.520069635311745 0.0105832630485462 0.853498389971771 -0.0309203377334031
1636513409.26833 11.5523213151669 0.170407779748251 8.24041109697616 0.466744366692835 0.0106691314207932 0.883780586535161 -0.0311085303220413
1636513409.76863 12.218242218177 0.131873102673786 7.58350375113277 0.41733907523683 0.0105834991544371 0.908140231984435 -0.0315817174544402
1636513410.26885 12.822558654415 0.101303071135958 6.86830884959884 0.37504886951778 0.0124054455404059 0.926368388213267 -0.0320321668566792
1636513410.76911 13.416367329332 0.0747716297392479 6.10504834794174 0.341205877802074 0.011766458218317 0.939348921896948 -0.0326144499471368
1636513411.26936 13.9939459671138 0.0336442261010518 5.29754784198147 0.317920075967952 0.0108230062199266 0.947515546048865 -0.0319996535702535
1636513411.76963 14.5320279074716 0.00121445532885271 4.47858937969504 0.302240748668929 0.0125705151636375 0.952595363383759 -0.0324743845566031
1636513412.26987 15.0810695690971 -0.0363595485642159 3.62717009094923 0.294981689170997 0.0135384248227209 0.954898048015846 -0.0311806350588296
1636513412.77014 15.6551412365805 -0.0744792897266922 2.78700044841149 0.296024391262829 0.0121106734769964 0.954599572261831 -0.0310249577426741
1636513413.27039 16.2129737921457 -0.111767135193984 1.96137953729915 0.3030081703898 0.0135474309198154 0.952389718661181 -0.0309247405967462
1636513413.77065 16.8067801630127 -0.141068050318262 1.15247179852141 0.315122739702858 0.0135052762314875 0.948459448950553 -0.0306584430865319
1636513414.27091 17.4352667042446 -0.17830599053095 0.389683561635073 0.33088498292172 0.010395483261615 0.94305045852582 -0.0326020655617379
1636513414.77117 18.0699011319201 -0.217517860433274 -0.371233513676885 0.347774034361854 0.012380907959429 0.936950409503719 -0.0319978791889837
1636513415.27142 18.741270600527 -0.243539262236067 -1.08239865956834 0.368055715714808 0.0140893056808711 0.929128245804575 -0.0325143728711708
1636513415.77168 19.4508951044488 -0.295066073663234 -1.73944387528167 0.392026073315911 0.0129090464596911 0.919294944153702 -0.0323375944289487
1636513416.27194 20.2010301881864 -0.322338248173073 -2.36540070534271 0.42145425740964 0.0120442531377782 0.906198816544222 -0.0321706352360949
1636513416.7722 20.9897520156136 -0.360389032777563 -2.92491016282982 0.455901164905542 0.0133619199006202 0.889416876922954 -0.0302192981215285
1636513417.27245 21.8181603037711 -0.393262415387074 -3.38777188830042 0.490217464726464 0.0124828137107065 0.871004768722858 -0.0296935936030505
1636513417.77289 22.6842511825429 -0.41679925530602 -3.79005450625497 0.524825021383716 0.0130951436121675 0.850587404587421 -0.0298040483926933
1636513418.27314 23.5899738096707 -0.440901162690163 -4.12159939462876 0.559973413966635 0.0121172380897162 0.827934317827696 -0.028420301807285
1636513418.77339 24.5081380498847 -0.470231355541896 -4.3827670720662 0.59355391129757 0.0124223928779424 0.804258335985504 -0.0266076593553384
1636513419.27364 25.4528881198647 -0.495182301177117 -4.55155498848862 0.633910259134694 0.0114751992533692 0.772899810796215 -0.0255340094199166
1636513419.7739 26.4041033997021 -0.511303436585382 -4.58026130948294 0.679436457636225 0.0109749417980956 0.73331813803108 -0.0221395375267201
1636513420.27415 27.3264335539936 -0.51810606147174 -4.47775036531795 0.723675136150365 0.00945530695488027 0.68975720590665 -0.0209735878664405
1636513420.77444 28.2194036507838 -0.521647573604407 -4.25661099667057 0.767030631164167 0.00853349201080132 0.6412794972111 -0.0187562476705583
1636513421.27468 29.072781868651 -0.518342863540929 -3.9310439185403 0.807908892525775 0.00914741066551425 0.589020148190571 -0.0159628093219857
1636513421.7755 29.863095504665 -0.506608279563685 -3.4751534668333 0.844652623687271 0.00612820436110324 0.53505381061091 -0.0155502463087162
1636513422.27519 30.619135478403 -0.494445155723559 -2.94202562104013 0.874076324084143 0.00308519986950349 0.485592045745745 -0.0134694590009828
1636513422.77553 31.305100654543 -0.47625799686908 -2.33725738296235 0.89979649475118 0.0033411843495833 0.436083076201026 -0.0136621803414444
1636513423.2757 31.9240587182249 -0.460724699224866 -1.66189050380403 0.92302937893578 0.00390354505113503 0.38452266314657 -0.0119937268657968
1636513423.77596 32.4708863178254 -0.431079382952364 -0.91570279156538 0.943672437719734 0.00399264531435441 0.330724436980726 -0.0093667419773123
1636513424.27622 32.9073858505696 -0.408702139483655 -0.0974355429394204 0.9615602392077 0.00109834942934596 0.274502457340187 -0.00700720468949352
1636513424.77825 33.2721435680386 -0.38355502065715 0.764720431639221 0.975955414945897 -0.00155920873375818 0.217909537829194 -0.0049020637463985
1636513425.27674 33.5154920089779 -0.335970971757104 1.65631403492498 0.987154794511362 -0.00207600386404227 0.159727642585396 -0.0028604327119379
1636513425.77701 33.6683274266786 -0.301349273490028 2.58212040925233 0.994879304173081 -0.00298770266137111 0.101016644528765 0.00137160090495261
1636513426.27726 33.6943386975851 -0.264797214970015 3.52544016582623 0.998898146528302 -0.00300677687237224 0.0468189426353716 0.00119948558483137
1636513426.77751 33.6534636748756 -0.227937941199113 4.4542765100669 0.999893380822961 -0.00281782681094712 -0.0132198317398111 0.00552475223544692
1636513427.27777 33.468999332582 -0.18778562346822 5.34296233895901 0.996046976114287 -0.00230809822484995 -0.0879990624689353 0.0118852455068638
1636513427.77803 33.0771675012938 -0.161336124016472 6.11182370109578 0.984006765438758 -0.00281860595856588 -0.177592384108942 0.0135530859108187
1636513428.27828 32.5591903107165 -0.138090251115748 6.78697432785895 0.962275999378577 -0.00502293662949915 -0.271595951153419 0.0153398319628067
1636513428.77855 31.9318637089208 -0.116756586017414 7.32273116861636 0.931112319751789 -0.00823375060069453 -0.364145187507602 0.018982512282141
1636513429.27915 31.2248371256037 -0.0953155390265719 7.71619053264401 0.891779774446554 -0.00971502466677057 -0.451887278379514 0.0207927829434334
1636513429.77906 30.4316937969146 -0.0719090234903138 7.97348742415385 0.844477272001859 -0.0114188412216789 -0.535023858542786 0.0218453182041429
1636513430.27931 29.5792992766282 -0.0592419995222406 8.11739189183668 0.797857759766045 -0.0137937431692928 -0.602203404316367 0.0241616982073841
1636513430.77956 28.6844821190478 -0.0394725868574545 8.1308848000668 0.748126200539231 -0.0148300302401343 -0.662991929728007 0.0229991170557635
1636513431.27984 27.7736205594639 -0.0200423286656629 8.02737486942238 0.697608390578926 -0.0152276236149271 -0.715932443080914 0.0234816911042868
1636513431.78008 26.8499079492605 -0.0169523508545873 7.8271785769535 0.649480329446272 -0.0157073867707182 -0.759762733060374 0.0262520306991391
1636513432.28034 25.9619397856582 -0.00815245632579477 7.53212360603131 0.602357760092092 -0.0162084371304315 -0.797427776463826 0.031801835585159
1636513432.88065 24.9563990901002 -0.0122998413676979 6.98988897596046 0.543717510963037 -0.0114051412650547 -0.83864429895217 0.0302808662344145
1636513433.3809 24.163066209683 -0.0204887198045298 6.4792907738931 0.497347020356907 -0.0114678833806544 -0.866861072775428 0.0326543947962204
1636513433.88116 23.4170777699564 -0.0362065434916873 5.90004081119607 0.459808765745226 -0.00935011507558241 -0.887314158390135 0.0340889808051185
1636513434.48148 22.5475033325621 -0.0655449019018998 5.15475614734802 0.425278963132277 -0.00989625572346726 -0.904252570954244 0.0369750667670835
1636513434.98173 21.8314766178683 -0.0888538929818316 4.49554192906414 0.402918375480356 -0.0112866269832337 -0.914431092447909 0.036676585393627
1636513435.58311 21.0004675541879 -0.123441275356023 3.6562027027559 0.379304288042457 -0.0129642501094997 -0.924535445802068 0.034560016598289
1636513436.18235 20.1879589183538 -0.148333577692684 2.77087693472492 0.360371021810309 -0.0142906230849156 -0.932127375417005 0.0326658955096171
1636513436.6826 19.5438926593722 -0.166984066958816 2.0052725426121 0.347189308190271 -0.0140655901212996 -0.937175565062551 0.0310435774773068
1636513437.28291 18.7771589964367 -0.188333818748318 1.05664789134054 0.335858194220315 -0.0135179759331591 -0.941345788448884 0.029742970115463
1636513437.88324 18.0037452128252 -0.203722415801713 0.112485198276848 0.328642410698229 -0.0129188715365 -0.943782588242416 0.0331917878265967
1636513438.38484 17.3696041331845 -0.22265352217956 -0.664211231093461 0.329329136635332 -0.0123777140586946 -0.943488504031906 0.0349078031010808
1636513438.98379 16.5624300644058 -0.252756967218542 -1.59908005495898 0.3400303247702 -0.0129992194644761 -0.939728787053471 0.0334694683704147
1636513439.48404 15.8648065978421 -0.279090043093434 -2.33475528996929 0.357230084691185 -0.0128641699452486 -0.933367450669348 0.032347824565978
1636513439.98429 15.132174740938 -0.291795598281838 -3.04009562627487 0.38071435301002 -0.0111485496649304 -0.924060401602913 0.0323212846587847
1636513440.48456 14.3443671259109 -0.296932526282136 -3.67903381210352 0.409568593429057 -0.0117703675337459 -0.911639689021143 0.0320640472507433
1636513441.08486 13.3477557680035 -0.317270181388856 -4.35429167515296 0.451088481728902 -0.0110360697018664 -0.891859949658231 0.0313562914367551
1636513441.58511 12.474575825713 -0.326498188063349 -4.84000874030683 0.488043984942161 -0.00939849017589032 -0.872236408163489 0.030469417753623
1636513442.08538 11.5799945842418 -0.334788956825087 -5.22431795862845 0.526750427784785 -0.00869456957687191 -0.849429272670868 0.0304680491377283
1636513442.58563 10.637832234289 -0.342080682088758 -5.52693882836044 0.564858225141802 -0.00911491076233941 -0.824612910671923 0.0294219551462447
1636513443.08603 9.67452664316206 -0.342561650505612 -5.72370633235531 0.602520914952781 -0.0117047381468447 -0.797452460651225 0.0300186467164092
1636513443.58616 8.68944882481827 -0.34539463136757 -5.85474598476582 0.639254415103514 -0.0132877865493508 -0.768391234430517 0.027425140831523
1636513444.08641 7.69520373562103 -0.325502536811108 -5.88533789618953 0.678329696572233 -0.0131033681147301 -0.734216724348501 0.0249584891215176
1636513444.58667 6.68824157891851 -0.294958348715048 -5.80727314695017 0.715457299654432 -0.0134442514963744 -0.698327204228604 0.0167098865092464
1636513445.08731 5.70161394927594 -0.2696880064529 -5.61450398282462 0.74771750803921 -0.0124544638889276 -0.663626420464685 0.0190627532665909
1636513445.58718 4.74458198952665 -0.246618502977378 -5.34735412565067 0.778291117042955 -0.00923865466111541 -0.627507805116163 0.0202864218229202
1636513446.08796 3.82306924857431 -0.217153725454223 -4.97539769649589 0.810372323745048 -0.00588177530514929 -0.585491258288222 0.0214962344466719
1636513446.5877 2.95049342888064 -0.202867579148084 -4.49616130683166 0.843640554804684 -0.00488666770964482 -0.536590132362481 0.0178259535160232
1636513447.08795 2.1981145864301 -0.158195737990828 -3.90710251944366 0.877986472103327 -0.00574354468561523 -0.4784455006238 0.0140238878646071
1636513447.88837 1.25389128440355 -0.126569494472154 -2.79531010405032 0.931603263118953 -0.00459184693722201 -0.363331289134245 0.00920051215266733
1636513448.78883 0.650812953662064 -0.0510027978708407 -1.34661811481194 0.974315342489046 -0.00357359297209471 -0.225072405622458 0.00626538514713376
1636513449.68929 0.352880384480313 -0.0102015594503281 0.238257441246986 0.993660325320747 -0.00313220410132848 -0.112368129652493 0.00165849912106411
1636513450.6898 0.309370170623898 0.0768265395084953 2.10819203077761 0.999556568498437 -0.00245741270765372 -0.0295669064879481 0.00253486393064256
1636513451.29011 0.290553911623672 0.12922656828741 3.29241708021639 0.999830689067523 -0.00369363067377595 -0.0177759071305948 0.00299456455791142
1636513451.89042 0.276802165705723 0.174264599119981 4.4692665376443 0.999958199475992 -0.00170989110041255 -0.00884432920160315 0.00156633780835513
1636513452.39068 0.293302323858911 0.214443403127924 5.45378040688125 0.999986690991616 -0.00164358930617608 -0.00347471096195682 0.00344134240681289
1636513452.991 0.307558517023276 0.252321352981354 6.62399072512422 0.999980962036972 -0.00287537661609882 -0.00276037098818805 0.00471042725617226
1636513453.49125 0.302022696715662 0.283034196899934 7.58577957867103 0.999990571366695 -0.000159610178309166 -0.00351384110856789 0.00254649228652068
1636513454.09156 0.306523824343471 0.327531230003036 8.67140571961352 0.999987621185893 -0.000254714064393219 -0.0040121614112202 0.00293174973943928
1636513454.59181 0.317013956530299 0.351335703366617 9.41490843643388 0.999983738003108 -0.000696768700811293 -0.00479438071717646 0.00300868015039303
1636513455.09206 0.319399261623636 0.360519138862995 9.90837196118079 0.99997663539105 -0.00285401198288942 -0.00496894736187188 0.00372731132482317
1636513455.59233 0.316611222317027 0.370748530028777 10.0728520505977 0.999973470465087 -0.00367213208119234 -0.00524563184116914 0.00347234194371119
1636513456.19264 0.317410444627206 0.370347277898171 10.0608259893686 0.999979449192783 -0.00190301319867855 -0.0052869909998332 0.0030866582303869
1636513456.69291 0.313103259200595 0.367777100482555 10.0597144254725 0.999978834987088 -0.00209226627143564 -0.00533971153340048 0.003072373749224
1636513457.29361 0.313786681547487 0.369632866679805 10.0622733028799 0.999978100828558 -0.00225484293642485 -0.00536112319271873 0.00315783228719005
