1636513397.76224 0 0 0 1 0 0 0
1636513398.2625 -0.0209374762881027 -0.000278215303549672 0.205711175892795 0.999999175923615 -0.00073121132163768 -0.000412363043298438 -0.000971307785226118
1636513398.76276 -0.0187377712696584 0.0183990371032385 0.577992837912217 0.99999836901804 -0.000970765032104497 0.000360219716565318 -0.00147980345606647
1636513399.26301 0.0204348166335815 0.0377175871297939 1.10912184853812 0.999988934738273 -0.000319748706041048 0.00462811971299604 0.000780172865854782
1636513399.76328 0.0463694856265637 0.05794876887189 1.774389551332 0.999921209914212 -0.000853549528314863 0.01252376238398 -2.8154061435685e-05
1636513400.26353 0.121333356914806 0.0906638566354509 2.55816490706338 0.999606480024524 -0.00150214294072141 0.0280112065983397 3.10559387426739e-05
1636513400.76397 0.219211832738283 0.119897084701519 3.41589500704111 0.998759437022058 -0.00188447481075815 0.0497362741511928 -0.00152929644829647
1636513401.26422 0.405046234474122 0.162210237093877 4.30934639685578 0.99674572487189 -0.000823917803042126 0.0805506359841489 -0.00297928709817557
1636513401.76448 0.680895038333081 0.197013319384603 5.2230362021222 0.992943239481935 -0.000307068612191026 0.118542199831698 -0.00337279336001765
1636513402.26473 1.01501058275588 0.224575052620467 6.12310618689164 0.98736978564759 -0.00130884683948812 0.158328290146647 -0.00559873641306667
1636513402.765 1.43370007402411 0.255291712762717 6.96882942513647 0.978630620041661 -0.000330763585161969 0.205481551340701 -0.00770273788626023
1636513403.26525 1.96375177581209 0.28003831294059 7.72552871880136 0.964564957139375 -3.00123540221491e-05 0.263716227580477 -0.00825795790108903
1636513403.7655 2.57551080334354 0.304997925236949 8.39484131333061 0.944336102859624 -0.000637050044179332 0.328738780853984 -0.012638550778248
1636513404.26576 3.30053904496731 0.317693912167757 8.93573485964151 0.917776105573437 -0.000525659145210022 0.396888981423145 -0.0128794466425022
1636513404.76604 4.0713600847821 0.332211805101491 9.37651138542613 0.886970135735567 0.000827117015569452 0.461570146491053 -0.0153718593182496
1636513405.26628 4.88931816516466 0.346723448089577 9.68831122607227 0.851440297142597 0.00209486781157841 0.524154728439765 -0.0175172082482913
1636513405.76654 5.74821021167221 0.351189610919027 9.89043142701335 0.811533443592624 0.00313930486163866 0.583933235204339 -0.0206298695943018
1636513406.2668 6.61972177504546 0.348066246037333 9.98171207271368 0.769370616155895 0.00314384346505381 0.638346083932545 -0.0239426057928231
1636513406.76705 7.4980957051482 0.343788147973457 9.94324703415998 0.725785675374796 0.00510797414116692 0.687403711295064 -0.0261763198080938
1636513407.2673 8.35303208634924 0.326334660295584 9.82104777945775 0.679610408203994 0.00522842908686876 0.732964805074208 -0.0294100512174432
1636513407.76757 9.18603712694058 0.313158385764832 9.56785839159996 0.628250497943784 0.00532237470616779 0.777383631619987 -0.0307843052576464
1636513408.26782 9.98579960197999 0.28900253238089 9.1980053932672 0.574065247782974 0.00584374899895461 0.818197633993405 -0.0311058453205255
1636513408.76869 10.72815997656 0.260369492699377 8.71820829382482 0.520069635311745 0.00556012708529888 0.853528197014512 -0.0314050364537258
1636513409.26833 11.4372953065405 0.240706040403323 8.15401470013532 0.466744366692836 0.00546678519676078 0.883810257557907 -0.0316107427236626
1636513409.76863 12.0959087512305 0.205903182573569 7.50118212730785 0.417339075236831 0.0052373472013539 0.908168691866014 -0.0320981866953936
1636513410.26885 12.694321273867 0.178888376014328 6.79002659550292 0.37504886951778 0.00695175592892047 0.926407061819853 -0.0325572476300865
1636513410.76911 13.2842324738475 0.155466862073798 6.03066855251919 0.341205877802074 0.00623651070220247 0.939383244436999 -0.0331477745647436
1636513411.26936 13.8598697776613 0.117339942423265 5.22610413942841 0.317920075967952 0.0052440180520551 0.947544487047198 -0.0325387559329653
1636513411.76963 14.3966595467548 0.0879010469337787 4.40937266548402 0.302240748668928 0.00696191792549634 0.952634296071081 -0.0330145345567591
1636513412.26987 14.9458168066384 0.0533678334359962 3.55911379738222 0.294981689170997 0.00791475192459986 0.954943419009452 -0.0317210694387029
1636513412.77014 15.5213738485581 0.0179798296327638 2.71952820074083 0.296024391262829 0.00648862459000814 0.954636578077755 -0.0315667756414066
1636513413.27039 16.0810304022738 -0.0163063455909249 1.8936997903357 0.303008170389799 0.00793833916607575 0.952435334601187 -0.0314637068927814
1636513413.77065 16.677521306682 -0.0425957563345437 1.08414565372495 0.315122739702858 0.00791917981762745 0.948505037868633 -0.031195170315359
1636513414.27091 17.3095624409658 -0.0772087470179833 0.320924520160081 0.330884982921719 0.00484361638660268 0.943076599037963 -0.0331390374661351
1636513414.77117 17.9473785922362 -0.112863407999172 -0.441119775843607 0.347774034361854 0.00686448541119436 0.936988769910951 -0.0325291396210124
1636513415.27142 18.6223552811642 -0.135241322390435 -1.15343525295957 0.368055715714808 0.008619761522442 0.929176570769463 -0.0330392217532255
1636513415.77168 19.3367986999957 -0.183195911967555 -1.81168880533646 0.392026073315911 0.00749759023667871 0.919336551522187 -0.032858012971623
1636513416.27194 20.0925472789236 -0.206617934933887 -2.43906462551411 0.42145425740964 0.0067102213075125 0.906235627746678 -0.0326843822624498
1636513416.7722 20.8877571382676 -0.240119722877232 -3.00038169417606 0.455901164905542 0.00812515842350537 0.889462915163692 -0.0307218519440118
1636513417.27245 21.7229781520296 -0.26855291870142 -3.46421994260549 0.490217464726464 0.00735458032707197 0.871046226459872 -0.0301864008352779
1636513417.77289 22.5958291598445 -0.287288424691733 -3.86703336820096 0.524825021383716 0.0080879878054178 0.850632788913522 -0.0302843162056787
1636513418.27314 23.5089283310313 -0.306310575027481 -4.19864051697257 0.559973413966635 0.00724280029956294 0.827975104730816 -0.0288884655246214
1636513418.77339 24.4342460796186 -0.330236966636832 -4.45944524952838 0.59355391129757 0.00768624104317368 0.804302392823304 -0.0270617253827301
1636513419.27364 25.3877251394333 -0.349797557892838 -4.62694832852166 0.633910259134694 0.00692368167948537 0.772939428158349 -0.0259708758810871
1636513419.7739 26.3490361690135 -0.360053267766637 -4.65353037158152 0.679436457636225 0.00665423171828878 0.733357444319145 -0.0225539374981371
1636513420.27415 27.2811653397253 -0.361425497579357 -4.54728093698922 0.723675136150365 0.00539143681843656 0.689788950087457 -0.0213643175418273
1636513420.77444 28.1838510486253 -0.359409811380333 -4.32119534013344 0.767030631164167 0.00475443152752544 0.641307913248968 -0.0191197970962826
1636513421.27468 29.0462849356866 -0.350510519165838 -3.98959706834385 0.807908892525775 0.00567490704864625 0.589054734153905 -0.0162953054171275
1636513421.7755 29.844546964588 -0.333988831042199 -3.52597730799068 0.844652623687271 0.00297504151462685 0.535071700139098 -0.0158546566172274
1636513422.27519 30.6068973947015 -0.316864797871305 -2.98517342502601 0.874076324084144 0.000222864843594599 0.485593977188454 -0.0137484299144339
1636513422.77553 31.297513047351 -0.294301974635895 -2.37259511970048 0.89979649475118 0.000772383969983281 0.436087290966917 -0.0139120851646688
1636513423.2757 31.9205430805731 -0.274452329917588 -1.68897625768453 0.92302937893578 0.00163839208806226 0.384532083113894 -0.0122130401163247
1636513423.77596 32.4706170974627 -0.240732665098963 -0.933935669813402 0.943672437719734 0.00204335829775522 0.330736848685387 -0.00955467930494034
1636513424.27622 32.9094851545853 -0.214923609220488 -0.105825051028982 0.9615602392077 -0.000520364784193928 0.274500072184117 -0.0071656099696097
1636513424.77825 33.2753548065863 -0.186733409494957 0.766304239892213 0.975955414945897 -0.00284487842542506 0.217893618876513 -0.00503046294327123
1636513425.27674 33.5184544387957 -0.136825005456579 1.66773101854976 0.987154794511362 -0.00301918412336906 0.159710866323611 -0.00295556739428305
1636513425.77701 33.670277750344 -0.100030558761228 2.60335336617015 0.994879304173081 -0.00358764763161417 0.100997939803226 0.00130960607101915
1636513426.27726 33.6935971772871 -0.0627894944258483 3.55542588327141 0.998898146528302 -0.00328542515894556 0.0468009863390585 0.001168983121736
1636513426.77751 33.6494903631374 -0.0249574804790008 4.4935902253988 0.999893380822961 -0.00274549502585878 -0.0132331175953611 0.00552936182563722
1636513427.27777 33.4599199529502 0.0155449500059479 5.39329581389846 0.996046976114287 -0.00179968497600169 -0.0880043457345806 0.0119338861818403
1636513427.77803 33.0593103675805 0.0403177819179337 6.17434103264574 0.984006765438758 -0.00178118951808555 -0.177598145720737 0.0136532622918672
1636513428.27828 32.5297420651293 0.0612061168157692 6.86085888024493 0.962275999378577 -0.00343048670780637 -0.271612081145781 0.0154922611831491
1636513428.77855 31.8889441452116 0.0797963663065698 7.40593529510728 0.931112319751789 -0.00609689571681295 -0.364176608338692 0.0191852497504653
1636513429.27915 31.1670333044421 0.097486156376841 7.8055446532449 0.891779774446554 -0.00706027286575829 -0.451924880632702 0.0210449210079783
1636513429.77906 30.3580695788998 0.116451991592751 8.06600949848165 0.84447727200186 -0.0082726460846928 -0.535069478158957 0.0221439369073306
1636513430.27931 29.4919655178621 0.124493748424857 8.21031133414312 0.797857759766045 -0.0102520165606 -0.602260573824102 0.0244967866180916
1636513430.77956 28.5837932096779 0.138770923486481 8.22157215468946 0.748126200539231 -0.0109268559910134 -0.663054830884679 0.0233684215422334
1636513431.27984 27.6611559987669 0.152616377890371 8.11417567544322 0.697608390578926 -0.0110113105197433 -0.715996484528692 0.0238813437032611
1636513431.78008 26.7278393081483 0.150171278357105 7.90927818005347 0.649480329446272 -0.0112344117932219 -0.759827247717977 0.0266766429549752
1636513432.28034 25.8318169642642 0.153734748449356 7.60909008760163 0.602357760092092 -0.0115183679537974 -0.797491401595736 0.0322477974036624
1636513432.88065 24.817778916423 0.142108792292059 7.05816574087245 0.543717510963037 -0.00646929769427893 -0.838679606842883 0.0307560323411388
1636513433.3809 24.0187040046515 0.128764864119612 6.54085931406957 0.497347020356907 -0.00636745766306229 -0.866894887701881 0.0331458972025125
1636513433.88116 23.2691818704113 0.107766995792813 5.95555051783818 0.459808765745225 -0.00413011760727699 -0.887334237432138 0.0345946838853681
1636513434.48148 22.3969265451365 0.0728056256310535 5.20468115819789 0.425278963132276 -0.00457904954649165 -0.904273926506014 0.0374900208559927
1636513434.98173 21.6793333843648 0.0449375196037907 4.54135059035486 0.402918375480356 -0.00590876382069615 -0.914460677735783 0.0371959417866253
1636513435.58311 20.8469578099946 0.00500503667566206 3.69726350620753 0.379304288042457 -0.00752417534227174 -0.924576009572552 0.0350834203138596
1636513436.18235 20.033723743743 -0.0251527080916078 2.80788303429719 0.360371021810309 -0.00880347191998515 -0.932176752997246 0.0331922685735592
1636513436.6826 19.3895565379632 -0.0482065399071555 2.03924516826365 0.347189308190271 -0.00854675907982989 -0.937224452570675 0.0315731324260462
1636513437.28291 18.623201850471 -0.0748215370251711 1.08776730558719 0.335858194220315 -0.00797302452837206 -0.941392105049307 0.0302755479846858
1636513437.88324 17.8506963940099 -0.095423286526601 0.142081108606646 0.328642410698229 -0.00736326627999463 -0.943823328754168 0.0337264332467519
1636513438.38484 17.2177396618039 -0.118616320738605 -0.634959858619531 0.329329136635332 -0.0068257381760172 -0.943525056523015 0.0354428663431694
1636513438.98379 16.4123608326069 -0.153893218028535 -1.56915264802885 0.3400303247702 -0.00746793428396706 -0.939769915834016 0.0340016688932885
1636513439.48404 15.716949477569 -0.184720698516707 -2.30299762373631 0.357230084691185 -0.0073693495866019 -0.933408536872518 0.0328764744415105
1636513439.98429 14.9873412380472 -0.202313950456995 -3.00552350582353 0.38071435301002 -0.00570887338947362 -0.924091502280111 0.0328463938731899
1636513440.48456 14.2028180408816 -0.212214811670418 -3.64086437185135 0.409568593429057 -0.00640398824458399 -0.911674842215889 0.0325812566016087
1636513441.08486 13.2115005903596 -0.238736637923078 -4.31112413954168 0.451088481728901 -0.00578611960762274 -0.891891509304675 0.0318628012206865
1636513441.58511 12.3435244224685 -0.253494964794694 -4.7927257445887 0.488043984942161 -0.00426386429725784 -0.872259122189553 0.030966303947031
1636513442.08538 11.4547618094952 -0.267184116748128 -5.17280988958828 0.526750427784785 -0.00369508164724825 -0.849448220637874 0.0309524418312236
1636513442.58563 10.5186118540651 -0.279989134732613 -5.47173195438339 0.564858225141802 -0.00426130170856808 -0.824635390559695 0.029891460885374
1636513443.08603 9.56158821963838 -0.285620133914438 -5.66488130844965 0.602520914952781 -0.00701265380642867 -0.797490424480702 0.0304695354845543
1636513443.58616 8.58302259502205 -0.294082249506712 -5.79332310016411 0.639254415103514 -0.00876501702118678 -0.768440584613321 0.027857407747663
1636513444.08641 7.59636251649189 -0.28010411784844 -5.82178773591003 0.678329696572233 -0.00878037919543758 -0.734267005634275 0.0253710883937129
1636513444.58667 6.59638082720368 -0.255937037131193 -5.74297140956793 0.715457299654432 -0.00932486970038572 -0.698384884099113 0.0171012525309239
1636513445.08731 5.61742359511633 -0.236225449032914 -5.54940123790026 0.74771750803921 -0.00854326750601384 -0.663677497540306 0.0194350202107174
1636513445.58718 4.66821298710398 -0.218879979468623 -5.28253805018654 0.778291117042955 -0.00554284914963314 -0.627539763745382 0.0206411936119051
1636513446.08796 3.75533674320543 -0.194831269425945 -4.91164699878861 0.810372323745048 -0.0024362918621503 -0.585503375057537 0.0218302355976016
1636513446.5877 2.89153494074159 -0.185790219666288 -4.43461692916368 0.843640554804684 -0.00172691449903053 -0.53659932960886 0.0181326092573649
1636513447.08795 2.14859716282274 -0.145415048096222 -3.84886943894559 0.877986472103327 -0.00292410943203911 -0.478462991642953 0.0142958041277508
1636513447.88837 1.22163456819261 -0.119279647699493 -2.74666185271007 0.931603263118953 -0.00244917962203989 -0.363346769106101 0.00940675530964395
1636513448.78883 0.634765049810732 -0.0468251131210688 -1.31359080252596 0.974315342489046 -0.00224688324841739 -0.225085989694199 0.00639235085891584
1636513449.68929 0.345434624617022 -0.00755097892045195 0.255858562195062 0.993660325320747 -0.00246820797000297 -0.112383744349508 0.0017204182246366
1636513450.6898 0.305393107467675 0.0803889920464929 2.11341473239844 0.999556568498437 -0.00228496438107882 -0.0295794861816216 0.00254937377372002
1636513451.29011 0.285706229918023 0.133494342506873 3.29597404327259 0.999830689067523 -0.0035915215556487 -0.0177957565193022 0.00300087013752896
1636513451.89042 0.27066644838896 0.178800246793195 4.471097432829 0.999958199475992 -0.0016591730310276 -0.00885340363492172 0.00156961449462874
1636513452.39068 0.286412493328932 0.219932815943763 5.4547646245826 0.999986690991616 -0.00162673720408645 -0.00348240960412972 0.0034415678193745
1636513452.991 0.29939144271878 0.258828708571262 6.62504583702051 0.999980962036972 -0.00286412271722609 -0.00277465141214259 0.0047088930986266
1636513453.49125 0.292257401753949 0.289585672288273 7.58650923517218 0.999990571366695 -0.000141574283528564 -0.0035132604248009 0.00254835939780127
1636513454.09156 0.295340861688526 0.33479775017442 8.67220579184458 0.999987621185893 -0.000234145457222348 -0.00401191391088872 0.00293380259313168
1636513454.59181 0.304848108373276 0.359125306737151 9.41589496012032 0.999983738003108 -0.000671641768705791 -0.00479669446665432 0.00301070570782505
1636513455.09206 0.30673674384374 0.368827605139197 9.90971428549235 0.99997663539105 -0.00282859775429764 -0.00498362732164587 0.0037270853839176
1636513455.59233 0.303654103192746 0.379136405986782 10.074353649407 0.999973470465087 -0.00364478480144458 -0.00526530117595696 0.00347138492341174
1636513456.19264 0.304410546866205 0.378582911314598 10.0620632960565 0.999979449192783 -0.00187503108002714 -0.00529639864841135 0.00308765475788922
1636513456.69291 0.300114745398845 0.375993914413872 10.0609857786669 0.999978834987088 -0.00206395273565973 -0.00535024785839804 0.00307319456333436
1636513457.29361 0.300796054111423 0.377876770658984 10.0635726666027 0.999978100828558 -0.00222649307548788 -0.00537257333123834 0.00315848819765766
