1636513398.05712 0.0027404315296192 0.144986528061661 0.00194415407505881 0.999999682253522 -0.000233192683746018 -0.000761585786670411 -3.3183071037821e-05
1636513398.45915 0.0134637437115918 0.402640964558268 0.0071078399593629 0.999998109566176 -0.000764633757257123 -0.00178434334357036 -0.000110987038518578
1636513398.86121 0.0356888124175126 0.773406656638494 0.0158657134232744 0.9999974586789 -0.000982559366502661 -0.00155893711639858 -0.00129881788588461
1636513399.26293 0.0754433015141265 1.23243009822094 0.0229055450532071 0.999982962396002 -6.64043747070499e-05 0.000910943838339406 -0.00576547391790471
1636513399.86584 0.145359936907275 2.07997264254728 0.0399202818710883 0.999846069683305 -0.00113331645660409 0.000351413946024372 -0.0175051147067368
1636513400.26773 0.219938829816149 2.72005100133681 0.0543699731757282 0.999511426075437 -0.00100704831208735 0.00147105006041533 -0.0312046632743137
1636513400.6027 0.294833198758008 3.28275947406401 0.066778348763291 0.998932918965522 -0.00114347898028405 -8.40083541541168e-05 -0.0461704321556662
1636513401.00444 0.428534300841659 3.9733513060084 0.0871330376924841 0.997610276461918 0.000115683694663819 0.00221761152726649 -0.069056535635464
1636513401.33946 0.546389103327514 4.56439964152526 0.0985166733312153 0.995786606633173 0.000789021427174632 -0.00199807019108643 -0.0916756194998976
1636513401.67446 0.722184836568852 5.15987751024183 0.109801515433814 0.993039101815446 0.00192833566225147 0.000895997585462295 -0.117765958474738
1636513402.00909 0.926813132420605 5.7537872004985 0.121576221852133 0.989576416142908 0.00222257093537014 0.000362757100584935 -0.143991128891615
1636513402.47815 1.28883318034482 6.55513612967484 0.146039829537384 0.982901189493033 0.00289031079519385 0.00121300984817898 -0.184107105793874
1636513402.88021 1.65479387958001 7.19120383861152 0.156835725904784 0.974283008454846 0.0044293520945111 0.00283273886302668 -0.225266455262941
1636513403.21495 1.97693303711983 7.68725073554447 0.180804442489354 0.96406343917565 0.00626793392721089 0.00276287909245792 -0.265583818686725
1636513403.61695 2.41629648134948 8.23557819678811 0.206475260298909 0.94825838997357 0.00616490663243707 0.00154094233711166 -0.317436049099122
1636513404.01885 2.9137483182328 8.71991739398758 0.22073300155731 0.927958014416041 0.00931103946622216 0.00370788418026511 -0.372549969292716
1636513404.48766 3.55812611012454 9.21461217102697 0.258636772116759 0.900419244572793 0.0108851137958813 0.00491822485182195 -0.434859183374249
1636513404.95656 4.26063323174923 9.61255053333502 0.288039437443862 0.869250880253957 0.0130744767037217 0.00620004177855613 -0.494159412253363
1636513405.29172 4.78539627802437 9.84031465631047 0.305589799245955 0.8440251571986 0.0151638527923294 0.00497361140601177 -0.536066091796481
1636513405.62646 5.33091014390948 10.0190791480709 0.325147590120027 0.817081970950373 0.0168488200779271 0.00502852313231598 -0.576253315795184
1636513406.09547 6.11659817099696 10.1811558545508 0.350534091546731 0.77762342983922 0.0187865863056416 0.00458716219015386 -0.62843283132178
1636513406.49733 6.8045499545907 10.2355027880451 0.375406248100419 0.742104120371422 0.0206778463430232 0.00419849326045868 -0.669952441485748
1636513406.83226 7.38243241882542 10.2188192771686 0.39528011959431 0.713062799009284 0.0233324499731353 0.00423997481329082 -0.700698982488828
1636513407.16737 7.94639579536555 10.1586534743634 0.419500881518399 0.68153542585012 0.0237935525266456 0.00376945284347131 -0.731388488694427
1636513407.56904 8.61864126746933 10.0205436004385 0.444009798418671 0.64072032644079 0.0244902036920444 0.00429152230920938 -0.767371667476066
1636513407.90401 9.14995407191594 9.84440684292925 0.463343561084244 0.60482248941972 0.0264821833123729 0.00585519153557107 -0.795898339608284
1636513408.3061 9.77302255438371 9.57599716377166 0.492158128618932 0.560891436708652 0.0282621449708347 0.00763257260989601 -0.827371616158003
1636513408.64086 10.2787245212831 9.30109283327984 0.502793947323882 0.525210298673012 0.0284956643221259 0.00848113074069344 -0.850452943850514
1636513409.04298 10.8350849339719 8.8227705083529 0.422769018726195 0.483175030642739 0.029572627441201 0.00813286986454046 -0.87498640326429
1636513409.37785 11.3103012501575 8.44834952810985 0.431827546867808 0.448511707076226 0.030552042593237 0.00965009612476526 -0.893202494932551
1636513409.71274 11.7631906317473 8.05280556969095 0.442272957318579 0.416204661968203 0.0306221565915823 0.00962365449844482 -0.908704213787803
1636513410.18174 12.3538605072229 7.4289282271344 0.452627680191018 0.37656265390836 0.0332899881438854 0.0100407014258101 -0.925738369457457
1636513410.71744 12.9912938134201 6.65824184496958 0.470325862420755 0.340271309846058 0.0331788653711837 0.0102190343219662 -0.939686208223711
1636513411.05246 13.3799749987486 6.13623815928161 0.473257127974471 0.323775689136475 0.0332941792466214 0.0106308864068152 -0.945488119971214
1636513411.52135 13.8958568118402 5.35838105321286 0.494553202614687 0.307361394063029 0.0340608374400648 0.0116996373932345 -0.950911116391737
1636513411.92331 14.3405633735548 4.68470235382844 0.486880737163032 0.297991920480233 0.0337280843270529 0.0115803869453643 -0.953902052778127
1636513412.25805 14.6932345853245 4.11065981326423 0.498398015728221 0.29485717676225 0.0356930850140809 0.0125652758490397 -0.954791790306562
1636513412.6602 15.1335589439076 3.4296079995651 0.507613838674412 0.295542710222405 0.0344018695300509 0.0126439507537856 -0.954626182501072
1636513413.06199 15.5632845203197 2.73180594884674 0.517790802149615 0.300575944483475 0.0363070439029403 0.0127478178960681 -0.952981318442174
1636513413.46397 16.0119436376383 2.05384281207391 0.524834497060244 0.308286259060515 0.035977831134548 0.0125645426119229 -0.950530015523066
1636513413.79875 16.3979344655901 1.50043063588995 0.535261191879637 0.317710597785905 0.0355883266105667 0.0123632874301261 -0.947438966998668
1636513414.13368 16.8029062571345 0.959331314086086 0.542744681750679 0.328301612928997 0.0323887194615919 0.0103583290414952 -0.943960659571852
1636513414.53562 17.2847153396842 0.302909176391471 0.551639498033463 0.341220651259964 0.0345391895809943 0.0105170773411434 -0.939289573359044
1636513414.87058 17.7066437345354 -0.221320622307335 0.563723989556964 0.353965829849176 0.0334051573122193 0.00925492218578062 -0.934615767671113
1636513415.20534 18.1300698394958 -0.726471219291005 0.571255006280073 0.3674511570341 0.0355486323596056 0.00913944284958044 -0.929318251470433
1636513415.54042 18.5824126312079 -1.2155647058437 0.584991568390172 0.382864436521346 0.0352537201331016 0.0090643699701704 -0.923087122465162
1636513416.14325 19.4486274581793 -2.0447871613129 0.611359670353214 0.416014948118714 0.0325035900911134 0.0079036301070001 -0.908742324426515
1636513416.54528 20.0392081187942 -2.55939967107785 0.634073344669261 0.442821565088127 0.033485044965011 0.00904000651916853 -0.895938665053991
1636513416.94717 20.6651972619852 -3.0422850184817 0.657910879686315 0.470956840343671 0.0325083520838596 0.00906988644791059 -0.881510407617585
1636513417.2821 21.2152431133795 -3.41552097445879 0.675773617317625 0.493944615624872 0.032163366141408 0.00901589301121399 -0.868851511045967
1636513417.68404 21.9049445158527 -3.8172222471379 0.697234864823044 0.52197600499968 0.0321715346139805 0.00741516578498969 -0.852320982894083
1636513418.08585 22.6058721882166 -4.17177910581846 0.724253068774651 0.549866458881455 0.0310782315343497 0.00849064961957373 -0.834631014155898
1636513418.48969 23.3226158718125 -4.48516996968408 0.740035185170903 0.577589984130809 0.031424502893555 0.00808096147232759 -0.815681928763502
1636513418.88966 24.0415218409667 -4.72617959179654 0.776562152868587 0.605977430414768 0.0300600709666315 0.00809522377852445 -0.794872450971457
1636513419.29154 24.7709432209713 -4.90152414956276 0.806515193633599 0.640167013202949 0.028997267120381 0.00892724520333658 -0.767636410027198
1636513419.62668 25.3882504520787 -5.00824891047323 0.832677080928278 0.670737243713913 0.0282394941764131 0.0102917389627766 -0.741085798658188
1636513420.09555 26.2574566854284 -5.05643690126554 0.875419834981755 0.712037478182935 0.0255886830542899 0.010053329380609 -0.701603007070807
1636513420.56437 27.1177745394939 -5.00737774214046 0.911444222286661 0.753097128845195 0.0240364632661108 0.0105688548080458 -0.657385170403796
1636513420.89927 27.7263557515827 -4.91543037115551 0.9329210850457 0.781382788199163 0.0242663556456353 0.0103181870274382 -0.623494681056903
1636513421.2341 28.3243813213969 -4.7613061762882 0.943558396724519 0.808431876540339 0.0222232458553202 0.00964413847287828 -0.588090995450734
1636513421.77001 29.24947378864 -4.40654819108216 0.980713815100423 0.846913135206501 0.0177020701224828 0.00712308471812388 -0.531388784029331
1636513422.3062 30.1295559342391 -3.95040023347872 1.0266269800465 0.877650454016135 0.0141026786405571 0.00775635865321497 -0.479030932112819
1636513422.70791 30.7286651033374 -3.53429156326252 1.06134347050321 0.898315092258817 0.0129575655279426 0.00454629290917322 -0.439137140010277
1636513423.17684 31.3849066182923 -3.00186874050404 1.08576155883786 0.920325107573112 0.0128116783410226 0.00378111354174416 -0.390926157284226
1636513423.57859 31.9069676243812 -2.47472694011223 1.10610104506333 0.937289685476549 0.0118408191621187 0.00377724815222639 -0.348329689945083
1636513423.91369 32.3012334346933 -2.00043806812074 1.12475745391554 0.95030472419726 0.0102283501463703 0.00408482987234138 -0.31112638298056
1636513424.24863 32.6565231773197 -1.49600545556227 1.15088386316186 0.961727157905064 0.00620581373871892 0.00322968697977392 -0.273919569847976
1636513424.58355 32.9646957899104 -0.970958763522232 1.17661620096502 0.971613384400762 0.00322242494855037 0.00274466516492361 -0.236536496219676
1636513425.11956 33.3692611892678 -0.085855080513602 1.20014306753655 0.9846283618429 0.000396348657587631 0.00236465152554253 -0.174646043142898
1636513425.52145 33.6086540555125 0.614322100642319 1.21214548180743 0.991826906844036 -0.00140988834288808 0.00208248068154485 -0.12756591374369
1636513425.85612 33.7677006691444 1.21646239406671 1.22549725831758 0.995973473795834 -0.00329416276816678 0.00211128633678249 -0.0895629971401095
1636513426.25831 33.884527200596 1.94275298183078 1.23262494518982 0.998920919694672 -0.00327929261571741 0.00136293362217175 -0.0463075031526415
1636513426.72699 33.9214829534351 2.77663715796347 1.23838354416522 0.999929835237633 -0.00481651493406023 0.0028483298152586 0.0104409196335199
1636513427.06198 33.8808144244376 3.35694973984642 1.24271385583523 0.998248332209512 -0.00531193814449382 0.00428225136438779 0.05876829823408
1636513427.46387 33.7434566446806 4.01290443554389 1.24210126329381 0.991801975058404 -0.00751123640250439 0.00441395616218204 0.127487021256886
1636513427.79875 33.5695472993349 4.54546591755668 1.22939298240211 0.982039911672279 -0.00914305179093774 0.00304941305391964 0.188426955520375
1636513428.26774 33.2273151093702 5.21185438833905 1.22872562155528 0.96082729671904 -0.0135185284156362 0.00135610772751913 0.276814588200998
1636513428.60258 32.9228118878559 5.64359481829596 1.22563426443012 0.940721237707649 -0.0168792717160227 0.000976706116913315 0.338759042915886
1636513429.07165 32.4031234266647 6.17692299686849 1.21701810356938 0.906588197289044 -0.0212299749040493 -0.000244080972543805 0.421481991461384
1636513429.40671 31.9633955780681 6.49089924456049 1.19788776579617 0.877543195467111 -0.0236826900265612 -0.00234653082296567 0.478906633985764
1636513429.74145 31.4933568129679 6.76477281238393 1.18293859088877 0.84599088418731 -0.0253511621292801 -0.00360022019839824 0.5325821822641
1636513430.07636 30.9804293045536 6.990549649029 1.16121133553199 0.815609651213537 -0.0269567438497996 -0.00496140056423337 0.577952952508066
1636513430.41143 30.434139151159 7.16455858433053 1.14537801544585 0.784346144844365 -0.0313844469409306 -0.00530555834837927 0.61950624904726
1636513430.74616 29.8622291014513 7.26642961400643 1.11764133199697 0.75095774878381 -0.0310253240325989 -0.00945536942580841 0.659553246371547
1636513431.08162 29.2749291219398 7.32719218131042 1.09341719500405 0.717610907066714 -0.0331942421297477 -0.00991355566111732 0.695582094193399
1636513431.41594 28.6613058997247 7.3252407174024 1.06125196768831 0.68491910223461 -0.0320032635357505 -0.0113463283923223 0.72782750384223
1636513432.01874 27.5421370594983 7.21323535842947 1.00677063824303 0.628888805917512 -0.0340863613339992 -0.00812111184065792 0.77670524480341
1636513432.35388 26.9449216737702 7.08053672629574 0.966897609999267 0.596807092139942 -0.0338339020040689 -0.0057481327622232 0.80165049792063
1636513432.68898 26.3398483193277 6.88592656279942 0.928051438582858 0.564300110347089 -0.0303344572082811 -0.00869793251453114 0.824966394550781
1636513433.0237 25.7392406193266 6.65999543078652 0.905411343505202 0.532984492980112 -0.030678365476056 -0.00949178372699407 0.845515389674328
1636513433.42558 25.0570807139489 6.36505949628952 0.879478614696998 0.497419977189722 -0.0306793828688844 -0.0083073727667232 0.866927407178407
1636513433.76058 24.5117638618183 6.08251349371035 0.881622310487234 0.472728649619409 -0.0293601471845517 -0.00864221242092918 0.88067639786177
1636513434.29645 23.6443224934456 5.56053040377295 0.854038826567336 0.440385312654137 -0.029367241108435 -0.00691695076763103 0.897301787215581
1636513434.69851 23.0085136767117 5.10863757956915 0.827959177326923 0.421497508770785 -0.030358768628251 -0.00704108073881049 0.906293891874721
1636513435.16767 22.2848586197487 4.5259791183106 0.812991778230402 0.400905979317162 -0.0324038005966772 -0.00952907128693598 0.915496360590825
1636513435.50208 21.7808376397944 4.09484726236581 0.791748483168885 0.388683805967416 -0.033103876400664 -0.0103358443874688 0.920718307989329
1636513435.90416 21.186392078365 3.54977442351123 0.773926078315773 0.375244205744945 -0.033060753839887 -0.0121889646683819 0.926256013071276
1636513436.30609 20.5996219966575 2.97920044622508 0.748888311860836 0.363600498229861 -0.0345547298514342 -0.0137917581641345 0.93081170799396
1636513436.64108 20.1158267847407 2.49357108211344 0.729024702810524 0.354987143483803 -0.0347502821893765 -0.0144710240552851 0.934113020630673
1636513436.97583 19.6379714621356 1.99820240734768 0.702769653729503 0.348224047816182 -0.0343246337777646 -0.0158745571426208 0.936648189276028
1636513437.31092 19.1652536535489 1.49451858210168 0.690016087991649 0.342651857606485 -0.0352940817546704 -0.0152692793963687 0.938675066984649
1636513437.7129 18.6110061576809 0.889087911398186 0.657567705606311 0.337263734034892 -0.0339896326973471 -0.0131945679260309 0.940703875803213
1636513438.0477 18.1523449354037 0.387896948842029 0.633034606241374 0.335610930557067 -0.0328011733496065 -0.012129106478267 0.94135130057463
1636513438.4495 17.5941867941103 -0.204285440984596 0.597645679488713 0.337979748546112 -0.0327154255346814 -0.0108463400684479 0.940522061097937
1636513438.85144 17.023269739818 -0.802617268137835 0.585178957486169 0.345099217905914 -0.0334176813622943 -0.0126794931681331 0.937885397490596
1636513439.32071 16.3513627736314 -1.48665985155051 0.562595864444196 0.360461426707897 -0.0330215147149256 -0.0141084065932528 0.93208266386895
1636513439.65528 15.8567047357008 -1.9443937000099 0.539475103297388 0.374198001959496 -0.0328786573153949 -0.0133533426790649 0.926669594549186
1636513440.05722 15.2523483906147 -2.46378783179845 0.515707522684986 0.394398273282358 -0.0315956923714748 -0.0132446265721551 0.9183007645224
1636513440.39216 14.7190101249901 -2.88384704753965 0.489878325717088 0.414035007308233 -0.0314903028892777 -0.0130988763196207 0.909621785681486
1636513440.72707 14.1665010737151 -3.28081854211871 0.47338488665302 0.435615941676651 -0.0305180840145693 -0.0140506448544904 0.899505407034564
1636513441.12893 13.4813233506624 -3.71501312739006 0.440010611007161 0.464400247935903 -0.0299901339807947 -0.0131812646068784 0.88501935337271
1636513441.59771 12.665680783316 -4.14593329480642 0.410670987026371 0.499136464493426 -0.0276898364804663 -0.0131666088423056 0.865980775294857
1636513441.99991 11.9498083897342 -4.45700371706912 0.381059117730197 0.530210807935925 -0.0269162020299697 -0.0120002365830214 0.847353533973965
1636513442.46874 11.0661163033489 -4.76824151618457 0.345078763962458 0.565920569399029 -0.0268417400773919 -0.0116960453541696 0.823939702067918
1636513442.87053 10.2943880592428 -4.95774681448912 0.319611005689062 0.595848103517948 -0.0283302237347309 -0.0105038755665648 0.802528569307839
1636513443.27258 9.5214246791714 -5.09969406686865 0.287886924992761 0.625426710137278 -0.0288462111247659 -0.0110848703423195 0.779670733066274
1636513443.60761 8.86405740950813 -5.16471528567753 0.271210167882901 0.650187687578875 -0.0303116049956182 -0.0106836833020043 0.759093562371943
1636513444.00925 8.07710796325451 -5.20185732068099 0.243604234068527 0.681575650492332 -0.029032268871033 -0.0120701698848462 0.731071864469633
1636513444.34434 7.40855288572961 -5.19675946789258 0.208169732978634 0.706840457190474 -0.028795055163792 -0.0177134550466004 0.706564679549713
1636513444.67936 6.73466446410847 -5.13906586922922 0.204484608337966 0.730154395290996 -0.0293202956513293 -0.015610795799287 0.682474308933803
1636513445.08103 5.9454568343609 -5.00763687289111 0.171519895444865 0.75549032553929 -0.026462123779631 -0.0146822943546951 0.654460506259997
1636513445.41626 5.30756611422524 -4.84547492074638 0.144179630924425 0.775987357843294 -0.0239964388166779 -0.0119823745132361 0.630177922568322
1636513446.08603 4.0850033605618 -4.38499815817057 0.0888335939286375 0.818580033295586 -0.0189456128164499 -0.0083694138524463 0.574018941984123
1636513446.42075 3.50629482588041 -4.11284151946686 0.0686802579582239 0.840373597879892 -0.0157530317091123 -0.0108613868954423 0.541669722481407
1636513446.82293 2.88080517445438 -3.69786734995571 0.0660202599801431 0.86780206662198 -0.0183152649245211 -0.00830731841608253 0.496502882869877
1636513447.15774 2.39528496418884 -3.33637994156771 0.0620866950921005 0.889793696026253 -0.0162468023489713 -0.0132457122661459 0.455881312439912
1636513447.49256 1.98707264405747 -2.92477888950865 0.0629268578760343 0.912548011303871 -0.0142799387032961 -0.0112114247856571 0.408566413659097
1636513448.02869 1.43266894266042 -2.21162608043731 0.0582395231622901 0.94589754989085 -0.0105274408817707 -0.0123181996594478 0.324060580842715
1636513448.36362 1.15082800157204 -1.72041392590352 0.0493694360451003 0.962711977654873 -0.00771886150561709 -0.0117022272682901 0.270164996129885
1636513448.83239 0.820561460171886 -0.956142742755301 0.0397923548184769 0.978972392741331 -0.0069301356294132 -0.00842863479870392 0.203700725540931
1636513449.23436 0.621247234618483 -0.267485257924455 0.0395511775249193 0.988251771721043 -0.00632233360136075 -0.006243726715086 0.15257614382583
1636513449.56938 0.503893202808826 0.320441497925541 0.0434278964972511 0.993625822802767 -0.00556293959498713 -0.0057296026371154 0.112445318338329
1636513449.90405 0.426300241301301 0.929902098046809 0.0447131760384736 0.996921224055827 -0.00499942993739456 -0.00343907632614929 0.0781744938030016
1636513450.23916 0.39274040832663 1.54554742581101 0.0508639051538267 0.998788534573704 -0.00329841151783376 -0.00130469078917796 0.0490803572472358
1636513450.64094 0.373358732676252 2.30972580193298 0.0491982392764353 0.999675023020634 -0.00280576105887986 0.0010599161664346 0.0253150672781208
1636513451.10976 0.382201709704413 3.21950651967769 0.0661788556645329 0.999844058391875 -0.00422173720319013 0.0030748891160619 0.0168695254934866
1636513451.57895 0.408273568210047 4.12659126514252 0.0771785657303695 0.999950993866171 -0.00209295033639887 0.00279985185583392 0.0092623028741223
1636513451.91373 0.426108421452828 4.77901642898409 0.0782055397692254 0.99998496131622 -0.0017482165399227 0.00108512732440121 0.00508363836416072
1636513452.38253 0.476002590305252 5.69912634444984 0.0903824014930779 0.999993109362867 -0.00119884261816995 0.00346615092784378 0.000574282949712565
1636513452.7176 0.502019829794404 6.35668095620202 0.100217362467045 0.999993765543373 -0.00224267970826574 0.00271473684816792 0.000263563952896782
1636513453.05249 0.537955962161724 7.00677058626923 0.117277230526102 0.999990364235259 -0.00197336304327291 0.00391790413862913 0.000165233451880561
1636513453.38747 0.56113252739389 7.64427685223231 0.120335368343912 0.999996421099384 -5.11461229125404e-05 0.00252045345207314 0.000895816328254119
1636513453.72244 0.59646059978436 8.25873757010735 0.132418488370423 0.999987862075952 -0.00185993446566193 0.00440784187793845 0.00117782618773229
1636513454.05735 0.61253472817127 8.81882300108226 0.138378565993055 0.999993518543229 0.000142589912611561 0.00326510994241044 0.00151049551947123
1636513454.45933 0.641394668927295 9.39944873506782 0.149144199872418 0.999992767863555 -0.000571798548960092 0.00326884964524061 0.00185792599501319
1636513454.79406 0.656791784884514 9.76725751720385 0.157911805719464 0.999991071147657 -0.00204619007261804 0.00309102789970291 0.00202886117628958
1636513455.26293 0.673104147611373 10.0521681024238 0.165341901919399 0.999984149325228 -0.00371377752633295 0.00355967550944175 0.00228859455850331
1636513455.66507 0.671185698015896 10.0796375416683 0.165416834009195 0.99998726737331 -0.00304775541698261 0.00331074021558251 0.00228369818591631
1636513456.13398 0.672156407210354 10.0737712097938 0.164465288159956 0.999990215236297 -0.00216861972747371 0.00306981993041025 0.00233296500954833
1636513456.53576 0.671994701872366 10.0732425662781 0.165168079535432 0.999989456518626 -0.00242527000560679 0.00311375659753943 0.00234721895722949
1636513456.87068 0.669721352688181 10.072880868614 0.166602870558271 0.999988946290751 -0.00266537782839956 0.00313844142215667 0.00227007550202881
1636513457.20551 0.667895378243303 10.0727527761516 0.16766861803153 0.999988812292193 -0.00279218108135204 0.00311071537581515 0.00221415110345492
