1636513398.05712 0.00310034637558623 0.145077446508314 0.00194753770290959 0.999999682253522 -0.000234494699293147 -0.000761142040581125 -3.4174324835711e-05
1636513398.45915 0.0144147897607222 0.402868951448757 0.00720719518794602 0.999998109566177 -0.000767586808936802 -0.00178288867969405 -0.000113940860823426
1636513398.86121 0.0370539111349914 0.77405221051879 0.016265477221295 0.9999974586789 -0.000981659424401027 -0.00155659448302424 -0.00130230339482937
1636513399.26293 0.0764700966768178 1.23418181903674 0.0238014093352838 0.999982962396002 -4.80451019720894e-05 0.000913431364157245 -0.00576526257223195
1636513399.86584 0.145790209760977 2.08395364617436 0.0415024846782061 0.999846069683305 -0.00108200506339777 0.000360683964087809 -0.0175081726907497
1636513400.26773 0.218857397125758 2.72660810220384 0.0565864102594587 0.999511426075437 -0.000914034452482256 0.00148571034223012 -0.0312068317912136
1636513400.6027 0.292294321208431 3.29205779579559 0.0692343864933413 0.998932918965522 -0.00101001148515757 -6.2950184705358e-05 -0.0461735781708218
1636513401.00444 0.422989094484661 3.98704994053504 0.0904039874012811 0.997610276461918 0.000319604372451866 0.00224574639850981 -0.0690549836994686
1636513401.33946 0.538766730778063 4.5824388993933 0.101571542650724 0.995786606633173 0.00105065042704134 -0.00196187952272433 -0.0916737760344228
1636513401.67446 0.711232296805818 5.18313825095345 0.113895516229425 0.993039101815446 0.00227078008621631 0.000940799784641786 -0.11775950373171
1636513402.00909 0.913233508678071 5.78230926305647 0.126380817467523 0.989576416142908 0.00263992825639019 0.000417786114121954 -0.143983932601254
1636513402.47815 1.27135753350628 6.59201123814644 0.152297503585625 0.982901189493033 0.00342532035693661 0.00128327940020701 -0.184097452637495
1636513402.88021 1.63363184203793 7.23715798545612 0.164511991767909 0.974283008454846 0.00508644216527408 0.0029170738892791 -0.225251499933291
1636513403.21495 1.95281668277003 7.74251573392793 0.189402048650135 0.96406343917565 0.0070415614533063 0.00286038614501678 -0.265563400807075
1636513403.61695 2.38942705345622 8.30294184103234 0.216444231781492 0.94825838997357 0.00708634746074033 0.00165992919300812 -0.317416215968045
1636513404.01885 2.88502622686323 8.80125853940219 0.232505942807374 0.927958014416041 0.0103959407622375 0.00384370970293636 -0.372519897176549
1636513404.48766 3.52931899384156 9.31197079352925 0.272775633775138 0.900419244572793 0.012152549894232 0.00507673534526672 -0.434823787633869
1636513404.95656 4.23393230942316 9.72558868576649 0.304693456878737 0.869250880253957 0.0145158674599161 0.00637887043147038 -0.494116895867391
1636513405.29172 4.7618263319103 9.96448749612686 0.323605078430171 0.8440251571986 0.0167242537374752 0.00516580550463219 -0.536017861461996
1636513405.62646 5.31133160672852 10.1539550397368 0.344931606869976 0.817081970950373 0.0185256120313681 0.00523411805724057 -0.576200016014301
1636513406.09547 6.10408860419096 10.3296719143121 0.372777612525569 0.77762342983922 0.0206135610287426 0.00481061749775981 -0.628373885856257
1636513406.49733 6.79930305228569 10.3946089041662 0.399797767718382 0.742104120371422 0.0226242516468852 0.00443551788937593 -0.669888008510549
1636513406.83226 7.38368012897295 10.3855989535969 0.421525704320212 0.713062799009284 0.0253678950005031 0.004484741502733 -0.700626720633708
1636513407.16737 7.95486487747657 10.3326094006729 0.447529459862878 0.68153542585012 0.0259169443018632 0.00402597227326289 -0.731314957358733
1636513407.56904 8.63679986800804 10.2026025288282 0.474422391881105 0.64072032644079 0.0267186843696081 0.00456153295931398 -0.767295749765516
1636513407.90401 9.17696042133911 10.0327045736758 0.495937626647251 0.60482248941972 0.0287960804308777 0.00613324853203005 -0.795815886563215
1636513408.3061 9.8110872712517 9.77047633449003 0.527323282663282 0.560891436708651 0.0306703798120424 0.00792027515407219 -0.82728313972338
1636513408.64086 10.3258654008431 9.4993486319324 0.539847860273258 0.525210298673012 0.0309722533373636 0.00877787856451742 -0.850363340307494
1636513409.04298 10.8932304055199 9.0242208361596 0.461486213085771 0.483175030642739 0.0321195689198499 0.00843771043332345 -0.874893723887899
1636513409.37785 11.3773216489691 8.65170729355872 0.472485141067914 0.448511707076226 0.0331544827698601 0.00996061186148402 -0.893106273127212
1636513409.71274 11.8384264738144 8.25698842149948 0.484354565610393 0.416204661968203 0.0332694090427596 0.00994040567362371 -0.908607733905519
1636513410.18174 12.4392077175374 7.63325168899518 0.496780134500195 0.37656265390836 0.035987287320456 0.0103595399828438 -0.925633924812694
1636513410.71744 13.0852430775141 6.86138741430151 0.516355913879674 0.340271309846059 0.0359168573022833 0.0105438032404005 -0.939581951332827
1636513411.05246 13.4775877268073 6.33832397630198 0.520438125873173 0.323775689136475 0.0360497177496602 0.0109578245714644 -0.945383333391821
1636513411.52135 13.9967180001208 5.55890194309094 0.543370863119809 0.307361394063029 0.0368340291776971 0.0120273904468712 -0.95080364408915
1636513411.92331 14.4429739961631 4.8836850528007 0.536715466743139 0.297991920480233 0.0365097145314089 0.0119099799875235 -0.953795580011794
1636513412.25805 14.7958498787526 4.30863607886928 0.549460397153196 0.29485717676225 0.0384790882689468 0.0128916193858411 -0.95467921901935
1636513412.6602 15.234935737063 3.62616438478718 0.559568479152952 0.295542710222405 0.0371875456755898 0.0129726003157864 -0.954517314940943
1636513413.06199 15.6626323455239 2.9271334099548 0.570866887005599 0.300575944483475 0.0390881395482136 0.0130722889251431 -0.952866902671503
1636513413.46397 16.108377973962 2.24782571003271 0.578796188724893 0.308286259060515 0.0387514979855767 0.0128886128943096 -0.95041663892001
1636513413.79875 16.4911634752647 1.69326158938438 0.589958289432222 0.317710597785905 0.038352680588655 0.0126868052052594 -0.947326814209263
1636513414.13368 16.8924262727264 1.15061137795628 0.597564877470743 0.328301612928997 0.0351393420586311 0.0106863054506965 -0.943858612538827
1636513414.53562 17.3702762116971 0.4927908944648 0.607698704659381 0.341220651259964 0.0372765733307514 0.0108391816641065 -0.939181258530692
1636513414.87058 17.7881526100949 -0.0330101082593031 0.620300853346799 0.353965829849176 0.0361267027293503 0.00957719503723435 -0.934511278682236
1636513415.20534 18.2076910279528 -0.539543584491234 0.628872744990815 0.3674511570341 0.0382546222164567 0.00945559977925357 -0.929207631644398
1636513415.54042 18.655375912979 -1.03032998606195 0.643546871349556 0.382864436521346 0.0379415411706931 0.00937851106582511 -0.922977413716594
1636513416.14325 19.5116918720407 -1.86350775612087 0.671341174322734 0.416014948118714 0.0351477812283316 0.0082169405922729 -0.908641116340116
1636513416.54528 20.0946809756862 -2.38107251438168 0.695658358321916 0.442821565088127 0.0360942652193376 0.00934625378023676 -0.895834199532175
1636513416.94717 20.7126672402396 -2.86774836208924 0.720823910284002 0.470956840343671 0.0350758782571034 0.00937200590471668 -0.881408817066928
1636513417.2821 21.2563303062567 -3.24449981256756 0.739895936949541 0.493944615624872 0.0346941608545942 0.0093134497141766 -0.868750995137395
1636513417.68404 21.9385766752899 -3.65109435432285 0.762546229816191 0.52197600499968 0.0346515493377381 0.00770592361642054 -0.852221179667747
1636513418.08585 22.6319249105786 -4.01084451429916 0.791430125208345 0.549866458881455 0.0335090349173615 0.00877615308984647 -0.834534002370796
1636513418.48969 23.3416295703772 -4.33001339217926 0.808802744186525 0.577589984130809 0.0337997136429619 0.00835804933702644 -0.815584166472538
1636513418.88966 24.0533352164199 -4.57753961353051 0.84704353986694 0.605977430414768 0.0323750942527434 0.00836627695918802 -0.7947787192105
1636513419.29154 24.7744591813761 -4.76111898567746 0.878919438798755 0.64016701320295 0.0312350056225683 0.00918906918720167 -0.767545523495542
1636513419.62668 25.3846605412071 -4.87587665640147 0.906876085066211 0.670737243713913 0.0304029081239983 0.0105440533516355 -0.740996650472581
1636513420.09555 26.2450642934314 -4.93660586906487 0.951728602599194 0.712037478182935 0.0276374130863046 0.0102943083727469 -0.701521796009155
1636513420.56437 27.0976975811908 -4.90147261405453 0.990060267123605 0.753097128845195 0.0259581852789981 0.0107945330902449 -0.657308424712105
1636513420.89927 27.7019169955992 -4.82011564417871 1.01298759125538 0.781382788199163 0.0260895381619865 0.0105295291378199 -0.623417519260353
1636513421.2341 28.2964112585872 -4.67727606354272 1.0251010786647 0.808431876540339 0.02394274514576 0.00984470327798629 -0.58802017632537
1636513421.77001 29.2181399264694 -4.3406808101373 1.06447565852129 0.846913135206501 0.0192528698999723 0.00730868769309541 -0.531332336207306
1636513422.3062 30.0971489958115 -3.90080612462447 1.113356643334 0.877650454016135 0.0155031419548392 0.00792708291584039 -0.478984858331916
1636513422.70791 30.6972838759224 -3.4967300528967 1.14924697339575 0.898315092258817 0.0142366862361456 0.00470274978581718 -0.439095884664725
1636513423.17684 31.3558060059732 -2.97801243117198 1.17548381293427 0.920325107573112 0.013949873484177 0.00391804675311596 -0.390885848183273
1636513423.57859 31.8809033877539 -2.46253883155909 1.19755048213887 0.937289685476549 0.0128557406576355 0.00389847829002108 -0.348292373299269
1636513423.91369 32.2785061837706 -1.99809128500785 1.21773037310165 0.95030472419726 0.0111361816112489 0.00419375030047566 -0.311093762531342
1636513424.24863 32.637894698293 -1.50344674040075 1.24543390221185 0.961727157905064 0.00700442267738224 0.00333072970950628 -0.273899101952537
1636513424.58355 32.9508574677288 -0.987617483883507 1.2726043768931 0.971613384400762 0.003911975263887 0.00283584649560627 -0.236525021250365
1636513425.11956 33.364747517823 -0.116401876765283 1.29804000185565 0.9846283618429 0.000906109130655064 0.00243562039046681 -0.174643166983777
1636513425.52145 33.6123142500248 0.574193011795534 1.31129631911471 0.991826906844036 -0.00103688351124011 0.00213744218431906 -0.127568581843978
1636513425.85612 33.778567345603 1.16917191659352 1.32572567933111 0.995973473795834 -0.00303107265603251 0.00215411010900004 -0.0895712671745269
1636513426.25831 33.9043931911208 1.88836272044089 1.33340490328417 0.998920919694672 -0.00314275713394504 0.00138797261624996 -0.0463162261627976
1636513426.72699 33.9534273461422 2.71390074562534 1.34018197534859 0.999929835237633 -0.00484146836863331 0.00285289430607587 0.010428124460037
1636513427.06198 33.9234771844025 3.28821361871841 1.34496738489432 0.998248332209512 -0.00547411108061317 0.00426788319165552 0.0587544595913195
1636513427.46387 33.8023286071275 3.93712800120891 1.34474113761016 0.991801975058404 -0.00787202328391235 0.00437541877854857 0.127466580836624
1636513427.79875 33.6437910361818 4.46534486618851 1.33198614143579 0.982039911672279 -0.00968269384897389 0.0029888593064101 0.18840096614024
1636513428.26774 33.3247706267923 5.12846022751968 1.33154594715727 0.96082729671904 -0.0143170460283528 0.00126731417223905 0.276774857939431
1636513428.60258 33.0369884564175 5.56037980487789 1.32861489999649 0.940721237707649 -0.0178577311831519 0.000868661015560158 0.338709166971931
1636513429.07165 32.5400467459516 6.09758934227918 1.31984287037969 0.906588197289044 -0.0224500484782071 -0.000378086606047173 0.421418667016598
1636513429.40671 32.1161804679074 6.41699275814361 1.30019497897631 0.877543195467111 -0.0250727967644268 -0.00249959890267498 0.47883509369835
1636513429.74145 31.6606071471614 6.6980593768235 1.28449822009491 0.84599088418731 -0.0268988973299352 -0.00377225500721283 0.532505064094762
1636513430.07636 31.1596145388857 6.93174868122023 1.26185951990521 0.815609651213537 -0.0286382717458348 -0.0051491079787027 0.577870429184405
1636513430.41143 30.6239226039088 7.11417469255911 1.24571755068328 0.784346144844365 -0.0331868345723116 -0.00550218385973547 0.619410594881638
1636513430.74616 30.0617032075888 7.22630261061786 1.21641566962038 0.75095774878381 -0.032951233262194 -0.00966908939107536 0.659456734349116
1636513431.08162 29.4823970270017 7.29715234559943 1.19115793129641 0.717610907066713 -0.035225246389592 -0.0101380786547506 0.695478962612724
1636513431.41594 28.8751109069635 7.30576638281739 1.15703330967373 0.68491910223461 -0.0341302242741468 -0.0115862772117836 0.727727084397375
1636513432.01874 27.7639340977583 7.21134359407402 1.09964935333559 0.628888805917512 -0.0363488334593868 -0.00837730320187847 0.776599931038403
1636513432.35388 27.1698254502699 7.08871766139014 1.05773607308346 0.596807092139942 -0.0361642056911245 -0.00601503393269719 0.801546794869136
1636513432.68898 26.5670038020304 6.90504570758107 1.01638661558422 0.564300110347089 -0.0327376768724794 -0.0089808353346119 0.824871489731551
1636513433.0237 25.9678595599858 6.68911474657916 0.992037996491325 0.532984492980112 -0.0331425096856597 -0.00978248928977619 0.845419071938742
1636513433.42558 25.286269141193 6.40521951153993 0.963852595982686 0.497419977189722 -0.0332033161240378 -0.00860686937418865 0.866831487597514
1636513433.76058 24.7405163463761 6.13052711432988 0.964004981955247 0.47272864961941 -0.0319244924170107 -0.0089497788293274 0.880584097103639
1636513434.29645 23.8716513440974 5.61851541524012 0.933438704212381 0.440385312654137 -0.0319765292507438 -0.00723133283295172 0.897210112404588
1636513434.69851 23.234533939901 5.17256100701704 0.905508257132494 0.421497508770785 -0.0329943017778912 -0.00735733121829348 0.906199258346395
1636513435.16767 22.5091993356852 4.59650911709668 0.88889985008225 0.400905979317162 -0.0350705249480878 -0.00984533527447891 0.915394736384772
1636513435.50208 22.0037902379465 4.16928744264214 0.866229459515196 0.388683805967416 -0.0357871911660097 -0.010652963612161 0.920614300504511
1636513435.90416 21.4074911678257 3.62864923950464 0.84664361373053 0.375244205744944 -0.0357634998403285 -0.0125084334269275 0.926151336028417
1636513436.30609 20.8189831157883 3.06186516823636 0.820161438493587 0.363600498229861 -0.0372735961862737 -0.0141103474706696 0.930702022566082
1636513436.64108 20.3335771639764 2.57904774465647 0.798795744446183 0.354987143483803 -0.0374799493776166 -0.0147906079653534 0.934002472840343
1636513436.97583 19.8541366037876 2.08609261083079 0.77101485602625 0.348224047816182 -0.0370642191263627 -0.0161959620274154 0.936538278447321
1636513437.31092 19.3799021521211 1.5841831989205 0.75678958764355 0.342651857606485 -0.0380384148999033 -0.0155897349778339 0.938562594414485
1636513437.7129 18.8236282662338 0.980478159459039 0.721884716578658 0.337263734034892 -0.0367360324999209 -0.0135182586158092 0.940596031410405
1636513438.0477 18.3634554400527 0.480068080811695 0.69539163266575 0.335610930557067 -0.0355474959648163 -0.0124552500808612 0.941247334958604
1636513438.4495 17.8039203805731 -0.112333371879607 0.657921911759941 0.337979748546112 -0.0354569917853002 -0.011172303163414 0.940418880578367
1636513438.85144 17.2320115801642 -0.711772522279664 0.643956086038284 0.345099217905914 -0.0361549815254404 -0.0130030792773601 0.93777943411067
1636513439.32071 16.5591469225504 -1.39896874540133 0.619254830210963 0.360461426707897 -0.0357446499896821 -0.014430336255627 0.931977277216763
1636513439.65528 16.0638484176262 -1.85987399152729 0.594381727231814 0.374198001959496 -0.0355847408197425 -0.0136733139898028 0.926564958346067
1636513440.05722 15.4586435931382 -2.38392517261528 0.568357642950593 0.394398273282358 -0.0342773646325022 -0.0135635211955174 0.918199921149269
1636513440.39216 14.9245918210352 -2.80867344522658 0.540764986201147 0.414035007308233 -0.0341465913809059 -0.0134144017819299 0.909521344909051
1636513440.72707 14.3711172934652 -3.21071095103105 0.522397799469101 0.435615941676651 -0.0331468507538876 -0.0143638029140381 0.899407426480408
1636513441.12893 13.6844382920831 -3.65206630611508 0.486618838609693 0.464400247935903 -0.032575384349579 -0.0134894476267377 0.884923323714701
1636513441.59771 12.8663167974933 -4.09148921939007 0.454172085515103 0.499136464493426 -0.0302199766514556 -0.0134712050560064 0.865891488270053
1636513441.99991 12.1477606745754 -4.41043381584177 0.422020723193451 0.530210807935925 -0.0293902971405961 -0.0122986098378719 0.84726704985971
1636513442.46874 11.2603138916321 -4.73059755300091 0.383243911596587 0.56592056939903 -0.0292475181029755 -0.011984943393387 0.823853659910394
1636513442.87053 10.484855341891 -4.92772299185235 0.355675035442462 0.595848103517948 -0.0306718395494798 -0.0107812483986932 0.80243880793222
1636513443.27258 9.70761277470961 -5.07689474789432 0.321750338458556 0.625426710137278 -0.0311227419432368 -0.0113519089964426 0.779579334861393
1636513443.60761 9.04615858291362 -5.14805619093298 0.303421259431123 0.650187687578875 -0.0325278406204388 -0.0109395801878438 0.758998179240715
1636513444.00925 8.25323570483111 -5.19250522234904 0.273175332046407 0.681575650492332 -0.0311699661598047 -0.0123169121719719 0.730979725806468
1636513444.34434 7.57969983344526 -5.19277033678282 0.235847138510503 0.706840457190474 -0.0308722007142524 -0.0179505619329212 0.706470984986725
1636513444.67936 6.89999996396621 -5.14049492975145 0.230167102166631 0.730154395290996 -0.0313238580306009 -0.0158370502332904 0.682380072097088
1636513445.08103 6.10378381159134 -5.01415409455579 0.194066481832012 0.75549032553929 -0.0283829261510563 -0.0149023045426837 0.654375044480579
1636513445.41626 5.45954074700836 -4.85602181043135 0.164151082491749 0.775987357843294 -0.0258420218667641 -0.0121969538048906 0.630100821052554
1636513446.08603 4.2223618316504 -4.40315062578813 0.103920003322785 0.818580033295586 -0.020622065169113 -0.00857023014510128 0.573958195928256
1636513446.42075 3.63554170080629 -4.13409637986906 0.0812410747359163 0.840373597879892 -0.0173404646501472 -0.0110547878219971 0.541617315028178
1636513446.82293 2.99845356382517 -3.72369799794769 0.0774483629565632 0.86780206662198 -0.0197672789120513 -0.00847746922373854 0.496444317488471
1636513447.15774 2.5029847467048 -3.36436067966523 0.0713993692415806 0.889793696026253 -0.0175903458156436 -0.0134029801950092 0.455826851302025
1636513447.49256 2.08235596117056 -2.95475755910976 0.0706134500989539 0.912548011303871 -0.0154828285411237 -0.0113528874200238 0.408518691167179
1636513448.02869 1.50667285178788 -2.24187355313936 0.0632616693867102 0.94589754989085 -0.0114878304129219 -0.0124318657394078 0.324023615770715
1636513448.36362 1.21155646010602 -1.74885132937766 0.0529324138000691 0.962711977654873 -0.00852216430418808 -0.0117989314638301 0.270136643222882
1636513448.83239 0.865514593421738 -0.980572147478411 0.0425891334605136 0.978972392741331 -0.0075350832346181 -0.00849950778636034 0.203676299893608
1636513449.23436 0.654827304964413 -0.287341432547075 0.0420052169799066 0.988251771721043 -0.00677531777641727 -0.00629473168617973 0.152554603707157
1636513449.56938 0.529184301067721 0.305060481074181 0.0455832089666082 0.993625822802767 -0.00589884673409698 -0.00576552890137324 0.112426360535329
1636513449.90405 0.444781106822441 0.918930718428725 0.0469942469243809 0.996921224055827 -0.00523195332314988 -0.00346197271726211 0.0781582653105918
1636513450.23916 0.405832901548051 1.53891213855279 0.0532000667762077 0.998788534573704 -0.00344282584384617 -0.0013187738814349 0.049070062051838
1636513450.64094 0.382651088333831 2.30699235086278 0.0520026871278656 0.999675023020634 -0.00287705763357238 0.0010546800035548 0.0253072823147485
1636513451.10976 0.391164082996787 3.21851148327146 0.0699664928666678 0.999844058391875 -0.00426488192368909 0.00307572029084769 0.0168585178866271
1636513451.57895 0.417419413811385 4.12768863771224 0.0809661744549258 0.999950993866171 -0.00211459798865938 0.00279989250572806 0.00925737237880968
1636513451.91373 0.435875887449008 4.78129010774628 0.0819974975356591 0.99998496131622 -0.0017609241628394 0.0010862527279897 0.00507900999229686
1636513452.38253 0.486269193865905 5.70282338532678 0.0949537834168606 0.999993109362868 -0.0011941284609052 0.00346811331181766 0.000572253492180491
1636513452.7176 0.513529572924734 6.3607921365488 0.105238443533672 0.999993765543373 -0.00223844093648051 0.00271874743461688 0.00025820330475524
1636513453.05249 0.550461936865242 7.01141365370365 0.122812787402787 0.999990364235259 -0.0019666304666105 0.00392145776778124 0.000161152775249058
1636513453.38747 0.575151623137613 7.64956875923898 0.125625425582849 0.999996421099384 -4.91069340080003e-05 0.00252017523938026 0.00089671271640924
1636513453.72244 0.611406168383485 8.2641989062467 0.138707775526671 0.999987862075952 -0.00185523269106715 0.00441077035151968 0.00117427310883105
1636513454.05735 0.628724504619251 8.82494897133063 0.144393800793149 0.999993518543229 0.000144217417803927 0.00326422182634267 0.00151225948116679
1636513454.45933 0.658712689776077 9.40586450030905 0.155633354701613 0.999992767863555 -0.000571165422590782 0.00326913242815796 0.00185762316252005
1636513454.79406 0.674831172906109 9.77373173919815 0.164867281502159 0.999991071147657 -0.00204636970978749 0.00309395178134566 0.00202421795966982
1636513455.26293 0.691647943049145 10.058591261507 0.172864495871865 0.999984149325228 -0.00371383788059374 0.00356555811503817 0.0022793204745666
1636513455.66507 0.689810405818511 10.0861770035181 0.172778435356807 0.99998726737331 -0.00304826293402033 0.00331540065934785 0.00227624752921407
1636513456.13398 0.690815696720759 10.0804144355757 0.171619236973571 0.999990215236297 -0.0021697176777211 0.00307284410952582 0.00232795746113326
1636513456.53576 0.690647762405231 10.0798489317286 0.172378525433473 0.999989456518626 -0.00242632696438112 0.00311724674912775 0.00234148708067403
1636513456.87068 0.688349331622395 10.0794697914353 0.173858314855629 0.999988946290751 -0.00266616476826514 0.00314240468746777 0.00226365954197763
1636513457.20551 0.686511303580899 10.0793358001124 0.17494029593947 0.999988812292193 -0.00279285638016683 0.00311493480332855 0.00220735698519692
