1636513398.05712 0.00250587616319806 0.144816357864767 0.00189397644604508 0.999999682253522 -0.000232435503394213 -0.000761709191952025 -3.55766506606757e-05
1636513398.45915 0.0128475420559988 0.402193799131244 0.00702491756825322 0.999998109566176 -0.000762468138255532 -0.00178474881877589 -0.000119071681030192
1636513398.86121 0.0349127285052234 0.772473001855311 0.015882530995531 0.9999974586789 -0.000966998503623586 -0.00155983518484262 -0.00130937535962675
1636513399.26293 0.0751756576436643 1.23070148993394 0.023327264603277 0.999982962396002 -1.36296535619713e-06 0.000909032118152743 -0.00576615785997231
1636513399.86584 0.145364722608226 2.07730547717371 0.0407353724906789 0.999846069683305 -0.000934619714703333 0.000345159645031044 -0.0175169714750185
1636513400.26773 0.220830507070574 2.7165080893752 0.0558311733616305 0.999511426075437 -0.00065332153930272 0.0014603907324673 -0.0312145731113087
1636513400.6027 0.296293691494167 3.27848755976569 0.0688733944280544 0.998932918965522 -0.000619042847294657 -9.9612005186997e-05 -0.0461804100287614
1636513401.00444 0.431756161766051 3.96783074577043 0.0906352334255252 0.997610276461918 0.000898834371646905 0.00219515555681207 -0.0690515002474886
1636513401.33946 0.550308121868785 4.55787396797953 0.103210366484542 0.995786606633173 0.00183101807004117 -0.0020275734964913 -0.0916600805614667
1636513401.67446 0.728331476614759 5.15202888861138 0.116412834910179 0.993039101815446 0.00326515846363697 0.000858539391144754 -0.117736756859931
1636513402.00909 0.93451590509185 5.74472392954887 0.130345971666842 0.989576416142908 0.00385744951388792 0.000316892163922963 -0.143956716676794
1636513402.47815 1.29908228899382 6.54406447253122 0.158706590127651 0.982901189493033 0.00498030462445783 0.00115439025559615 -0.184062803526857
1636513402.88021 1.66794600652723 7.17782760049169 0.17358266279736 0.974283008454846 0.00698588460009071 0.0027614455159086 -0.225202556093821
1636513403.21495 1.99247374524028 7.67148489931087 0.201193453329229 0.96406343917565 0.00928223435602628 0.00267933154198924 -0.265496415329221
1636513403.61695 2.43473274800435 8.2169476288737 0.231669683956546 0.94825838997357 0.00976864556884019 0.00144044205767634 -0.317346064313333
1636513404.01885 2.93556601990712 8.69704817385428 0.251634629277082 0.927958014416041 0.0135394220930473 0.0035909378628768 -0.372421418148434
1636513404.48766 3.58290655328161 9.18678281102924 0.296726830316577 0.900419244572793 0.015820411884956 0.00478172720899991 -0.434709136843994
1636513404.95656 4.28766253575194 9.57930905736622 0.334034894923587 0.869250880253956 0.0186824455024329 0.00604527109701003 -0.493981100959474
1636513405.29172 4.81327437473338 9.80304735797673 0.357620763083826 0.8440251571986 0.0212481766796224 0.00480618984727041 -0.535860942356152
1636513405.62646 5.35943057794654 9.97765682605809 0.383367859926125 0.817081970950373 0.0233893840742345 0.00484881552064765 -0.576026456378984
1636513406.09547 6.14526790858744 10.1341175896296 0.417673048098893 0.77762342983922 0.0259197993106384 0.00439138147701899 -0.628180452686572
1636513406.49733 6.83266231065681 10.183724712901 0.450375960889414 0.742104120371422 0.0282826297682877 0.00399009194459392 -0.669675777184319
1636513406.83226 7.40956971471426 10.1632251094443 0.476884867684744 0.713062799009284 0.0312862067591695 0.00402283367324209 -0.700390201776771
1636513407.16737 7.97243479936712 10.0995009535167 0.507467566598599 0.68153542585012 0.0320960222452584 0.00354253029440748 -0.731072335098546
1636513407.56904 8.64308468375256 9.95691020652679 0.539514870765993 0.64072032644079 0.0332010112020202 0.00405320637191176 -0.767045453450366
1636513407.90401 9.17263967138569 9.7767828616109 0.564805272577064 0.60482248941972 0.0355160675584716 0.00560853887298512 -0.79554818177721
1636513408.3061 9.79314959013452 9.50394335174922 0.600553679877588 0.560891436708652 0.0376524794586542 0.00737652014956173 -0.826999802882687
1636513408.64086 10.2967226768564 9.22597416428887 0.616824887270707 0.525210298673011 0.038147693556872 0.00821766680601137 -0.850077270368031
1636513409.04298 10.8511568896041 8.74463528248727 0.543314116278062 0.483175030642739 0.0395033617107252 0.00786192897557746 -0.874596800960147
1636513409.37785 11.3237991770459 8.3676621260667 0.557659608320673 0.448511707076225 0.0406888519786817 0.00937369019084695 -0.892801097598134
1636513409.71274 11.774103300688 7.97030960351863 0.573235626894133 0.416204661968203 0.0409350151896627 0.00934222910581488 -0.908301011032516
1636513410.18174 12.3610181915459 7.34442323426135 0.590368074191501 0.376562653908359 0.0437959181350948 0.00975501259414185 -0.925303909515942
1636513410.71744 12.9951051335344 6.57271414942782 0.615352564506735 0.340271309846058 0.0438431118489363 0.00992874493726152 -0.939252169155345
1636513411.05246 13.3821917161221 6.0505548221225 0.622757478697864 0.323775689136475 0.0440241085721577 0.0103387613449726 -0.945052533461754
1636513411.52135 13.8960935432106 5.27288995207677 0.649981867560709 0.307361394063029 0.0448517894176677 0.0114061149018354 -0.950466827915899
1636513411.92331 14.3398493996177 4.59992316315001 0.647549628369221 0.297991920480233 0.0445530807533496 0.0112857286271625 -0.953461310517234
1636513412.25805 14.691580565888 4.02644868376764 0.663178602749267 0.29485717676225 0.0465275861803663 0.0122712771359157 -0.954329002385172
1636513412.6602 15.1317315043108 3.34672284540755 0.677567411102176 0.295542710222405 0.0452345356925051 0.0123493818832179 -0.95417809447827
1636513413.06199 15.5610657197368 2.65033254434957 0.692885840338577 0.300575944483475 0.0471208577228611 0.0124547061086601 -0.952511735707795
1636513413.46397 16.0099151130514 1.9740954619205 0.705274697729093 0.308286259060515 0.0467639165704234 0.0122720708174291 -0.950064268804653
1636513413.79875 16.3962280670984 1.4223159477659 0.720296747367901 0.317710597785905 0.0463394310837421 0.0120716350371507 -0.946977776301476
1636513414.13368 16.8019759952973 0.883416130594681 0.732683886337199 0.328301612928997 0.0431014918173954 0.0100662642890089 -0.943535363764707
1636513414.53562 17.2838281189145 0.228866502713291 0.747340085424842 0.341220651259964 0.0451987009556462 0.0102275747383087 -0.938840210739091
1636513414.87058 17.7062424197539 -0.293244292876415 0.764495937763527 0.353965829849176 0.0440122705109412 0.0089663952429324 -0.934179166487887
1636513415.20534 18.129729037348 -0.796645130873522 0.777108428196197 0.3674511570341 0.0460955026757066 0.00885367892964374 -0.928857612444871
1636513415.54042 18.5825465829449 -1.28367142173204 0.796178922587584 0.382864436521346 0.0457298833836303 0.00878049477746052 -0.922630209739728
1636513416.14325 19.4500467332925 -2.10835431643882 0.832750098291506 0.416014948118714 0.0428175849241646 0.00762310200462902 -0.908317183410549
1636513416.54528 20.0412478704779 -2.62003289667315 0.862343532845421 0.442821565088127 0.0436530300732165 0.00876412644832548 -0.895503581537186
1636513416.94717 20.6679735926665 -3.09942676488287 0.893476760091232 0.470956840343671 0.0425125353674932 0.00879823769141211 -0.881087356556465
1636513417.2821 21.2183839810677 -3.4697455379646 0.917752951297377 0.493944615624872 0.042023840287307 0.00874820414105783 -0.868433176742466
1636513417.68404 21.9081200958345 -3.86763560838889 0.947363135408675 0.52197600499968 0.0418450515410509 0.00715286986732934 -0.851903092093673
1636513418.08585 22.6092589975351 -4.2186385058913 0.982380232329356 0.549866458881455 0.0405504119250034 0.00823359174757145 -0.834227037116884
1636513418.48969 23.3257395995522 -4.52833444083019 1.00651509679661 0.577589984130809 0.0406816672740443 0.00783024819538731 -0.81527510657003
1636513418.88966 24.0442500700498 -4.76542611894317 1.05124936748551 0.605977430414768 0.0390809994651379 0.0078506345914792 -0.79448247107487
1636513419.29154 24.7732339793184 -4.93628752860632 1.08948932676845 0.64016701320295 0.0377085665087543 0.00869102073806466 -0.767260532920337
1636513419.62668 25.3899530003061 -5.039028604918 1.12261700745085 0.670737243713913 0.0366486732533556 0.0100638031295157 -0.740720692643591
1636513420.09555 26.2576400385672 -5.08120481627857 1.17515543659649 0.712037478182935 0.0335497721218313 0.00983698313954209 -0.701270472939059
1636513420.56437 27.1157626461063 -5.026269934709 1.22085484159303 0.753097128845195 0.0314952574907193 0.0103661726146836 -0.657073287956557
1636513420.89927 27.7221213813842 -4.93031436199669 1.24927591528916 0.781382788199163 0.0313403871109396 0.0101266638471885 -0.62318229204717
1636513421.2341 28.3178726407594 -4.77196430029191 1.26658938035674 0.808431876540339 0.0288956802602951 0.00946316896694946 -0.587803869576292
1636513421.77001 29.2383559480274 -4.41076436539571 1.31391895787151 0.846913135206501 0.0237320825094194 0.00695841442276696 -0.531155824728658
1636513422.3062 30.1137563658748 -3.94976739467721 1.36932673274453 0.877650454016135 0.019538032081648 0.00760701638839558 -0.478842436683838
1636513422.70791 30.7083012699594 -3.5303985817244 1.41067705477236 0.898315092258817 0.0179414895820195 0.00440940252592212 -0.438963159206983
1636513423.17684 31.3594428461611 -2.99502885189557 1.44233208536224 0.920325107573112 0.0172484838942424 0.00365986891005184 -0.390756690964405
1636513423.57859 31.8770345465063 -2.46567490651958 1.46829638622437 0.937289685476549 0.0157939540744829 0.0036694201218081 -0.348173996544737
1636513423.91369 32.2674305009127 -1.98966538079949 1.49108292528893 0.95030472419726 0.0137589524458437 0.00398835015923726 -0.310991503837274
1636513424.24863 32.618601051499 -1.48333073864882 1.52067872378685 0.961727157905064 0.00931455697783858 0.00314339197927379 -0.27383248869157
1636513424.58355 32.9225818485814 -0.956897522635554 1.54940915717133 0.971613384400762 0.00590706282256287 0.00266911456160594 -0.23648554647074
1636513425.11956 33.3203466038447 -0.070561275977715 1.57689368983407 0.9846283618429 0.00237850924075582 0.00230791042051043 -0.174631054792237
1636513425.52145 33.554591046646 0.629932064226123 1.59115539333175 0.991826906844036 3.78715582297499e-05 0.00204021404575803 -0.127574382038807
1636513425.85612 33.7094780550158 1.23202775530387 1.60588273816014 0.995973473795834 -0.00227786476099981 0.00208049734621819 -0.0895953255364436
1636513426.25831 33.8215330685473 1.9574531111217 1.6140433164501 0.998920919694672 -0.00275385590293652 0.00134625266163358 -0.0463422062248524
1636513426.72699 33.8529847144137 2.79007230158117 1.61975893291035 0.999929835237633 -0.00493613941294862 0.00284940479109656 0.0103846050320919
1636513427.06198 33.8078749986669 3.36887357194848 1.62337076770816 0.998248332209512 -0.00598103512436378 0.00429884070761746 0.0587027633790791
1636513427.46387 33.6642235035601 4.02242866971878 1.62074755631762 0.991801975058404 -0.00896063999259258 0.00445188380517454 0.127392032450063
1636513427.79875 33.4848776251842 4.55207549586871 1.60569965389277 0.982039911672279 -0.0112837432983224 0.00310641777148393 0.188309955096668
1636513428.26774 33.1351379693291 5.21347235577554 1.60044523400081 0.96082729671904 -0.0166618752489119 0.00143981096646092 0.276642756523918
1636513428.60258 32.8260204795551 5.64094775216209 1.59343496623324 0.940721237707649 -0.0207256748496348 0.00107897801785371 0.33854517443652
1636513429.07165 32.3009422600277 6.16739123649762 1.57833599037335 0.906588197289044 -0.0260149321525447 -0.000116945267494094 0.421213782021796
1636513429.40671 31.858167093168 6.4756622169422 1.55385278289144 0.877543195467111 -0.0291186077826355 -0.0022018606514777 0.478607562184139
1636513429.74145 31.3860449321985 6.74359598353641 1.53333618965048 0.84599088418731 -0.0313959225774738 -0.00343885878290655 0.532261114649336
1636513430.07636 30.8720465329953 6.96387664249678 1.50558614413382 0.815609651213537 -0.0335159885404998 -0.00478602473444413 0.577611174863097
1636513430.41143 30.3251002666402 7.13304262194146 1.48321491076892 0.784346144844365 -0.0384151292622182 -0.00511877684102026 0.619111622435891
1636513430.74616 29.7532402597913 7.2288912783292 1.44881687393933 0.75095774878381 -0.0385088220136277 -0.00925535883734968 0.659161488939901
1636513431.08162 29.1667152328032 7.2847157594889 1.41783630142647 0.717610907066714 -0.0410865320636274 -0.0097028484519581 0.695163533043694
1636513431.41594 28.5547453546555 7.27765180537412 1.37882305734148 0.68491910223461 -0.0402611294367344 -0.0111245336865653 0.727420861400655
1636513432.01874 27.43949183511 7.1588630392664 1.31205633506736 0.628888805917512 -0.0429007063787799 -0.00788439108949053 0.776270723112108
1636513432.35388 26.8451917262145 7.02262935717038 1.26583641638349 0.596807092139942 -0.0429326855083906 -0.00550315856365147 0.80121644674353
1636513432.68898 26.2432555553397 6.82361166005072 1.22032130539544 0.564300110347089 -0.0396968325988451 -0.00844366562918902 0.824571556297344
1636513433.0237 25.6454386740082 6.59440533202544 1.19099169307801 0.532984492980112 -0.0402736969747807 -0.00923098424158112 0.845115582926175
1636513433.42558 24.9669455285536 6.29633915910881 1.15768191686418 0.497419977189722 -0.0405184421455671 -0.00803959394176683 0.86652581442674
1636513433.76058 24.4243268020357 6.01155967085023 1.15384935523713 0.47272864961941 -0.0393552677606789 -0.00836931387713303 0.880289010106181
1636513434.29645 23.5611101238293 5.48749864477325 1.11690757718773 0.440385312654137 -0.0395519904374415 -0.00663863629044685 0.896912674098855
1636513434.69851 22.9279598963469 5.03453502266951 1.08381884935543 0.421497508770785 -0.0406455107628071 -0.00676031420509605 0.905892979720398
1636513435.16767 22.2068609000472 4.45057834166935 1.06062127397479 0.400905979317162 -0.0427937226377599 -0.00924629294757495 0.915072455665276
1636513435.50208 21.7048164007958 4.01886877012207 1.03378013122721 0.388683805967416 -0.0435526678896413 -0.0100517020186988 0.920286383352979
1636513435.90416 21.1126755557483 3.47305545513579 1.00930452075954 0.375244205744945 -0.0435715467402595 -0.0119029959225489 0.925824834975588
1636513436.30609 20.5279306909152 2.90207968500508 0.977674751954013 0.363600498229861 -0.045116393001441 -0.0135050261876231 0.930363801443934
1636513436.64108 20.0459559500992 2.41626178134999 0.952478097288431 0.354987143483804 -0.0453490973687139 -0.0141833103027692 0.933662905463159
1636513436.97583 19.5699118080327 1.92068587688872 0.920917704401237 0.348224047816182 -0.0449515932267296 -0.0155858109762587 0.936203209396926
1636513437.31092 19.0986363005276 1.41733372542304 0.903033274349235 0.342651857606485 -0.0459442865756302 -0.0149803411961831 0.938218746555155
1636513437.7129 18.5466947455282 0.812468136949069 0.864818458800546 0.337263734034892 -0.0446639565011871 -0.0129043381871161 0.940261550181892
1636513438.0477 18.0896674362722 0.311803550111663 0.835439264677768 0.335610930557067 -0.0434834372610102 -0.0118380914074158 0.940922076245646
1636513438.4495 17.5329576950891 -0.279415834563453 0.794087483094827 0.337979748546112 -0.0433888932097227 -0.0105555540890365 0.940093438864784
1636513438.85144 16.9625477321728 -0.876968256870477 0.775138385275152 0.345099217905914 -0.0440602818771754 -0.0123899058411775 0.937449578161342
1636513439.32071 16.2910145762353 -1.5596077696767 0.745019763781793 0.360461426707897 -0.0435975582993064 -0.0138205191437509 0.931652191548243
1636513439.65528 15.7965939966631 -2.01586356193565 0.716503615181835 0.374198001959496 -0.0433936002304625 -0.013067150893967 0.926240843601746
1636513440.05722 15.1923614256153 -2.53343487048165 0.686081523451223 0.394398273282358 -0.0420157319636502 -0.0129605427907157 0.917887087080989
1636513440.39216 14.6589028513932 -2.95165976940416 0.654333392154249 0.414035007308233 -0.0418118587303167 -0.0128175708527762 0.909209816857595
1636513440.72707 14.1061553749267 -3.34685772612384 0.631613551167326 0.435615941676651 -0.040724362253981 -0.0137721670928203 0.899105447147184
1636513441.12893 13.4207922045407 -3.77825202222644 0.590676849193791 0.464400247935903 -0.0400323563751155 -0.012907254060343 0.884626035651647
1636513441.59771 12.6050840233427 -4.20603216773412 0.552285088910154 0.499136464493427 -0.0375160080605155 -0.0128976927350007 0.86561480375183
1636513441.99991 11.8891975308517 -4.51390707906864 0.514761729409501 0.530210807935925 -0.0365314478102924 -0.0117370189578049 0.846997163427836
1636513442.46874 11.0055867499371 -4.82141711667212 0.468855396943395 0.565920569399029 -0.03619124374563 -0.0114404243857109 0.823585587353918
1636513442.87053 10.2339670091114 -5.00740341605542 0.434675749442008 0.595848103517948 -0.0374370533388836 -0.0102559540277135 0.802158537932713
1636513443.27258 9.46134882148901 -5.14611848329227 0.394124946665775 0.625426710137278 -0.0376931499235511 -0.0108446494658966 0.779296509855949
1636513443.60761 8.80428304932449 -5.20811281591308 0.369915939516833 0.650187687578875 -0.0389249625040343 -0.0104508786994037 0.758703893063232
1636513444.00925 8.01815800602171 -5.24191236930758 0.33333907253441 0.681575650492332 -0.0373268232173849 -0.0118458813590925 0.730698991390627
1636513444.34434 7.34998815936213 -5.23451794812752 0.289896197070738 0.706840457190474 -0.0368086089383238 -0.0174970399166167 0.706197952404949
1636513444.67936 6.67721363903053 -5.17361274954159 0.278644613336449 0.730154395290996 -0.0370612482503316 -0.0154024880502631 0.68210247490918
1636513445.08103 5.89009614308425 -5.03935113802255 0.236982417490359 0.75549032553929 -0.0338855752129045 -0.0144817373462772 0.654122630010965
1636513445.41626 5.25436432132161 -4.87469234594152 0.202755067282961 0.775987357843294 -0.0311455859358224 -0.0117885419337104 0.629868719038479
1636513446.08603 4.03645749683766 -4.40916917790692 0.134079548466086 0.818580033295586 -0.0254590649006697 -0.00819144756797366 0.573769522797196
1636513446.42075 3.4597664301288 -4.1348684409473 0.107393812643085 0.840373597879892 -0.0218981296735404 -0.0106924224162653 0.541459472173198
1636513446.82293 2.83712371182224 -3.71546592677502 0.0974632937118734 0.86780206662198 -0.0239484974409818 -0.00815431665642876 0.496265604043647
1636513447.15774 2.35364879228121 -3.35158450480468 0.0878169771515376 0.889793696026253 -0.0214164920377185 -0.0131049519332468 0.455671781675765
1636513447.49256 1.94906445764722 -2.93671806495139 0.0842108063092498 0.912548011303871 -0.0189134123648266 -0.0110851381099746 0.408381598031977
1636513448.02869 1.40091711986423 -2.21904502355885 0.0733835208945513 0.94589754989085 -0.0142009585680757 -0.0122176467411241 0.323924199457749
1636513448.36362 1.12365188465566 -1.72563831822874 0.0615279849783004 0.962711977654873 -0.0107808054954677 -0.0116178861251347 0.270063783271091
1636513448.83239 0.79959488349677 -0.959055310544029 0.0482626739944361 0.978972392741331 -0.00923891725754207 -0.00836557943569347 0.203611673876837
1636513449.23436 0.605023174668571 -0.269346355605494 0.0457294266542598 0.988251771721043 -0.00805162002131771 -0.00619704386534775 0.15249656964202
1636513449.56938 0.49116046258009 0.318917324870997 0.0482142835363231 0.993625822802767 -0.00683678684259387 -0.00569563492408937 0.112376787407388
1636513449.90405 0.416885284530443 0.928320601482877 0.0485639133961454 0.996921224055827 -0.00588522488923693 -0.00341600845334442 0.0781138146634852
1636513450.23916 0.386067656071658 1.54337140728705 0.0543515536434627 0.998788534573704 -0.00385494041659659 -0.0012902853653344 0.0490401651931673
1636513450.64094 0.368985173784589 2.30671360366314 0.0523206322059138 0.999675023020634 -0.00309357186579552 0.0010668121509115 0.0252812197815098
1636513451.10976 0.378333774486291 3.21552994884431 0.068974725951897 0.999844058391875 -0.00441451348585069 0.00307834718880404 0.016819475251407
1636513451.57895 0.404459058497424 4.12096896060392 0.0801530042519608 0.999950993866171 -0.00219934286230053 0.00280185910580052 0.00923700939603903
1636513451.91373 0.422006982440711 4.77240815279535 0.0811805199797802 0.99998496131622 -0.00180635502807181 0.00108593930949044 0.00506309774020324
1636513452.38253 0.472103695929886 5.6911179545685 0.0936800877718748 0.999993109362868 -0.00120694934326078 0.00346575806726434 0.00055948287378435
1636513452.7176 0.497543176740706 6.34790636118204 0.103473064809098 0.999993765543373 -0.00224683000345847 0.00271373826939873 0.000237179102565428
1636513453.05249 0.533151953273887 6.99700171643395 0.120736135559131 0.999990364235259 -0.00197699115135974 0.00391700347953313 0.000141514530821381
1636513453.38747 0.55562353977519 7.63320552524579 0.124003607694007 0.999996421099384 -6.2524806755014e-05 0.00252072032559401 0.000894342279331892
1636513453.72244 0.590792473143406 8.24710767836796 0.136117658161602 0.999987862075952 -0.00187530412587705 0.00440732605487307 0.00115516762743706
1636513454.05735 0.606261298803483 8.80599182238621 0.142238051645229 0.999993518543228 0.000123861114387047 0.00326567071207005 0.0015109350608876
1636513454.45933 0.634645312558142 9.3859005777281 0.153056171045578 0.999992767863555 -0.000594428491865929 0.00326917836068786 0.00185022922925688
1636513454.79406 0.649694493400526 9.75344522333939 0.161724922238119 0.999991071147657 -0.0020705806609535 0.00309069969683394 0.00200446902524173
1636513455.26293 0.665824631378403 10.0382501734759 0.169083945935054 0.999984149325228 -0.00374123476060149 0.00355862584102089 0.00224509306945426
1636513455.66507 0.663849069204486 10.0655537752045 0.169187323064368 0.99998726737331 -0.0030750806737176 0.00331001092593986 0.00224784291743593
1636513456.13398 0.664782203461154 10.0595320285334 0.168329215757165 0.999990215236297 -0.00219644570750476 0.00306953168658071 0.00230716994223874
1636513456.53576 0.664619973502796 10.0590520257023 0.169005923743764 0.999989456518626 -0.00245326235083519 0.00311334893675219 0.00231849386843968
1636513456.87068 0.662345833143489 10.0587356819723 0.170390869230326 0.999988946290751 -0.00269249044385 0.00313789254941218 0.00223862052868815
1636513457.20551 0.660510694481086 10.058631359664 0.171422275201811 0.999988812292193 -0.00281863711685673 0.00311008698475814 0.00218126894262016
