1636513397.76224 -0.00125084556949904 0.000634996005412982 0.0272613555688828 3.58747541028918 0.000871485461125817 0.000196348284836664 -0.000404225198680953
1636513398.2625 -0.00327319554268189 0.0076937051264297 0.263217784128141 3.58747120674499 -0.00235681212069042 -0.000567184910544555 -0.00502447814338881
1636513398.76276 0.00107792690875656 0.0236962739669825 0.678782780986107 3.58746793844017 -0.00301189098713641 0.00294078953170055 -0.0060705683842818
1636513399.26301 0.036996722193515 0.0388042831685545 1.23980425652866 3.58741439976542 -0.000743369430424502 0.0208125359101599 0.00223404872218767
1636513399.76328 0.0793278552126735 0.0644449626983239 1.93646216622622 3.58708260778455 -0.00391478896749395 0.0529328732800443 -0.00138965834724359
1636513400.26353 0.162867153486831 0.0846428379128281 2.73160127157872 3.58573957828312 -0.00583981148504838 0.111436803934649 -0.000439239906018328
1636513400.76397 0.292512880479076 0.0999966377254547 3.58692083747452 3.58217234035306 -0.00742914376069588 0.194701047705103 -0.00764295244328631
1636513401.26422 0.478975574155402 0.129375650530922 4.46370464860237 3.57404315155578 -0.00301209939183087 0.309474700186718 -0.0203142532695991
1636513401.76448 0.763689949233251 0.160370005311474 5.35309610648922 3.5594651919501 -0.000651862732523744 0.447062464747432 -0.0179737545229242
1636513402.26473 1.13601479756402 0.188486773384399 6.23110801276116 3.53840267064409 -0.00336429968391436 0.59080296815814 -0.0250570458958144
1636513402.765 1.60061543458445 0.220969640368228 7.04318810014781 3.50541210096251 0.00256337461498535 0.762268881109841 -0.0317232610997146
1636513403.26525 2.14528350867003 0.231598415731328 7.77171409985662 3.45239529447892 0.00524878187945952 0.974396958598181 -0.0383474756706293
1636513403.7655 2.77606815659612 0.239934063339338 8.39841230562636 3.37651254785235 0.00517996795463008 1.21092750789815 -0.0526453569681081
1636513404.26576 3.50123033737832 0.247280499158683 8.92476293293095 3.27867924288631 0.00589180490658241 1.45509475765253 -0.0539234273817906
1636513404.76604 4.27761374142253 0.249157046867609 9.343763882446 3.16612492595327 0.0119815032043553 1.6856808317304 -0.063010405824678
1636513405.26628 5.10483411211276 0.246161347113104 9.64215110616705 3.03510971288876 0.0181843106325022 1.91110986782754 -0.0736085289513675
1636513405.76654 5.9622877058079 0.241283224906358 9.82780399985949 2.88931425632597 0.0243452056336424 2.12470932427752 -0.0828342160548314
1636513406.2668 6.83413063104684 0.225362914965815 9.88975472701571 2.73599569555427 0.0259579989929971 2.31826487527813 -0.0963456543678347
1636513406.76705 7.71218716575127 0.209421750085129 9.84051700123861 2.57912566800465 0.0361679856187524 2.49118405472391 -0.103853029865632
1636513407.2673 8.56708115885676 0.187276276606035 9.67929321114414 2.40910751932097 0.0366460784431004 2.65545805920025 -0.115677577695205
1636513407.76757 9.38681421249913 0.157747675381727 9.39751574926237 2.222618382805 0.0404113936914581 2.81331000959451 -0.116627674501508
1636513408.26782 10.1595242649194 0.121933860940591 9.00855747616019 2.02729574448134 0.0446018828724175 2.95713832533599 -0.115742568436324
1636513408.76869 10.8983589271562 0.098795223345156 8.52790161700535 1.8341386066654 0.043710812874983 3.08059603989295 -0.118041332762015
1636513409.26833 11.5687535481862 0.159299276233416 7.85597232040065 1.6487945973518 0.0492173567949642 3.18352573081769 -0.119158422373095
1636513409.76863 12.2211572176411 0.125022354718854 7.21986620956619 1.47505974927202 0.0493179590806401 3.26756149766078 -0.121610504733785
1636513410.26885 12.8266989794421 0.094499278622963 6.51909502037732 1.32716922820006 0.0561949710709299 3.33020391121719 -0.123234149187718
1636513410.76911 13.4115261911929 0.0518706510649283 5.77211131373729 1.21060751959859 0.0565315199078218 3.37425200097007 -0.125051331719562
1636513411.26936 13.9935449398422 0.0112995711396841 4.9749945535567 1.13168058601607 0.0524380990097473 3.40173673369099 -0.121314766335322
1636513411.76963 14.5535679923565 -0.0181660214667737 4.13974124992744 1.07949586654312 0.0580928719074997 3.41845073621844 -0.124455764288282
1636513412.26987 15.116047730751 -0.0612936167385702 3.2970277982397 1.05756671825382 0.0634958920260477 3.42540904261309 -0.118636334186552
1636513412.77014 15.7005455916381 -0.103447151431902 2.46616031359399 1.0643889953643 0.0593368150731462 3.4233949435487 -0.117911196570057
1636513413.27039 16.2895076830795 -0.146270608110031 1.63151757929426 1.09141678049848 0.0638344187036023 3.41478920889962 -0.118025496757583
1636513413.77065 16.9084642289279 -0.187079289533903 0.834443107472989 1.13669346220109 0.0640367798461094 3.39998915819141 -0.117820918618825
1636513414.27091 17.5673702888848 -0.227473728743944 0.0607270768449378 1.19319677102425 0.0515004732426403 3.38049775992194 -0.125876300004925
1636513414.77117 18.2351961879021 -0.272336525329376 -0.697729412658958 1.25592338302691 0.0580589161204465 3.35764699406754 -0.124390764614868
1636513415.27142 18.9247970783158 -0.309479186342992 -1.40999970034053 1.32822197185239 0.06655002267647 3.32950011529025 -0.125726890996285
1636513415.77168 19.6784613938847 -0.347324994231625 -2.06902019197527 1.41557252434711 0.0579146706322681 3.2934043328836 -0.12754999117883
1636513416.27194 20.462564003556 -0.388297019640867 -2.67190717429163 1.52264147495762 0.0562515655236497 3.24535199612356 -0.12676711812974
1636513416.7722 21.2741708833589 -0.432671040816249 -3.22271565573454 1.64615836477439 0.0599303058404988 3.18468981599589 -0.119593282772499
1636513417.27245 22.1414171842618 -0.469153826840584 -3.70452702592206 1.76964349628462 0.0570582250987794 3.11791967492173 -0.116892842420495
1636513417.77289 23.0502948091488 -0.500257055005619 -4.11273904233648 1.89500998575621 0.059573258573277 3.04328741488253 -0.117348506730637
1636513418.27314 23.9736578426524 -0.533783335024872 -4.44152939255594 2.02112932505402 0.0552486380496928 2.96122112029334 -0.114604088042602
1636513418.77339 24.9034103333216 -0.565040876404238 -4.680875507619 2.14196339362659 0.0557069010800535 2.87533636989045 -0.106353666547272
1636513419.27364 25.8349927787983 -0.591948066495426 -4.79663824430893 2.29080131446438 0.0525526758420416 2.75852989312952 -0.0998056285389445
1636513419.7739 26.7816625943031 -0.615054813319621 -4.81299587365458 2.4530577239335 0.0510670422359396 2.61583484845731 -0.0853743914231967
1636513420.27415 27.6973654823783 -0.633599778805815 -4.68892230664867 2.61177898500229 0.0443607983136133 2.45770370560934 -0.0794728216093569
1636513420.77444 28.5932991785491 -0.645370832797609 -4.45457363425527 2.76541117183261 0.0405936015754994 2.28374104052956 -0.0732178317251903
1636513421.27468 29.4550125231836 -0.634957118135603 -4.10507767244501 2.9114804324615 0.0381491962117539 2.09460254161958 -0.0666881078610446
1636513421.7755 30.2652658592152 -0.629968921220079 -3.64593872909092 3.03950974351184 0.0273772216902763 1.90427602306799 -0.065913698610662
1636513422.27519 31.0282042113491 -0.627965403239997 -3.11484503561222 3.14271520932643 0.0184148639919734 1.72911782885576 -0.055985003820265
1636513422.77553 31.7006807486734 -0.630053092702821 -2.49742934474102 3.23460734080695 0.0177019377860739 1.55027568493538 -0.0602334936862142
1636513423.2757 32.3116303478649 -0.612662367686729 -1.82307069263821 3.31702407713623 0.0194331209576171 1.36541026112836 -0.0510805753768576
1636513423.77596 32.8410095316448 -0.586140084098336 -1.06007540859014 3.39066266454278 0.018031919423949 1.17101189014437 -0.0423494883691592
1636513424.27622 33.2791087714622 -0.569022887270808 -0.243503811731476 3.45320857871128 0.003455323561376 0.971634445304408 -0.0352967168304317
1636513424.77825 33.610778694306 -0.545087472103074 0.615626356855996 3.50445560268151 -0.00743370392821089 0.766811859760768 -0.0267585776416413
1636513425.27674 33.8316837680967 -0.520424574152849 1.49842326207585 3.54323133467678 -0.0109546105414631 0.561121126660107 -0.0227061127296288
1636513425.77701 33.9794110569001 -0.481936100544923 2.41563096481654 3.57017229233553 -0.0170884322555966 0.351418584917359 -0.00797167262762561
1636513426.27726 34.0138468664569 -0.448439952622761 3.3359279602071 3.58394071188429 -0.0148705725592124 0.158494015935908 -0.00287533470455868
1636513426.77751 33.9137373666129 -0.408803455933698 4.22248268219531 3.58687907250043 -0.0170464549571263 -0.0618717362959886 0.0126730717127822
1636513427.27777 33.6665992065938 -0.374158752935185 5.04889536679209 3.57121133478218 -0.0174696180242804 -0.338769116371551 0.0368874155949908
1636513427.77803 33.2615000220342 -0.329147172316485 5.79830807415436 3.5255920376593 -0.020331762858358 -0.661775384481873 0.0426793248938998
1636513428.27828 32.7382705303148 -0.300563203028259 6.42293258554275 3.44490788964335 -0.0307044852384971 -0.999472816735046 0.0519782255758833
1636513428.77855 32.122853346171 -0.276808354129894 6.94105168085808 3.33206583673328 -0.044125653136233 -1.32691423636529 0.0683343003802429
1636513429.27915 31.4012273218723 -0.242329700186165 7.31663567778516 3.18948331758182 -0.0500764395141643 -1.63995337943351 0.0722648685362655
1636513429.77906 30.6189410468926 -0.217681772014978 7.57816225597943 3.02245581762863 -0.0550584604759359 -1.93021480401669 0.0773368452598955
1636513430.27931 29.7826374135555 -0.188815647896287 7.7443309349508 2.85889164250265 -0.0675612690067958 -2.16437836919441 0.0872989529668057
1636513430.77956 28.9052005580516 -0.162022651360062 7.75888292140404 2.68224466795684 -0.066907581895245 -2.38011193155042 0.0783255441119575
1636513431.27984 28.015301756549 -0.143762388701516 7.66419281922643 2.50464287020777 -0.0665560363312829 -2.5662392991551 0.0820428368856679
1636513431.78008 27.0950569850876 -0.126202032542853 7.47792151474328 2.33622090204143 -0.0697436426096056 -2.71998733201734 0.0941138444254976
1636513432.28034 26.2173515781936 -0.110221781950222 7.1874749255891 2.16716135396037 -0.0699748238934757 -2.85572080336784 0.115562381426397
1636513432.88065 25.1785360344493 -0.0937934932359701 6.68918326623558 1.96134033559832 -0.051464089538516 -3.00146731124583 0.108029143442264
1636513433.3809 24.3741705736028 -0.104831766745911 6.2228196092642 1.79776932408586 -0.0515043244907835 -3.10184983143479 0.117818360325024
1636513433.88116 23.6101093274042 -0.133045674362639 5.7108965472537 1.66753300016313 -0.042634353425128 -3.17373258210887 0.122140424932185
1636513434.48148 22.6997511971329 -0.156936269362474 5.01474662482816 1.546336145011 -0.0455090149913964 -3.23413518289046 0.130858151615342
1636513434.98173 21.9641545753513 -0.17187978122971 4.35212645821925 1.46725660861442 -0.0525090377350974 -3.27078953107236 0.127739851761221
1636513435.58311 21.1139987694264 -0.200511719221096 3.51772023500793 1.3846466554856 -0.0581058897766702 -3.30683204758644 0.11924736872642
1636513436.18235 20.280406249145 -0.220548869113482 2.63200406638036 1.31709801820327 -0.0624014814021573 -3.33444385907869 0.113242205397659
1636513436.6826 19.6006397623741 -0.239550295689838 1.85676047329065 1.26993473425095 -0.0618243040675042 -3.35285590824399 0.108542920496933
1636513437.28291 18.7962545952806 -0.267433174715444 0.913366256556614 1.23069303451416 -0.0613159522122046 -3.36757548072068 0.105124551454917
1636513437.88324 18.009772499361 -0.283124430428396 -0.0290219759751815 1.20567300762161 -0.055312179830787 -3.37631826890178 0.117255658294985
1636513438.38484 17.3425291799277 -0.300029474540074 -0.802181500863394 1.21021495568743 -0.0542530685442739 -3.37450467625957 0.123025754837574
1636513438.98379 16.5073994102701 -0.323656551058829 -1.71070455481225 1.25201164714083 -0.0555748698320124 -3.3594978141754 0.114601425316944
1636513439.48404 15.7841754956993 -0.350689325399058 -2.4408745011619 1.31568336236257 -0.0566072048241062 -3.33517327483629 0.111233637219846
1636513439.98429 15.034722559982 -0.363581376105915 -3.11009602556143 1.40092756979359 -0.0490906134625424 -3.30043639359162 0.109965670029736
1636513440.48456 14.2226988380859 -0.371210125817135 -3.73197595020845 1.50562799363706 -0.0501025857505538 -3.25406477885681 0.107783447468489
1636513441.08486 13.1876491012934 -0.382050634006295 -4.39228547586386 1.65505850046136 -0.0476883445127783 -3.18078107184208 0.105450157545772
1636513441.58511 12.2936984142942 -0.388469633041326 -4.84048842059602 1.78720643730896 -0.0406709166810565 -3.1086676020763 0.102007586217762
1636513442.08538 11.3718277809378 -0.386758650131091 -5.20447590076191 1.92643722289925 -0.0405587909554725 -3.02436017720693 0.102082858974543
1636513442.58563 10.4021758388747 -0.380739910377992 -5.48994529863335 2.06108859888509 -0.0408117030063628 -2.93437477703808 0.0983546704197786
1636513443.08603 9.42233803768956 -0.372674737677115 -5.66463260163225 2.19484588493749 -0.0506794305793858 -2.83551016462652 0.0997297541151866
1636513443.58616 8.4262508417778 -0.361862155474954 -5.7590191032785 2.32667891140985 -0.0570189764700682 -2.7285400934419 0.0914539166470817
1636513444.08641 7.42976239153156 -0.344021846553392 -5.75625976447403 2.46665635690051 -0.055651700200818 -2.60308331342922 0.0802953886626555
1636513444.58667 6.41268496752826 -0.324889078055729 -5.68126710525552 2.5974000322495 -0.0564664101402893 -2.47332818571469 0.0543422819960609
1636513445.08731 5.42132747940701 -0.297469939385692 -5.48706367098917 2.71170393937875 -0.0497831678978006 -2.3474722607571 0.0594823267437322
1636513445.58718 4.47105922927359 -0.266875710454059 -5.19755150236552 2.82166482165635 -0.0358521953475931 -2.21426864318984 0.0625892240655367
1636513446.08796 3.56821039489069 -0.22822571767779 -4.78346669614889 2.93711855659866 -0.0290666887446078 -2.05857819748747 0.0687480747769375
1636513446.5877 2.73879032636915 -0.198822001140573 -4.29195007294526 3.05445774623195 -0.0253383812807547 -1.88058480561463 0.0550219290482149
1636513447.08795 2.01511830020096 -0.170339479264267 -3.69833626835735 3.17548641784258 -0.0246877673385888 -1.66867666148791 0.0342856313016003
1636513447.88837 1.1724986387323 -0.137627017854282 -2.5640511708338 3.36446069375924 -0.0186352046146594 -1.24487409044227 0.0180623672500161
1636513448.78883 0.579972704790039 -0.0703140946486935 -1.08081947317641 3.50749269650904 -0.0117536896131314 -0.753174042544029 0.00815335643584529
1636513449.68929 0.308223155667681 -0.004876226172636 0.534710927732978 3.56956871736122 -0.0119532017945046 -0.357787197325351 0.00232277854952121
1636513450.6898 0.244895813539721 0.0785221020228116 2.42270753718786 3.58644237190403 -0.00890202273182835 -0.0852024700119146 0.00855493855029081
1636513451.29011 0.22683297737995 0.117585343008888 3.59413618493762 3.587101340619 -0.0108020797741007 -0.0498207606506211 0.00927145496654567
1636513451.89042 0.234022663495635 0.163358327163352 4.7633787040166 3.58741618718023 -0.00590789808970018 -0.0192275614501156 0.00461285651416942
1636513452.39068 0.256144463066155 0.198982649548182 5.75065845069216 3.58745148321512 -0.00474372789342122 -0.00150190881212754 0.0121605000037969
1636513452.991 0.272851269019256 0.234117029912137 6.92940581840124 3.58742689912015 -0.00910350664805822 -3.505031946432e-05 0.0163140820898748
1636513453.49125 0.27215259951256 0.271845283471145 7.88454553761442 3.58744798697021 -0.0012611818904713 -0.00380153239965325 0.0134788509212145
1636513454.09156 0.272147005938121 0.304161617032738 8.9223464782937 3.58744938238769 0.000599316655206782 -0.00516478032045314 0.0126757854596785
1636513454.59181 0.275457835455373 0.325311135772802 9.61097880378824 3.58745431879943 -0.00444115134666112 -0.00677126492670064 0.00931222531831198
1636513455.09206 0.281311350753603 0.339613116324478 10.0391443427798 3.58742292688833 -0.0125152291624622 -0.0067869215527272 0.0132223764080544
1636513455.59233 0.281175078071441 0.344279245949005 10.1398893924079 3.58741970576384 -0.0138652266987539 -0.00787472663568321 0.0120987492496448
1636513456.19264 0.281272697479869 0.342408210154408 10.1297486563313 3.5874392689722 -0.00823063762567668 -0.0080400849105729 0.0113086666853206
1636513456.69291 0.279456431318005 0.341102415177365 10.1295859230944 3.58743711923853 -0.00941764530688293 -0.00798817100408365 0.0110992548200155
1636513457.29361 0.276410507474102 0.339405865559753 10.1288278262488 3.58743568478668 -0.0103385842031738 -0.00757920449105307 0.0110298559457585
