1636513397.76224 -0.00125074041964444 0.000634942625731855 0.0272590638970377 0.999999962648057 0.000242924432617614 5.4731602323888e-05 -0.00011267678167856
1636513398.2625 -0.00327292038798352 0.00769305837035119 0.263195657246611 0.999998790920435 -0.000656955592197057 -0.000158101401261835 -0.0014005609463703
1636513398.76276 0.00107783629496659 0.0236942819866591 0.678725720456444 0.999997879888491 -0.000839557217869166 0.000819737861734722 -0.00169215603265833
1636513399.26301 0.0369936121373626 0.0388010211633699 1.23970003484016 0.999982956114351 -0.000207212403610116 0.00580144328601643 0.000622735596273127
1636513399.76328 0.0793211866736912 0.0644395452602144 1.93629938137077 0.999890469914301 -0.0010912378130986 0.0147549084660156 -0.000387363852404813
1636513400.26353 0.162853462382249 0.0846357225803552 2.73137164492974 0.999516103738184 -0.00162783311355139 0.0310627354971292 -0.00012243704538074
1636513400.76397 0.292488290963312 0.0999882317062199 3.58661931008081 0.998521744923463 -0.00207085558325934 0.0542724390177621 -0.00213045422858832
1636513401.26422 0.478935310022717 0.129364774823183 4.46332941611468 0.996255753505005 -0.000839615310166071 0.0862653128547272 -0.00566254822334372
1636513401.76448 0.763625751150708 0.160356524124706 5.3526461090707 0.99219218305673 -0.000181705136237536 0.12461756442053 -0.0050101399441009
1636513402.26473 1.13591930073076 0.188470928617229 6.23058420701128 0.986321056955384 -0.000937790276862146 0.164684876834564 -0.00698459002339622
1636513402.765 1.60048088201912 0.2209510649932 7.0425960284943 0.977125016655095 0.000714534380329509 0.212480579086721 -0.00884278114459104
1636513403.26525 2.14510316966216 0.231578946869357 7.77106078610831 0.962346712014662 0.00146308506208945 0.271610759869715 -0.0106892646924611
1636513403.7655 2.77583479192655 0.239913893757666 8.39770630973501 0.941194582699835 0.0014439033494952 0.337543069757248 -0.0146747639999735
1636513404.26576 3.50093601338672 0.247259712013439 8.92401269041694 0.913923789140894 0.00164232615214974 0.405604091146822 -0.0150310229898688
1636513404.76604 4.27725415229826 0.2491361019741 9.3429784174473 0.88254954963918 0.00333981460122597 0.46987939316107 -0.0175639959204731
1636513405.26628 5.10440498434694 0.24614065404716 9.64134055783756 0.846029380666016 0.00506883194268838 0.532717183499754 -0.0205181967215247
1636513405.76654 5.96178649790453 0.241262941910092 9.82697784498731 0.80538925510616 0.00678616629802606 0.592257507555774 -0.0230898343507072
1636513406.2668 6.83355613339528 0.225343970278862 9.88892336437839 0.762652082718796 0.00723572848721575 0.646210642179582 -0.0268561146071719
1636513406.76705 7.71153885601674 0.20940414546062 9.83968977767316 0.718924947686651 0.0100817371915847 0.694411438898903 -0.0289487770950737
1636513407.2673 8.56636098415243 0.187260533596878 9.67847954053718 0.671532806169654 0.0102150043925581 0.740202414321128 -0.0322448407709359
1636513407.76757 9.38602512855973 0.157734414635929 9.39672576571948 0.619549417233977 0.0112645767734354 0.784203257935401 -0.032509677923015
1636513408.26782 10.1586702246404 0.121923610812149 9.00780018962392 0.565103711357421 0.0124326653441383 0.824295047821041 -0.0322629567804576
1636513408.76869 10.8974427782051 0.0987869183204409 8.52718473585159 0.511261633430657 0.0121842817701086 0.858708582640399 -0.0329037316923175
1636513409.26833 11.5677810438395 0.159285885055367 7.85531192365196 0.459597445891123 0.013719217368136 0.887399981272679 -0.0332151176787274
1636513409.76863 12.2201298702724 0.125011844962301 7.21925928581744 0.411169283542705 0.0137472600082695 0.910824744955566 -0.033898629616417
1636513410.26885 12.8256207284049 0.0944913347283296 6.51854700557021 0.369945163894721 0.0156642102161221 0.928286163934754 -0.0343512165215787
1636513410.76911 13.4103987778148 0.0518662906614139 5.77162609263554 0.33745387380438 0.015758022378111 0.940564460806495 -0.0348577516907836
1636513411.26936 13.9923686002111 0.0112986212636232 4.97457634049612 0.315453184849671 0.0146169913529402 0.948225762571933 -0.0338161932639423
1636513411.76963 14.5523445754971 -0.01816449437617 4.13939325078101 0.300906822420514 0.0161932454145896 0.952884749740237 -0.0346917387315515
1636513412.26987 15.1147770301468 -0.0612884642121154 3.29675064012998 0.294794126175321 0.0176993240071392 0.954824360563711 -0.0330695868785595
1636513412.77014 15.6992257563793 -0.103438455352068 2.46595300071324 0.296695819169812 0.0165399915178841 0.954262935394531 -0.0328674565483197
1636513413.27039 16.2881383378892 -0.146258312161154 1.63138042900136 0.304229747917342 0.0177936874873568 0.9518641079899 -0.0328993174449627
1636513413.77065 16.907042852382 -0.187063563084074 0.834372961666377 0.316850511778631 0.0178500951589935 0.947738630192072 -0.0328422917910641
1636513414.27091 17.5658935227064 -0.227454606615613 0.0607219719435367 0.332600670386155 0.014355630472418 0.94230545077974 -0.0350877095748662
1636513414.77117 18.2336632822626 -0.272313631898934 -0.697670759418241 0.350085559475512 0.0161837803223167 0.935935855901029 -0.0346736202321743
1636513415.27142 18.9232062027437 -0.30945317058834 -1.40988117150924 0.370238613603113 0.0185506554274425 0.92808998254808 -0.0350460621805368
1636513415.77168 19.676807163015 -0.347295797044113 -2.06884626389202 0.394587365647929 0.0161435722466385 0.918028371824595 -0.0355542468803454
1636513416.27194 20.4608438586539 -0.388264378221214 -2.67168256570867 0.424432572754907 0.015679985780867 0.904633900930838 -0.0353360229400217
1636513416.7722 21.2723825123324 -0.432634669182421 -3.22244474452786 0.458862602532649 0.016705425612145 0.887724467158042 -0.0333363339473921
1636513417.27245 22.1395559098933 -0.469114388353629 -3.70421561219712 0.493283779760418 0.0159048401569237 0.869112454267678 -0.0325835928293925
1636513417.77289 23.0483571317835 -0.500215001887411 -4.11239331307714 0.528229380900803 0.0166058995630295 0.848308895018883 -0.0327106081370975
1636513418.27314 23.971642544603 -0.533738463586356 -4.44115602418721 0.563384837081851 0.0154004222098892 0.825433116891323 -0.0319456081659049
1636513418.77339 24.9013168774711 -0.564993377362434 -4.6804820190933 0.597067037024633 0.0155281619044748 0.801492953580766 -0.0296458234305174
1636513419.27364 25.8328210113152 -0.591898305553997 -4.79623502441813 0.638555242031286 0.0146489293636331 0.768933434966933 -0.0278205739124398
1636513419.7739 26.7794112468975 -0.6150031099553 -4.81259127869207 0.68378381779885 0.01423481264346 0.729157541609444 -0.0237979019980001
1636513420.27415 27.6950371582237 -0.633546516495712 -4.68852814168477 0.728026979629316 0.0123654636152824 0.685078873784176 -0.0221528539019272
1636513420.77444 28.5908955395033 -0.645316580977173 -4.45419916934821 0.770851574510505 0.0113153667737551 0.636587208006342 -0.0204092908289677
1636513421.27468 29.4525364459128 -0.634903741723458 -4.10473258722355 0.811568022281541 0.0106339947801153 0.583865315808048 -0.0185891463336159
1636513421.7755 30.262721669603 -0.629915964130825 -3.64563224047507 0.847255878399245 0.00763133332960658 0.530812266051484 -0.0183732816564014
1636513422.27519 31.0255958868358 -0.627912614572512 -3.1145831923355 0.876024148604987 0.00513309812558632 0.481987349463244 -0.0156056823605109
1636513422.77553 31.6980158937524 -0.630000128537858 -2.49721940329112 0.90163885464161 0.00493437169606836 0.432135540938692 -0.0167899384797514
1636513423.2757 32.3089141346763 -0.61261086543861 -1.82291743981234 0.924612317543818 0.00541693475473489 0.380604757934096 -0.0142385849732643
1636513423.77596 32.8382488172438 -0.58609081139344 -1.05998629545116 0.945138892985925 0.00502635326745507 0.326416689309211 -0.0118048159064343
1636513424.27622 33.2763112291167 -0.568975053489151 -0.243483342065978 0.962573412997657 0.000963162959222743 0.270840716071599 -0.00983887315597949
1636513424.77825 33.6079532707855 -0.545041650404672 0.615574605446 0.97685839510766 -0.00207212671875802 0.213746923231745 -0.00745888781994452
1636513425.27674 33.8288397746289 -0.5203808256921 1.49829730009303 0.987667035199159 -0.00305357079267174 0.156411136391848 -0.00632927317533336
1636513425.77701 33.9765546450303 -0.481895587541454 2.41542789958539 0.995176761001094 -0.00476335853572665 0.0979570677427625 -0.00222208417289906
1636513426.27726 34.010987559809 -0.448402255406603 3.33564753203234 0.999014674146086 -0.00414513559064894 0.0441798178076075 -0.000801492489373625
1636513426.77751 33.9108864754718 -0.408769090681105 4.22212772755431 0.999833734953572 -0.00475165746684072 -0.0172465945850126 0.00353258762501086
1636513427.27777 33.6637690906325 -0.374127300020911 5.04847094140606 0.995466391532041 -0.00486961313285991 -0.0944310594425953 0.0102822765311165
1636513427.77803 33.2587039599333 -0.329119503211558 5.79782065087385 0.98275012446354 -0.0056674289782207 -0.18446826363332 0.011896757027891
1636513428.27828 32.7355184524645 -0.300537936778079 6.4223926544402 0.960259616299826 -0.00855879987457526 -0.278600593759116 0.0144888027623319
1636513428.77855 32.120153002147 -0.276785084784023 6.9404681951003 0.928805171100965 -0.0122999174744161 -0.369874085546834 0.0190480184566103
1636513429.27915 31.3985876399103 -0.242309329220028 7.31602061930279 0.889060643956113 -0.0139586845668931 -0.45713297810336 0.0201436546797702
1636513429.77906 30.6163671262764 -0.21766347302809 7.5775252127834 0.842502138430101 -0.0153474106781284 -0.538042637556036 0.0215574557387642
1636513430.27931 29.7801337951474 -0.188799775482933 7.743679923114 0.796909026196516 -0.0188325378592087 -0.603315156430913 0.0243343688030974
1636513430.77956 28.9027706996343 -0.162009031246879 7.75823068628333 0.747669115745542 -0.0186503241817966 -0.663450357268585 0.021833053116323
1636513431.27984 28.0129467057114 -0.143750303601135 7.66354854404155 0.698163050670946 -0.0185523317189568 -0.715332904008454 0.0228692393502971
1636513431.78008 27.0927792928035 -0.126191423619022 7.47729289808657 0.651215840554213 -0.019440869142828 -0.758189790686614 0.0262340030652855
1636513432.28034 26.2151476684756 -0.110212516374496 7.18687072474947 0.60409090660164 -0.0195053103581104 -0.796025162572732 0.0322127300938357
1636513432.88065 25.1764194507018 -0.093785608671787 6.68862095329707 0.546718803065008 -0.0143454886042226 -0.836651643806876 0.0301128585013653
1636513433.3809 24.3721216072442 -0.104822954271135 6.22229650026254 0.501123785205477 -0.0143567039983823 -0.864633024850373 0.0328415786729482
1636513433.88116 23.6081245903405 -0.133034490141617 5.71041647205001 0.464820729668254 -0.0118842213413849 -0.884670165114236 0.0340463435706609
1636513434.48148 22.6978429875218 -0.156923076825916 5.01432507008847 0.43103740385713 -0.0126855261951127 -0.901507241781633 0.0364763884798271
1636513434.98173 21.9623082022128 -0.171865332496433 4.35176060533107 0.40899417724267 -0.0146367653484627 -0.911724551343577 0.0356071700515411
1636513435.58311 21.1122238629514 -0.200494863600678 3.51742452482577 0.385966855631978 -0.0161968741136594 -0.921771314330285 0.0332399112563357
1636513436.18235 20.2787014169736 -0.220530329109756 2.6317828121731 0.367137838834952 -0.0173942597327268 -0.929468038991227 0.0315659867223214
1636513436.6826 19.5989920734257 -0.239530158368833 1.85660438840012 0.353991189228542 -0.0172333729677781 -0.934600352490789 0.0302560725939288
1636513437.28291 18.7946745253776 -0.267410693475456 0.913289476231839 0.343052661773139 -0.0170916711362189 -0.938703397179171 0.029303210616247
1636513437.88324 18.0082585435172 -0.283100630134084 -0.0290195363002702 0.336078390706012 -0.0154181343253614 -0.941140427919358 0.032684726863621
1636513438.38484 17.3410713145716 -0.300004253156722 -0.802114067064824 0.337344447577968 -0.015122909654576 -0.940634893423076 0.034293127108126
1636513438.98379 16.5060117484435 -0.3236293435121 -1.71056074782313 0.348995172701363 -0.0154913585182465 -0.936451767461961 0.0319448659376652
1636513439.48404 15.7828486302582 -0.350659845395711 -2.44066931388287 0.366743506992619 -0.0157791193627036 -0.929671361842798 0.0310061032741929
1636513439.98429 15.0334586958171 -0.363550812357868 -3.10983458150083 0.390505120522428 -0.0136838879754037 -0.919988541481841 0.030652660533063
1636513440.48456 14.2215032350864 -0.371178920773358 -3.73166222904407 0.419690106608303 -0.0139659727660924 -0.907062567726106 0.0300443713519083
1636513441.08486 13.1865405076993 -0.382018517676675 -4.39191624708743 0.461343493503779 -0.0132930089485079 -0.886634914321917 0.0293939725146447
1636513441.58511 12.2926649688936 -0.388436977111269 -4.84008151452703 0.498179406450417 -0.011336918169605 -0.866533461677705 0.0284343642091635
1636513442.08538 11.3708718307655 -0.386726138031423 -5.20403839680654 0.536989646094268 -0.0113056633988896 -0.843032973986966 0.0284553463053065
1636513442.58563 10.4013014005719 -0.380707904231757 -5.48948379725862 0.574523386554248 -0.0113761620121256 -0.817949764622066 0.0274161228991148
1636513443.08603 9.42154596751018 -0.372643409513644 -5.66415641551549 0.61180790164045 -0.0141267668458598 -0.79039149664475 0.0277994241031042
1636513443.58616 8.42554250569507 -0.361831736249784 -5.75853498274748 0.648556034093158 -0.0158938996980337 -0.760573851934971 0.025492554727707
1636513444.08641 7.42913782327613 -0.343992927038446 -5.75577587590136 0.687574403351038 -0.0155127747949171 -0.725603082527936 0.0223821424484675
1636513444.58667 6.41214589787142 -0.32486176689906 -5.68078952079217 0.724018881852681 -0.0157398731902688 -0.689434159252315 0.0151477776852248
1636513445.08731 5.42087174625332 -0.297444933164591 -5.48660241185277 0.755880815325995 -0.0138769358238722 -0.654352129171868 0.0165805525387997
1636513445.58718 4.47068337853765 -0.2668532760762 -5.19711458049598 0.786532141284903 -0.00999371142882732 -0.617221947816532 0.017446592539198
1636513446.08796 3.56791044035326 -0.228206532334999 -4.78306458349819 0.818714586438049 -0.00810226812302177 -0.573823618328198 0.01916335705379
1636513446.5877 2.73856009538651 -0.198805287562958 -4.29158927866568 0.851422597457135 -0.00706301157121366 -0.524208397353041 0.0153372276323432
1636513447.08795 2.01494890327345 -0.170325160013423 -3.69802537504618 0.885159042518991 -0.00688165453222234 -0.465139522454618 0.00955703554723505
1636513447.88837 1.17240007495722 -0.137615448511696 -2.56383562895208 0.937835157961094 -0.00519451753317973 -0.347005596295769 0.00503484052421579
1636513448.78883 0.579923950533666 -0.0703081838336348 -1.08072861622874 0.977704977555412 -0.00327631212200025 -0.20994541516615 0.00227272808837019
1636513449.68929 0.308197245498759 -0.00487581626234368 0.534665978318219 0.995008515958902 -0.00333192565271569 -0.0997323028152724 0.000647468817792868
1636513450.6898 0.244875226858349 0.0785155012178748 2.42250387707867 0.999712005734513 -0.00248141698024989 -0.0237499793267067 0.00238466811680742
1636513451.29011 0.226813909115113 0.117575458429991 3.59383405100002 0.99989569164591 -0.00301105321576302 -0.0138874147114232 0.00258439530864728
1636513451.89042 0.234002990844079 0.163344594769228 4.76297828002316 0.99998345435184 -0.00164681208743184 -0.00535963554670857 0.00128582242783887
1636513452.39068 0.256122930789346 0.198965922465977 5.75017503298283 0.999993293034907 -0.00132230250348988 -0.000418653393893859 0.00338970951959733
1636513452.991 0.272828332317905 0.234097349327856 6.92882331162981 0.999986440278795 -0.00253758012721563 -9.77019049513071e-06 0.00454751032821632
1636513453.49125 0.272129721543477 0.271822431335976 7.88388273891484 0.999992318465223 -0.000351551355514947 -0.00105966782288054 0.00375719660101217
1636513454.09156 0.27212412843925 0.304136048289014 8.92159643891416 0.999992707434422 0.000167058046196568 -0.00143966983375706 0.00353334407529542
1636513454.59181 0.275434679638179 0.325283789136687 9.61017087589659 0.999994083447074 -0.00123796003396647 -0.00188747347350735 0.00259575994410276
1636513455.09206 0.281287702872242 0.339584567420704 10.0383004220004 0.999985333028928 -0.00348858940164422 -0.00189183771957211 0.00368570496016504
1636513455.59233 0.281151441645573 0.344250304796289 10.1390370026955 0.999984435148383 -0.00386489790037143 -0.00219506071566693 0.0033724966484879
1636513456.19264 0.281249052847819 0.342379426286609 10.1288971190798 0.999989888344683 -0.0022942700302949 -0.00224115392880477 0.00315226307349333
1636513456.69291 0.279432939366771 0.341073741078632 10.1287343995228 0.999989289111699 -0.00262514550708974 -0.00222668305482992 0.00309389003018758
1636513457.29361 0.276387271572422 0.339377334078103 10.1279763664051 0.999988889261768 -0.00288185496334153 -0.00211268464341728 0.00307454526437656
