1636513397.76224 -0.001249712249013 0.000634420671415696 0.0272366555951236 3.58422500154586 0.000870695857396579 0.00019617038475129 -0.000403858953070936
1636513398.2625 -0.00327022988516686 0.00768673429498101 0.262979297368211 3.58422080181027 -0.00235467674640981 -0.000566671016348368 -0.00501992574767314
1636513398.76276 0.0010769502600975 0.0236748041122024 0.678167774265838 3.58421753646668 -0.003009162082913 0.00293812504848802 -0.00606506818531275
1636513399.26301 0.0369632015541966 0.0387691248003808 1.23868093995237 3.58416404630029 -0.000742695905390927 0.0207936788474748 0.00223202457688517
1636513399.76328 0.0792559807258318 0.0643865727593666 1.93470764728564 3.58383255493739 -0.00391124199843273 0.0528849137947682 -0.00138839925634386
1636513400.26353 0.162719588762576 0.084566147820508 2.72912632202759 3.5824907422791 -0.0058345203618658 0.111335837343826 -0.000438841935560651
1636513400.76397 0.29224785108779 0.0999060364227579 3.5836709311983 3.57892673642174 -0.00742241263335049 0.19452464008821 -0.00763602759597582
1636513401.26422 0.478541601454263 0.129258430564912 4.45966033806137 3.57080491302305 -0.00300937029878375 0.309194302649097 -0.020295847672657
1636513401.76448 0.762998012925882 0.160224703112068 5.34824596860718 3.55624016168278 -0.000651272116538152 0.44665740671134 -0.0179574695196364
1636513402.26473 1.13498551875142 0.188315996170303 6.22546235790673 3.5351967239371 -0.0033612514820852 0.590267674974591 -0.0250343431224859
1636513402.765 1.59916520738893 0.220769432263943 7.03680666541633 3.50223604514643 0.00256105208610138 0.761578232351995 -0.0316945184454934
1636513403.26525 2.14333978851143 0.231388577494312 7.76467258888534 3.44926727419525 0.00524402625480386 0.973514112576546 -0.0383127311899155
1636513403.7655 2.77355291811327 0.239716672643067 8.39080297882516 3.37345328063731 0.00517527467838307 1.20983035491198 -0.0525976579851149
1636513404.26576 3.49805807042191 0.247056452272059 8.91667670957008 3.2757086169004 0.00588646667509869 1.4537763785191 -0.0538745704114184
1636513404.76604 4.27373803733665 0.248931299747148 9.33529802600225 3.16325627907356 0.011970647441369 1.68415353158551 -0.0629533156566381
1636513405.26628 5.10020891039469 0.245938314226906 9.63341489792156 3.03235977149003 0.0181678348562219 1.90937831917191 -0.0735418364228557
1636513405.76654 5.95688561384274 0.241064611811032 9.81889958201815 2.88669641195162 0.0243231478185498 2.12278424522476 -0.0827591646525728
1636513406.2668 6.82793861147441 0.225158726363679 9.88079417912129 2.7335167644639 0.0259344799169796 2.31616442647831 -0.0962583610148435
1636513406.76705 7.70519958877116 0.209232004871667 9.83160106486513 2.57678886798162 0.036135215850813 2.48892693362714 -0.103758934503939
1636513407.2673 8.55931901073901 0.187106596154665 9.6705233505362 2.40692476313484 0.0366128755022696 2.65305209871105 -0.115572768778921
1636513407.76757 9.37830935058407 0.157604749127284 9.38900119128958 2.22060459388709 0.0403747792112564 2.81076102837317 -0.116522004756197
1636513408.26782 10.1503192940912 0.121823383559597 9.00039533129888 2.02545892636845 0.0445614716267708 2.9544590294054 -0.115637700635603
1636513408.76869 10.8884845399916 0.098705710576138 8.52017496725646 1.83247679731991 0.0436712089775071 3.07780488590372 -0.11793438218084
1636513409.26833 11.5582717543391 0.159154944161121 7.84885446781712 1.64730071773947 0.0491727637292137 3.180641318052 -0.119050459660149
1636513409.76863 12.210084317696 0.124909079028176 7.21332469678373 1.47372328098789 0.0492732748648436 3.26460094483556 -0.121500320327578
1636513410.26885 12.8150774323254 0.0944136581666966 6.51318843676926 1.32596675515988 0.0561440559831845 3.32718660164093 -0.123122493689022
1636513410.76911 13.3993747651878 0.0518236539991758 5.76688152985424 1.20951065653574 0.0564802998921934 3.37119478190882 -0.124938029774462
1636513411.26936 13.9808661795385 0.011289333236806 4.97048699212549 1.13065523418763 0.052390587811478 3.39865461226657 -0.121204849880965
1636513411.76963 14.5403818268115 -0.0181495622612729 4.13599046431502 1.07851779634006 0.0580402372390554 3.41535347118082 -0.124343001953177
1636513412.26987 15.1023519341004 -0.0612380820561066 3.29404054766465 1.05660851681283 0.0634383619863953 3.42230547304726 -0.118528844508209
1636513412.77014 15.6863202145054 -0.103353423813722 2.46392586509499 1.06342461264355 0.059283053338094 3.42029319884422 -0.117804363897932
1636513413.27039 16.2747486806775 -0.146138080577681 1.63003935341168 1.09042790942893 0.0637765819440573 3.411695261365 -0.117918560524517
1636513413.77065 16.8931444249766 -0.186909787561387 0.833687065727156 1.13566356848881 0.0639787597385685 3.39690862014639 -0.117714167742449
1636513414.27091 17.551453487387 -0.227267627652724 0.060672055472257 1.19211568285681 0.0514538115740941 3.37743488193145 -0.12576225060268
1636513414.77117 18.2186743070956 -0.272089776593339 -0.697097239466392 1.25478546182098 0.0580063122174221 3.3546048198647 -0.124278061172293
1636513415.27142 18.9076503891114 -0.309198784740718 -1.40872217929024 1.32701854498068 0.0664897254616222 3.32648344338371 -0.1256129769651
1636513415.77168 19.660631852033 -0.347010302681466 -2.06714556969833 1.4142899540759 0.0578621974219293 3.29042036532575 -0.127434425339592
1636513416.27194 20.4440240306388 -0.387945205653787 -2.66948631018878 1.52126189556066 0.0562005991588688 3.24241156607264 -0.126652261607532
1636513416.7722 21.2548955593113 -0.43227902203613 -3.21979573519248 1.64466687370343 0.059876006377 3.18180434851841 -0.119484926057119
1636513417.27245 22.1213560973485 -0.468728753069668 -3.70117056332433 1.76804012231407 0.0570065278653413 3.11509470409594 -0.116786932421518
1636513417.77289 23.0294102395797 -0.499803800357285 -4.10901272189848 1.89329302429393 0.0595192826101306 3.04053006413013 -0.117242183879978
1636513418.27314 23.9519366660173 -0.533299704108761 -4.43750517376134 2.01929809398532 0.0551985803808213 2.95853812517296 -0.114500251754631
1636513418.77339 24.8808467604944 -0.564528924796227 -4.67663443083483 2.14002268163661 0.0556564282049463 2.87273119008911 -0.106257305499992
1636513419.27364 25.8115851517604 -0.591411735802982 -4.79229228145072 2.28872574884506 0.0525050608321793 2.75603054507612 -0.0997152002988778
1636513419.7739 26.757397243241 -0.614497546909628 -4.80863509007278 2.45083514695057 0.0510207732747356 2.61346478832028 -0.0852970385115805
1636513420.27415 27.6722704646752 -0.633025709850559 -4.68467393911463 2.60941259965395 0.0443206055010617 2.45547691916496 -0.0794008157766551
1636513420.77444 28.5673924059525 -0.644786098755505 -4.45053759681039 2.76290558904144 0.0405568220070304 2.28167187182549 -0.0731514931853571
1636513421.27468 29.4283250008203 -0.634381819371882 -4.10135829354133 2.90884250456755 0.0381146313808532 2.09270474062127 -0.0666276855350142
1636513421.7755 30.2378442120911 -0.629398141979703 -3.64263535003816 3.03675581549401 0.0273524167367721 1.90255066617291 -0.0658539779330919
1636513422.27519 31.0000913088972 -0.627396439274045 -3.11202285054335 3.13986777266809 0.0183981793243225 1.72755117290238 -0.0559342789719803
1636513422.77553 31.6719585532323 -0.629482237199421 -2.49516656513989 3.23167664588104 0.0176858990605712 1.54887106774235 -0.0601789195213414
1636513423.2757 32.2823546055164 -0.612107268936528 -1.82141891130417 3.31401870906285 0.0194155137048707 1.36417314004922 -0.0510342941540394
1636513423.77596 32.8112541487326 -0.585609015690537 -1.0591149341666 3.38759057670662 0.0180155817207312 1.16995090244384 -0.0423111178908904
1636513424.27622 33.2489564515856 -0.568507327787773 -0.243283186687911 3.45007982155672 0.00345219288795517 0.97075410223996 -0.0352647364699066
1636513424.77825 33.5803258670547 -0.544593599147147 0.615068572602702 3.50128041349447 -0.0074269686691554 0.766117094866687 -0.0267343332065504
1636513425.27674 33.8010307912413 -0.51995304685507 1.49706562543303 3.54002101299017 -0.0109446851878895 0.560612726515837 -0.0226855400039924
1636513425.77701 33.9486242326963 -0.481499445478121 2.41344229810509 3.5669375609696 -0.0170729493927862 0.351100184396005 -0.00796444994553186
1636513426.27726 33.983028841912 -0.448033646522745 3.33290546439351 3.58069350573146 -0.014857099173743 0.158350413464464 -0.00287272952626621
1636513426.77751 33.8830100456286 -0.408433062223499 4.21865692924677 3.58362920406509 -0.0170310101275739 -0.0618156778120632 0.0126615893586504
1636513427.27777 33.6360958035307 -0.373819748832623 5.04432084801009 3.56797566199861 -0.0174537897905855 -0.338462176818834 0.0368539939922045
1636513427.77803 33.2313636564504 -0.328848950663545 5.79305455486706 3.52239769794293 -0.0203133413969669 -0.661175787202499 0.0426406555693949
1636513428.27828 32.7086082334061 -0.30029087969463 6.41711312928281 3.44178665327409 -0.0306766656395133 -0.998567250895374 0.0519311310429453
1636513428.77855 32.093748643996 -0.27655755372248 6.93476278616446 3.32904684017153 -0.0440856733754388 -1.3257119943588 0.0682723865321961
1636513429.27915 31.3727764442593 -0.242110138938724 7.31000648765593 3.18659350698342 -0.0500310680821082 -1.63846751034912 0.0721993934225264
1636513429.77906 30.5911989546668 -0.217484542862413 7.5712961113964 3.01971734120933 -0.0550085751162171 -1.92846594545797 0.0772667747146613
1636513430.27931 29.7556530487929 -0.18864457270758 7.73731423431784 2.85630136233953 -0.0675000555587929 -2.16241734826172 0.0872198563187306
1636513430.77956 28.8790111892404 -0.161875851791462 7.75185303603848 2.67981443763514 -0.0668469607161945 -2.37795544662785 0.0782545777625642
1636513431.27984 27.9899186747542 -0.143632133725034 7.65724872721158 2.50237355483885 -0.0664957336678023 -2.56391417474268 0.0819685025073542
1636513431.78008 27.0705076850778 -0.126087688012762 7.47114619263134 2.33410418430044 -0.0696804518362058 -2.71752290520055 0.0940285731893769
1636513432.28034 26.1935975174544 -0.110121916222159 7.18096276071865 2.16519781152245 -0.0699114236597784 -2.85313339612287 0.115457676882943
1636513432.88065 25.1557231857715 -0.0937085122519594 6.68312257527953 1.95956327595433 -0.051417460835188 -2.99874785132611 0.107931264340049
1636513433.3809 24.3520865150149 -0.104736784606039 6.21718146406381 1.79614046689211 -0.0514576593328389 -3.09903942058608 0.117711611766574
1636513433.88116 23.5887175415348 -0.132925129195425 5.70572222661135 1.66602214274291 -0.0425957248467296 -3.17085704236182 0.122029760395232
1636513434.48148 22.6791842353217 -0.156794078277173 5.01020304629153 1.54493509721247 -0.0454677818445981 -3.23120491576016 0.130739588438874
1636513434.98173 21.9442540960709 -0.171724050672755 4.34818324237134 1.46592721031509 -0.0524614622632579 -3.26782605350849 0.127624113900038
1636513435.58311 21.09486856828 -0.200330046883099 3.51453302748712 1.38339210539656 -0.0580532433134703 -3.30383591393509 0.11913932542421
1636513436.18235 20.2620313190754 -0.220349042246254 2.62961935622868 1.31590467011735 -0.0623449429461267 -3.33142270792527 0.113139603034593
1636513436.6826 19.5828807303051 -0.239333252703748 1.85507816755015 1.26878411815145 -0.0617682885592406 -3.34981807497328 0.108444575890362
1636513437.28291 18.7792243711562 -0.267190868628312 0.912538707005293 1.22957797310127 -0.0612603972928305 -3.36452431087714 0.105029304039365
1636513437.88324 17.9934548622201 -0.282867907381166 -0.0289956808027638 1.20458061544121 -0.0552620645902984 -3.37325917771192 0.117149419569047
1636513438.38484 17.326816094253 -0.299757634787667 -0.801454689536227 1.20911844830456 -0.0542039129046722 -3.37144722826352 0.122914288153223
1636513438.98379 16.492442988487 -0.32336330414754 -1.70915458208595 1.25087727013774 -0.0555245165829581 -3.35645396304905 0.114497591441518
1636513439.48404 15.7698743462363 -0.350371585618544 -2.43866296270865 1.31449129601636 -0.0565559162346521 -3.33215146280048 0.111132854706903
1636513439.98429 15.0211004474729 -0.363251955566777 -3.10727814330221 1.39965826848812 -0.0490461352317632 -3.29744605468095 0.109866036350212
1636513440.48456 14.2098124543843 -0.37087379329898 -3.72859461769155 1.50426382919411 -0.0500571906288704 -3.25111645464581 0.107685790977512
1636513441.08486 13.1757005176683 -0.381704479516259 -4.38830587419943 1.65355894548039 -0.0476451367986532 -3.1778991458568 0.105354615116941
1636513441.58511 12.2825597888701 -0.388117662658998 -4.83610272757103 1.78558715055001 -0.0406340670617393 -3.10585101403089 0.101915162908274
1636513442.08538 11.3615244104002 -0.386408229973692 -5.19976041924985 1.92469178699332 -0.0405220429269391 -3.02161997535503 0.101990367464664
1636513442.58563 10.3927510151675 -0.380394943460568 -5.48497116943156 2.05922116297645 -0.040774725828512 -2.93171610587226 0.0982655568108709
1636513443.08603 9.41380098964393 -0.372337078156917 -5.65950019813668 2.19285725911049 -0.0506335128112001 -2.83294106909922 0.0996393946206476
1636513443.58616 8.41861629205213 -0.361534292624478 -5.75380118150751 2.32457083912737 -0.0569673147975947 -2.7260679174513 0.0913710554212103
1636513444.08641 7.42303070367973 -0.343710147798685 -5.75104434278401 2.4644214589647 -0.0556012773401081 -2.6007248067375 0.0802226375484294
1636513444.58667 6.40687479605592 -0.324594714421377 -5.67611963017622 2.5950466748577 -0.056415249116942 -2.47108724281181 0.054293045525192
1636513445.08731 5.41641552093368 -0.297200418683451 -5.48209215266736 2.70924701767594 -0.0497380621825834 -2.34534534879579 0.0594284331687781
1636513445.58718 4.46700825516265 -0.266633909453793 -5.19284229465955 2.81910827061193 -0.0358197116993734 -2.21226241949915 0.0625325155064881
1636513446.08796 3.56497744108917 -0.228018935251892 -4.77913266728616 2.93445739944922 -0.0290403530604763 -2.05671303611167 0.068685786031292
1636513446.5877 2.73630886322172 -0.198641859760644 -4.28806137951952 3.05169027467355 -0.025315423605332 -1.87888091399291 0.0549720767875584
1636513447.08795 2.0132925153822 -0.170185144287881 -3.69498541485522 3.17260928904409 -0.0246653991476933 -1.66716476786079 0.0342545670285371
1636513447.88837 1.1714363039729 -0.13750232179062 -2.5617280289608 3.36141234604815 -0.0186183203088216 -1.24374618037596 0.0180460019597437
1636513448.78883 0.579447224296116 -0.070250387020937 -1.07984020372819 3.50431475558291 -0.0117430402591665 -0.752491634105465 0.00814596914031974
1636513449.68929 0.307943892083824 -0.0048718080996534 0.534226456377532 3.56633453286047 -0.0119423716738264 -0.357463026564181 0.00232067401113623
1636513450.6898 0.244673927281979 0.0784509575834026 2.42051245879407 3.58319289913842 -0.00889395711207866 -0.085125272868574 0.00854718740390451
1636513451.29011 0.226627456837333 0.11747880557426 3.59087974124279 3.58385127079907 -0.010792292620036 -0.049775620874735 0.00926305462512449
1636513451.89042 0.233810628784713 0.163210317414384 4.75906287574839 3.58416583209562 -0.00590254527709265 -0.0192101404432229 0.00460867706555151
1636513452.39068 0.255912385042731 0.198802362613809 5.74544810403603 3.58420109615077 -0.00473942986964203 -0.00150054801742478 0.0121494820619255
1636513452.991 0.272604053903049 0.233904909701138 6.92312747536549 3.58417653433006 -0.00909525847511776 -3.50185623505246e-05 0.0162993008219915
1636513453.49125 0.271906017421312 0.271598979821596 7.87740179645343 3.58419760307361 -0.00126003920482892 -0.00379808804596809 0.0134666384960761
1636513454.09156 0.271900428914894 0.303886033379523 8.91426244434583 3.58419899722679 0.000598773648252501 -0.00516010080486322 0.012664300646774
1636513454.59181 0.275208258676614 0.325016389735803 9.60227083900441 3.58420392916593 -0.00443712747039254 -0.00676512986619042 0.00930378803717898
1636513455.09206 0.28105647043541 0.339305412071097 10.0300484413964 3.58417256569726 -0.0125038898205457 -0.00678077230663288 0.0132103963599791
1636513455.59233 0.280920321222225 0.343967313979252 10.1307022116281 3.58416934749124 -0.0138526642003573 -0.0078675917908744 0.0120877872566423
1636513456.19264 0.281017852183223 0.342097973424457 10.1205706634994 3.58418889297449 -0.00822318031003214 -0.0080328002439755 0.0112984205414826
1636513456.69291 0.279203231637492 0.340793361554452 10.120408077706 3.58418674518857 -0.00940911251065549 -0.0079809333737433 0.0110891984124349
1636513457.29361 0.276160067533061 0.339098349084578 10.119650667729 3.58418531203639 -0.0103292169962541 -0.00757233740215974 0.0110198624165762
