1636512982.94563 1.56879770601233e-06 6.50390568346717e-07 -4.99193696832853e-05 0.999999999863604 1.60759220248039e-05 -3.27421052874451e-06 -1.90717833236737e-06
1636512983.34749 -1.75994621626072e-05 -0.00109548305149592 -0.00103247536125162 0.999999999857024 1.31338902922058e-05 9.48735679238023e-06 4.84187163544512e-06
1636512983.68255 -2.00870408314771e-05 -0.00109644168512053 -0.000958897439573378 0.999999998231007 -1.92437838350592e-05 5.38122033184661e-05 1.64897084119413e-05
1636512984.15149 0.00150929261183019 0.0317378125851695 -0.00249357521368579 0.999999415650776 -0.000165447036329043 0.00106746303343916 4.29890313232131e-05
1636512984.48626 0.00530199747435879 0.118114263616996 0.000927604825506215 0.999999627707321 0.000197689258083041 0.000839938700902466 2.67514022368011e-06
1636512984.88824 0.0130259029286449 0.292915046033616 0.00627746083971057 0.999999636670032 0.000603628878997701 0.000279310327324096 -0.000533177007945028
1636512985.2233 0.0218867268651303 0.49346103855157 0.0124391161308474 0.99999622168348 0.000864663786095162 -0.000470318570727647 -0.00256666627031796
1636512985.75891 0.0403265506027122 0.908490681376615 0.02186993667697 0.999957606840835 0.00100588755336814 -0.00105646472873593 -0.00909156717274198
1636512986.29493 0.0725932674733777 1.44108878747744 0.0321852320155903 0.999810523386859 0.000829637779305402 -0.0011466827413572 -0.0194142768276433
1636512986.63001 0.107295236694776 1.83830264906826 0.0392611947223235 0.999608780061804 0.000577447962999743 -0.00159463850924525 -0.027917924443404
1636512986.96476 0.160952523869456 2.27627509922948 0.0523802151717262 0.999281415290403 0.00122888751636504 -0.00305163398425736 -0.0377601697653479
1636512987.56759 0.293841277324174 3.14458197943203 0.0680389132985252 0.998159984897731 0.00180957432016297 -0.00166897982828035 -0.0605853488565911
1636512987.90258 0.402666080880556 3.67263037868066 0.080397722432769 0.997024785058539 0.00289558520519747 -0.0013711632216473 -0.0770150211109081
1636512988.23755 0.528183081766643 4.22394511346595 0.0951810586209483 0.995096865064333 0.00272178682237836 -0.00170537005828833 -0.0988529854308612
1636512988.84035 0.855788333448828 5.22684403735269 0.12017789167445 0.988642531370953 0.0050427133599954 -0.00184769361618569 -0.150190220169972
1636512989.17551 1.08110623710714 5.7819149074117 0.134420264567159 0.983092029159838 0.00152954900272412 -0.00180295771100049 -0.183096892452421
1636512989.5103 1.35542954731353 6.30153167651258 0.153222484215797 0.974910001734015 0.00370706832526606 -0.00202635343201798 -0.222559295593744
1636512989.91215 1.73319930471859 6.87562428838592 0.169878309584349 0.961609652400673 0.00501192973946187 0.00124805926562492 -0.274372373460255
1636512990.24721 2.09281512672323 7.31224409633152 0.186424809595638 0.947511424649655 0.00658844800240715 0.00239439166902614 -0.319645052206095
1636512990.64905 2.56027999732154 7.78875325914431 0.204670263682371 0.927646163088943 0.00680602525046314 0.00601833366077664 -0.373349774054571
1636512990.9841 3.00443401900363 8.123300766967 0.225650116297424 0.907684103573836 0.010966369903761 0.0052213539708349 -0.419478300169636
1636512991.45299 3.64760642022117 8.50502179663426 0.254846449187968 0.872475898083765 0.0147607548878454 0.00442522556417399 -0.488414111954983
1636512991.78777 4.1283789290133 8.72001879153327 0.277984468490518 0.84216747218185 0.0129374689865044 0.00476290460485842 -0.539039780939016
1636512992.12291 4.63252349765723 8.87398258205417 0.297345914590934 0.808720616521131 0.0124521834314933 0.00523957474405099 -0.588037800143811
1636512992.52468 5.2556006248175 8.96201500961831 0.31705127012627 0.767768353093821 0.0160690894496002 0.00423524048336918 -0.640511985125892
1636512992.92653 5.88214802751202 8.98175187349346 0.331849689531389 0.725111163208526 0.016804035299834 0.00538185521551908 -0.688405738661771
1636512993.2615 6.40072134084456 8.93297611631477 0.342210562374375 0.686592828772601 0.0187462484618648 0.00612154679029288 -0.726774650295081
1636512993.66356 7.02264291958322 8.80401120306702 0.362855222575762 0.638751431703646 0.0193196728894695 0.00656778918286169 -0.769142524426544
1636512994.0655 7.62378768230718 8.5896476498107 0.375621779447101 0.588811397493302 0.021819242437014 0.00565416021986819 -0.807956118433215
1636512994.46742 8.20981109860876 8.30056884689335 0.392148204146649 0.536023163462444 0.0206610999043843 0.00486587641304706 -0.843936378188065
1636512994.80213 8.68213221062751 8.00307379048666 0.398914944859445 0.491547675504828 0.0193070485129273 0.00610178826090965 -0.870615235774988
1636512995.2711 9.29510733665519 7.50778310410357 0.411808044061403 0.429901331916825 0.0187414222084653 0.00889964869563573 -0.902637468844961
1636512995.60594 9.68390668464479 7.10618377623866 0.411780690236864 0.38938839917357 0.0212934404327652 0.0125762711666559 -0.920741604027495
1636512995.94085 10.0411054226305 6.66810928847136 0.408692376629101 0.349139173815491 0.0227038434889669 0.0142565739364549 -0.936687313300367
1636512996.27588 10.371781382823 6.18412671723826 0.407586239874098 0.312679825212083 0.0232978789143671 0.0146536261438732 -0.94945974479399
1636512996.6779 10.7316909635278 5.56485186988443 0.408685059911358 0.271721361572395 0.0225919117295207 0.0170388856054504 -0.961959865881615
1636512997.28063 11.143902144295 4.59101971386736 0.413251608594569 0.214032832033574 0.0250249636692025 0.0159986783640972 -0.976374794991987
1636512997.81665 11.4443788267165 3.69907201258724 0.399820307516962 0.176601232243656 0.0292411657624782 0.0173788249349927 -0.983694533602151
1636512998.15152 11.6038899094897 3.11394129185793 0.393795896793883 0.160215849297434 0.0299919584796718 0.0177037072098324 -0.986467405853576
1636512998.55344 11.7774428375235 2.38274401703511 0.397926012498867 0.147768434016542 0.0274209695215022 0.0153714740415279 -0.988522280034492
1636512998.95522 11.9493678358446 1.64233884015344 0.402305998365363 0.142999054724827 0.0245948379294555 0.0151451423755137 -0.989301262991944
1636512999.29034 12.0840825694012 1.02082840593534 0.401498620313032 0.141031972232599 0.0232318097772607 0.0129668786148654 -0.989647475559678
1636512999.6253 12.2309369150751 0.395703503421908 0.399479038401848 0.139519037010697 0.0224087393040269 0.0136652472854051 -0.989871480410988
1636513000.09448 12.4262222780293 -0.484926126141398 0.387437240193462 0.139050644300522 0.0226882832038 0.0135377345915667 -0.989932770377364
1636513000.42892 12.5702799131937 -1.11056260373884 0.380490276933651 0.13962271893977 0.0237221616219876 0.0140240708399666 -0.989821236810426
1636513000.76379 12.7160219128492 -1.74063418415595 0.372531799246446 0.140458738429851 0.0239460022620724 0.0138733526816392 -0.989699682661226
1636513001.23357 12.9284336672959 -2.62421186579936 0.365391359439448 0.144875382816041 0.0237009752312634 0.0152091840467887 -0.989049072568001
1636513001.70183 13.140340204922 -3.50762988508434 0.360699861341 0.153502918613128 0.0231296102533479 0.014111118333405 -0.987776670835144
1636513002.10377 13.3476666341723 -4.24971427873352 0.350682810215984 0.171727203384329 0.024281305405136 0.0128314316851393 -0.984761666692266
1636513002.57248 13.6246774986227 -5.09363060902091 0.34260457438734 0.2040932215041 0.0239592347892231 0.0114218583145581 -0.978591566056562
1636513002.97502 13.9213914845783 -5.7795949814023 0.339267836159249 0.247439305721911 0.0243765524399193 0.00996791483476644 -0.968545411609001
1636513003.37645 14.2700309085069 -6.40254655364534 0.338345692326594 0.301173063762812 0.0240945501848454 0.0100106446778737 -0.953212476475337
1636513003.71134 14.6128562223657 -6.87629850417199 0.336872413009857 0.353058877887567 0.0243712355398887 0.00785323122890872 -0.935250660722727
1636513004.11337 15.0771225325378 -7.36222128294625 0.342152235052587 0.418175029081214 0.0235232265389685 0.0079026528054306 -0.908027450545829
1636513004.58228 15.6734104715416 -7.8206848081276 0.350080796381079 0.49641342117897 0.0220019282768506 0.00526601176160721 -0.867791391721315
1636513004.91701 16.1358939496572 -8.05446098071746 0.35452984189524 0.550160032583067 0.0200930894169026 0.00790323485433977 -0.834780057970194
1636513005.31915 16.7057942705716 -8.27295996114317 0.361608293702692 0.610610376838641 0.020019808764518 0.00591386939822206 -0.791655986589343
1636513005.78802 17.4068347568471 -8.41215850802372 0.379102818655164 0.67640275547626 0.0174544956385032 0.00473331316674523 -0.736309886333596
1636513006.12285 17.9112356392553 -8.44186261315945 0.389254803081067 0.72006871557803 0.0163360104212827 0.00345162652168729 -0.693701856624066
1636513006.65873 18.7014058262972 -8.36771507915688 0.413688499097996 0.78324059349296 0.0169984616466201 0.00117778063928966 -0.621485187143837
1636513007.06062 19.2832652387011 -8.21468721443372 0.435331766469996 0.826042110323318 0.0174637683273267 0.00018777966088863 -0.563337743726805
1636513007.39535 19.7392939085159 -8.0208756261132 0.451958903890078 0.85840279261651 0.0168614976917252 0.000569744626801555 -0.512698752597302
1636513007.79756 20.2493693828736 -7.71623860223729 0.473630554190072 0.89311542781209 0.0152655033802492 0.00016188156955125 -0.449568427277686
1636513008.13234 20.653858369323 -7.40966986418985 0.496333172336748 0.917455527547538 0.014775184942877 -0.00118916630888964 -0.39756211434927
1636513008.46729 21.0090250454098 -7.05862104458162 0.511469406801992 0.938003491413322 0.0129729953686092 -0.000116052199324197 -0.346382935520026
1636513008.8024 21.3359960868046 -6.66744617812511 0.524135502857173 0.954736436030017 0.0113905726991118 0.000230134252633865 -0.297234822334991
1636513009.13726 21.6318738284808 -6.23486689213269 0.535977720551838 0.966649884875871 0.00821696753254788 0.000777054488695289 -0.255968509196651
1636513009.47203 21.9096020409231 -5.77353736231529 0.550403186331224 0.976043879972067 0.00867378240659303 0.000158125249946154 -0.217400747156586
1636513009.87399 22.1904983558523 -5.17806675643055 0.568227750307519 0.984565118272555 0.00665927259881676 -0.000428846435466048 -0.174891389325318
1636513010.34277 22.4603943132481 -4.44208633699701 0.590040390138594 0.99146737571934 0.00484299301360795 -0.00186851147607221 -0.13025166781174
1636513010.67785 22.6197772546285 -3.88964637864761 0.607053033907474 0.994707590139449 0.00346466513082606 -0.0026357728169738 -0.102654074035851
1636513011.0814 22.7703418837936 -3.20266918535415 0.625993587684943 0.997299134312732 0.00203202263879905 -0.00309599529885429 -0.0733534075294426
1636513011.48162 22.8958329950913 -2.50940229867757 0.643353755755206 0.998846240180594 0.00271959142461916 -0.00286424829261602 -0.047860091739285
1636513011.81652 22.9713363325667 -1.93264525310635 0.654229983988335 0.999625336176085 0.0026795599271725 -0.00162974114234833 -0.0271910128030346
1636513012.21834 23.0134367089419 -1.2280893502373 0.667952820683967 0.999998491098158 -0.0002874756987908 -0.0016151319638271 -0.0005714086713549
1636513012.55357 23.0307668719479 -0.63051718536435 0.68003185926153 0.99978149244528 -0.000424679579537023 -0.0027582009814696 0.0207166439967933
1636513012.88839 23.0317424489032 -0.0338400583976079 0.693291691351918 0.999051247606581 0.00111860886360944 -0.00376835912849325 0.0433722588692739
1636513013.29032 22.9838332947609 0.669694641214923 0.707478952271478 0.996994759471954 0.00126020702028567 -0.00440581980102269 0.077333370646882
1636513013.69225 22.8752067877917 1.34788904217494 0.717099453191225 0.993062925975868 4.1140158462005e-05 -0.00410864468211204 0.117512307434634
1636513014.16101 22.6830726637595 2.10239793149118 0.721747112258207 0.985742819581567 -0.00216699612811794 -0.00245426442596754 0.168227151070478
1636513014.56292 22.4621880459112 2.72527574965573 0.724706703060872 0.976436961904224 -0.00351019102260576 -0.00237378149150349 0.215761217895302
1636513014.96488 22.1692409206095 3.3043321220045 0.725929244323075 0.962521509383773 -0.00638588571970483 -0.00434734820214853 0.271095306120869
1636513015.29978 21.8913662437764 3.73236771433478 0.722863856387889 0.947584390523758 -0.00972440040093547 -0.00490661167642692 0.319319877293001
1636513015.63498 21.5602145046698 4.14726813307224 0.717804207807328 0.929311951973657 -0.0113316703853257 -0.00634015624323863 0.369067326627542
1636513016.03666 21.1258670609782 4.58398799393684 0.712892243026041 0.902923062072607 -0.0116103690416607 -0.00731567141346835 0.429583081906065
1636513016.37164 20.726653694984 4.88711089721764 0.704963628712692 0.875540237318119 -0.0134899082797883 -0.00891090802984318 0.482874632725326
1636513016.70661 20.2984554600969 5.13893196689123 0.699192868061252 0.845101432673866 -0.0150995010213001 -0.0103326594946729 0.534292812705967
1636513017.04147 19.8396625955103 5.34219497765973 0.688170889585894 0.811497364014152 -0.0156662450238253 -0.0113281709699258 0.584036188525517
1636513017.44373 19.2615619311885 5.50919991840856 0.675560894063747 0.76691838255902 -0.0165743276795834 -0.012934196904998 0.641400181404285
1636513017.84546 18.6717284702771 5.58326223802479 0.654097254783282 0.718781346085781 -0.0196739269235646 -0.0140961570242549 0.694814803725184
1636513018.18015 18.169048656476 5.58399316766976 0.633196107852867 0.675734574751386 -0.0207974489894687 -0.0149314101510731 0.736700280705793
1636513018.5152 17.6776003451214 5.53162678660663 0.616261582857265 0.629776963642297 -0.0218211383815788 -0.0141021760581875 0.77634138277928
1636513018.84997 17.1820590904015 5.41165486524431 0.597411552127594 0.583295438107662 -0.023058107860123 -0.0152092105557977 0.811790265683798
1636513019.25207 16.6081273598779 5.20067863110721 0.576405469403838 0.527896677543411 -0.0231921969335096 -0.0150774668815255 0.848857991558342
1636513019.58693 16.1422876274483 4.96410175417646 0.557782180288068 0.481927284956328 -0.0234296546932712 -0.0142548768626066 0.875781903090723
1636513019.98893 15.6127265687605 4.62461646006953 0.537962364523163 0.428432319711895 -0.0233139104571525 -0.0114095758551646 0.903200991244079
1636513020.39078 15.1391950723568 4.21887096564942 0.517182343108412 0.376735580150006 -0.0263178458966737 -0.010903066389653 0.925882712215592
1636513020.72561 14.7620416163117 3.83741806411265 0.499121181921621 0.335383860136497 -0.0281037326742835 -0.0102251159226584 0.941606761644203
1636513021.06086 14.4335720673359 3.41837604247519 0.480035089265581 0.296318960885774 -0.0299044036953368 -0.0116962923276453 0.954549106544544
1636513021.3957 14.1174200616261 2.96086236753395 0.466431010228857 0.264256338194753 -0.0302191128390972 -0.013119777641077 0.963889653631455
1636513021.7304 13.817542324164 2.47054529911394 0.458476931954539 0.238721999758252 -0.0282853477420493 -0.0140410678724525 0.970574363120896
1636513022.06543 13.5355221490046 1.96296428269743 0.448455441304541 0.216358656421267 -0.0271541388317334 -0.0147427366811813 0.975824900405314
1636513022.46725 13.2143742469881 1.3224791159029 0.434546006515718 0.195239461539511 -0.0253370148257082 -0.0153525400930018 0.980308057627895
1636513022.86946 12.9208014210638 0.65191022656901 0.418609829831132 0.178226897062717 -0.0238750150078226 -0.0180397563845533 0.983534302407068
1636513023.20411 12.683788216578 0.0921519704618534 0.40032391865848 0.16813865274017 -0.0246610697635845 -0.0169419116347914 0.985309188388597
1636513023.53917 12.4563076528233 -0.480257881602452 0.38696655079895 0.164453903692599 -0.0240772930919969 -0.0181574576216809 0.985923680743264
1636513023.94109 12.1686960745074 -1.16356689852427 0.365824559150989 0.167845127182736 -0.0247118750860912 -0.0167328591605597 0.985361531588814
1636513024.27594 11.9336043340378 -1.73814266303194 0.34633733554638 0.173422509967596 -0.0259148802554573 -0.0180681723060259 0.984340689582324
1636513024.61086 11.6866357256153 -2.30664645784336 0.333254865048331 0.183465237133151 -0.026163878032768 -0.0178604201188817 0.982515630228415
1636513024.94576 11.4246137879451 -2.87038475705686 0.315186813189225 0.197763593228301 -0.0265810740267136 -0.0190380480205126 0.979704322959017
1636513025.28087 11.1371764252626 -3.42191049033186 0.300666722687192 0.214736283903245 -0.0259220418073013 -0.0162839593938726 0.976192198693692
1636513025.68261 10.7821072065999 -4.07316807453529 0.278729917197564 0.234392818328002 -0.0265631676266219 -0.0183619901033861 0.971605497185632
1636513026.01755 10.4556724350165 -4.60162071199018 0.265298624283808 0.250795503186955 -0.0256393725441844 -0.0177037178444537 0.967538534907642
1636513026.35249 10.12041568202 -5.12311200095392 0.247259833937735 0.267177441250431 -0.026319696986151 -0.0195413136906442 0.963089624851537
1636513026.68742 9.76012216667273 -5.62461856265536 0.22859879647487 0.284002349650365 -0.0256843481251914 -0.0178363170974232 0.958313542347626
1636513027.02239 9.40134500600778 -6.12373787859994 0.20811229394073 0.303304389864635 -0.026765050952827 -0.0213110827857928 0.952279327134025
1636513027.42431 8.91471754776671 -6.67508862834161 0.183674756741504 0.336535072369773 -0.0258647311326937 -0.0200540210537722 0.941102011998742
1636513027.8262 8.41087936311913 -7.18284094762181 0.16096940587176 0.377536112741462 -0.025028066518431 -0.0201642615715651 0.92543691412094
1636513028.22813 7.85769548030208 -7.63120395085932 0.134664104992845 0.423277043447264 -0.0240219200797523 -0.0198790593301705 0.905463591121351
1636513028.56313 7.37050784550339 -7.95381247885444 0.114840814320225 0.463693689004337 -0.0236843452900579 -0.0201649306832494 0.885449371865083
1636513028.89801 6.8624792184786 -8.22386927228977 0.0984432561458173 0.507412288314608 -0.0227902909923535 -0.0215029188572951 0.861133553396007
1636513029.23317 6.3501937618139 -8.4165020984482 0.079389337847691 0.556122433420301 -0.0212463810813537 -0.0193242200171778 0.830604000025497
1636513029.56795 5.82240019033244 -8.55217089185213 0.0609573777061331 0.604486610528514 -0.0197746690076675 -0.0197015648104924 0.796126088318555
1636513030.03691 5.09499802348803 -8.62946685592516 0.0310642294069245 0.66966377686978 -0.0207576479598646 -0.0182124568554598 0.742150828615696
1636513030.43867 4.48055794044692 -8.59653421290843 0.00747012048088565 0.717551952693688 -0.019735110342683 -0.0152588876247643 0.696058106018235
1636513030.77355 3.97680283741187 -8.51580805889897 -0.00799427665523797 0.756199913963921 -0.020392814792898 -0.0139194640359354 0.653874660578564
1636513031.10912 3.50208896612564 -8.37211777215234 -0.0249987865703944 0.792126669336763 -0.019176184514286 -0.0103362429717069 0.609967848131482
1636513031.44346 3.04040405549171 -8.18938649770909 -0.0391683663376374 0.824645054115008 -0.0202696462981387 -0.00978921921070925 0.565202483495826
1636513031.77855 2.60503135357163 -7.95076566674391 -0.0482966519795611 0.85508648933979 -0.0194987706887579 -0.00968091878487121 0.518028158985263
1636513032.11312 2.19280104749574 -7.65870349240835 -0.0527027345918542 0.883098638074476 -0.017577721374132 -0.00915146761274538 0.468768674063053
1636513032.44837 1.82049725244857 -7.32443781094245 -0.0583178369355048 0.908111321516446 -0.0153082296046499 -0.00858668110041514 0.418360794945828
1636513032.91714 1.34897896877403 -6.7790067576471 -0.0608714949656456 0.937031154088842 -0.0134359593641986 -0.00991238561842114 0.348846435948899
1636513033.31893 1.02428207243814 -6.25690792111964 -0.0635343144107694 0.95606440762778 -0.0101499316719461 -0.008603374069759 0.292854587310857
1636513033.65417 0.772967406361075 -5.77616064443411 -0.0626126486289288 0.968308228592843 -0.00938844371808605 -0.00945523726581039 0.2494025462023
1636513034.12335 0.482134209515668 -5.06047569381171 -0.0666108655777 0.980699267477965 -0.00977584925267074 -0.0104561606542438 0.194997559584587
1636513034.5248 0.296145000716468 -4.40820664206754 -0.0699763629512068 0.987750859943482 -0.0068851083702934 -0.00826785372741659 0.155667840475753
1636513034.92672 0.147626483302838 -3.73221177147626 -0.0683731043085289 0.991837647479987 -0.00461755358167141 -0.00735781968903449 0.127210934002192
1636513035.39576 -0.00827257718578805 -2.93228750067235 -0.0694507440548565 0.994662933777666 -0.00858292265195019 -0.00628839875926457 0.102627665123009
1636513035.79769 -0.0823913106915105 -2.24987436128041 -0.0616427895677419 0.996268789567266 -0.00424258941153493 -0.0024389623221987 0.0861658333218598
1636513036.13267 -0.147248766017439 -1.68130382942259 -0.053589375351388 0.997242311563968 -0.00465206438373172 -0.001216485246483 0.0740584261726453
1636513036.46743 -0.195571740954021 -1.09896203924733 -0.043313127353389 0.998120147445629 -0.00453791812686221 -0.00152992822458983 0.0611002281650267
1636513036.93625 -0.234240676546952 -0.287374507988177 -0.0318593049167605 0.999225407819998 -0.00453804828460651 -0.000217927147987443 0.0390889113750164
1636513037.33827 -0.222378879830249 0.368719471237514 -0.0107210807251369 0.99987143657111 -0.00064244524583544 -0.00154998940595654 0.0159466336940768
1636513037.67316 -0.200126236169659 0.869832001625991 0.00104892423978569 0.999993599604538 -0.000248003979185772 -0.00284307238513342 -0.00215781913024461
1636513038.00798 -0.165667869454411 1.25629370436708 0.0070135171017394 0.99986880368977 0.00111388772734109 -0.00353015697601321 -0.015769358066952
1636513038.34316 -0.138215281856069 1.49055763510082 0.010641059187157 0.999713147373825 0.00220970037886287 -0.0037481721502203 -0.0235518873487838
1636513038.67801 -0.126809941975838 1.55357465795873 0.0102102515183764 0.999657084280933 0.00239898466333863 -0.00368454391626423 -0.0258143924131246
1636513039.01285 -0.127362496339533 1.54009778258323 0.00841089065244022 0.999663499008463 0.00164243787395886 -0.00148037631780414 -0.0258456888850964
1636513039.41471 -0.118879530141899 1.5383435029355 0.00795349774160342 0.999669426418856 0.00189513116333123 -0.00172809328696763 -0.0255824169081019
1636513039.81665 -0.118901778204192 1.54077560916464 0.0122403696658336 0.99966944319314 0.00192361767626424 -0.00183878225463872 -0.0255719166425347
