1636512982.94541 1.5394074669835e-06 6.38205992736651e-07 -4.89841680307475e-05 0.999999999863164 1.61030164291462e-05 -3.3195195563103e-06 -1.82895975007799e-06
1636512983.44567 -1.80549728252769e-05 -0.00109567189664634 -0.00101798094614804 0.999999999523707 2.17786008605596e-05 2.18358090763917e-05 -1.21502417248373e-06
1636512983.94593 0.000388972237003082 0.00696691787650945 -0.00240846100497063 0.999999737917008 -0.000181529448262757 0.000697854994154535 6.48951582421194e-05
1636512984.44618 0.00471707960806131 0.104812378920675 0.000428222584366876 0.999999581445334 0.000138820347192715 0.000904306848534047 8.19701489966345e-06
1636512984.94644 0.0143948935181523 0.323790728980365 0.00706829957947081 0.999999492270224 0.000652456849413805 0.000196514825604956 -0.000742388898648118
1636512985.44734 0.0289143934636304 0.652307883038644 0.0170177954359157 0.999986828561966 0.00109215001183742 -0.000941487394845607 -0.00492580068801477
1636512985.94697 0.0480734687097317 1.08177663688803 0.0242543567370861 0.999926798264709 0.00052864119802671 -0.000746231496495863 -0.012064899051615
1636512986.44723 0.0889857734673343 1.61760136158827 0.0361329986559189 0.999725749512959 0.000924800398890482 -0.00129334332756126 -0.0233644552260746
1636512986.94748 0.160043916248211 2.25252174035858 0.0518079737487707 0.99930104070165 0.00112519571907953 -0.00300684914542472 -0.0372440981285619
1636512987.44774 0.259984116555749 2.96278569351788 0.0662446642427476 0.998478793327154 0.00207065765674904 -0.0019700968971234 -0.0550629673286351
1636512987.94888 0.418367542378686 3.74726768806498 0.0824342636106126 0.996809839753858 0.00320909564556629 -0.00142233882676653 -0.0797359519118423
1636512988.4483 0.624994725213141 4.57532672346991 0.101534801026526 0.993312969996891 0.002010637057493 -0.00173050939811501 -0.115422295557668
1636512988.9485 0.926835511047837 5.40619874387231 0.125060485332485 0.987033307088039 0.00427298376934268 -0.00178304552977593 -0.160448786399882
1636512989.44876 1.3072432219438 6.20902973160833 0.151383629142602 0.976707718086803 0.00294078394751612 -0.00240195552040721 -0.214540475969272
1636512989.94902 1.77633611295102 6.92519263249515 0.171726001508212 0.960186879840568 0.005104413200826 0.00155392410376328 -0.279307511656576
1636512990.44928 2.32536323516157 7.55900916247694 0.195066901625058 0.938018930933329 0.00658899818261022 0.00408822754263928 -0.34649726796788
1636512990.94953 2.959128983817 8.09228398025698 0.224073162648628 0.909923268383366 0.0104569989189902 0.00521178143110981 -0.4146120284826
1636512991.44979 3.64348014893669 8.50278420758842 0.254682477513237 0.872748434871524 0.0147797222403802 0.00442376042283439 -0.487926387463852
1636512991.95005 4.36829721154427 8.80446895644061 0.287009807992068 0.826360489835128 0.0120219943114109 0.0056488471802613 -0.562984815974426
1636512992.45031 5.13627104941785 8.94833733956962 0.315015978628925 0.775110307861574 0.0161415368920953 0.0036014827590952 -0.631609444795938
1636512992.95056 5.92086444335743 8.98004407455576 0.33263847397635 0.722287546823702 0.0171036194454612 0.00537503733738477 -0.691360452209182
1636512993.45082 6.69699367760807 8.88606001759682 0.348566753222454 0.663956670033493 0.0187113478431791 0.00712343540460866 -0.747502964842257
1636512993.95108 7.45268699080318 8.66004571830981 0.371277612700087 0.603141746792353 0.0214403406411458 0.00624814218561665 -0.797321331577608
1636512994.45134 8.1878201031287 8.31360416137433 0.39166554287415 0.538261616333366 0.0207602675719218 0.00485370735647656 -0.84250809206644
1636512994.95177 8.89671403301985 7.85641518645845 0.404322845116854 0.471445660128408 0.0181610905636997 0.00844954227054824 -0.881667607191647
1636512995.45203 9.50580372938633 7.29167781292204 0.413832825754164 0.40734760325685 0.020058243520067 0.00931572035376436 -0.913005374760784
1636512995.95229 10.0502037021766 6.65093418881929 0.408598270524407 0.347725057684546 0.0227556376419435 0.0141563523372458 -0.937213456424038
1636512996.45257 10.5351085830602 5.91847405498801 0.406761089455716 0.294340602141308 0.0230133600716216 0.0162409069190797 -0.955285417104099
1636512996.95281 10.9345428762673 5.12469401896547 0.407899845989337 0.244409846427511 0.0239845266911639 0.0168637462289372 -0.96922865388504
1636512997.45306 11.2567493082519 4.31188376669837 0.407718235874813 0.200222206881413 0.0265436560314524 0.018911242135513 -0.979208285870229
1636512997.95332 11.5099400960432 3.45910763660472 0.396599182794976 0.169389455008298 0.0298381422323544 0.0164757939206577 -0.984959616438561
1636512998.45357 11.7391543843116 2.56785092352887 0.397229003672596 0.149725379903755 0.0279351781674181 0.0163851533543736 -0.988197077096965
1636512998.95383 11.9488217392551 1.64528996773739 0.402317272908129 0.143012901478513 0.0246034032531464 0.015147212168145 -0.98929901673993
1636512999.45409 12.1548155207166 0.714057497035542 0.400546509296988 0.140388058285881 0.0226783115241656 0.0127902916483472 -0.989754159231818
1636513000.0544 12.4124657293932 -0.407736180347976 0.388551598312938 0.138995515937945 0.022555896385168 0.0139009148941354 -0.989938504480209
1636513000.55466 12.6275477472078 -1.3471211704586 0.377091294245617 0.139786872099667 0.023886322779816 0.0141819547286332 -0.989791870108421
1636513001.05493 12.8501852971165 -2.28889838920243 0.370032860194514 0.142835105993671 0.023446566452809 0.0147830611125856 -0.989358303205412
1636513001.65522 13.1217689731496 -3.42068245253931 0.361090761252901 0.152188509768763 0.0232373195162706 0.0137767410584331 -0.987982229537491
1636513002.15548 13.3722215239657 -4.34562897640782 0.349751064587331 0.174675075639029 0.0243914711456815 0.0123518553934898 -0.984246465959715
1636513002.65574 13.6798348419686 -5.23589498982749 0.340639236108462 0.212086359201158 0.0241886339245628 0.0113295370092067 -0.976885831518104
1636513003.156 14.072307548024 -6.06986968246719 0.339255461241133 0.270144925224788 0.023958736715684 0.0104011637351022 -0.962465331377311
1636513003.65625 14.5515414998933 -6.80263292380393 0.33571874736945 0.344366478796731 0.0246541066575295 0.00802346830117466 -0.938477238542566
1636513004.15651 15.1306415571391 -7.40954911551262 0.342251800676723 0.425424876091593 0.0235951871499462 0.00781899387732836 -0.904652311819606
1636513004.65706 15.7742216002937 -7.87787029577608 0.3513056756403 0.508536966425349 0.0216297728716985 0.00579353877393403 -0.860748942266499
1636513005.15702 16.4717015770106 -8.19665874058776 0.356465544467673 0.587198111707803 0.0206230262776996 0.00670941544965131 -0.809152675419333
1636513005.65728 17.2098213513602 -8.38509100978298 0.374967490191907 0.658695927498428 0.0178309042389481 0.00503458704466374 -0.752181086497326
1636513006.15755 17.9644156494321 -8.44123946414158 0.390960869252368 0.724407259537077 0.0161879066984315 0.00329564067139594 -0.689174297808087
1636513006.6578 18.7002680942486 -8.36795351954409 0.413644943872185 0.783144177491456 0.016997812193831 0.00118060607897163 -0.62160669061002
1636513007.15806 19.419698434997 -8.16397759609968 0.441160100940958 0.835813556058826 0.0173889894369037 -3.43167958052186e-05 -0.548737935062831
1636513007.65832 20.0755535765562 -7.82908296346422 0.466494810190066 0.881691844816188 0.0156659933723357 0.000329502598002321 -0.471565434340053
1636513008.15859 20.6860481234241 -7.38422690891931 0.498124331264475 0.919273534571329 0.0148687520954144 -0.00132988267879889 -0.393336141563322
1636513008.65883 21.1968298814619 -6.83867483779767 0.517327377339557 0.94803599228413 0.011758901028249 0.000623255974525692 -0.317945116541273
1636513009.15909 21.6537151693946 -6.20370007895599 0.537108560264039 0.9673655849711 0.00826506854507313 0.00071948766486333 -0.253248881523625
1636513009.65934 22.0434493423324 -5.50083748617761 0.559918274131025 0.980374243317152 0.00732432832852003 -0.000255121939776373 -0.197009218483943
1636513010.15961 22.3608017924283 -4.73428203564401 0.581726706689315 0.989130521602298 0.00529443701805843 -0.00110913085175328 -0.146940634271742
1636513010.65987 22.6100962918637 -3.91785018314154 0.60626569504717 0.994572949302408 0.00360175223347519 -0.0026856604902749 -0.103944519453836
1636513011.16031 22.7942802923742 -3.06307900593258 0.629603715219749 0.997672007145755 0.0020797842088507 -0.00313631294525689 -0.0680911462417497
1636513011.66038 22.9350533387019 -2.20096784029934 0.651791109621312 0.999303985805012 0.00285161592619441 -0.00288239687731914 -0.0370823951366106
1636513012.16081 23.0168592401547 -1.32662862576752 0.666601650225554 0.999987495919956 0.000708110677778773 -0.00195211369697564 -0.00454926753648622
1636513012.66106 23.0392942510899 -0.438136284023736 0.685074916070842 0.99961102703301 0.00120085908292312 -0.00316667006138983 0.0276825716326429
1636513013.1617 23.001811838016 0.447904766659659 0.702085502199772 0.997821892309003 0.00119737395613231 -0.00399376618375032 0.0658337858258172
1636513013.66159 22.8858218540258 1.29861878058582 0.715814424277354 0.9934359757855 0.000161392248281129 -0.00404417696720549 0.11431789273911
1636513014.16184 22.6827777650529 2.10374121932642 0.721771995436679 0.985727627231469 -0.00216431587076235 -0.00245328828695103 0.168316196564712
1636513014.6621 22.3922547269524 2.87296070934464 0.723773569081307 0.973451135172301 -0.00455828578325268 -0.00262380024327105 0.228834492886805
1636513015.16235 22.0130219000784 3.56565142435489 0.72434127121153 0.953975153891224 -0.0079321641937224 -0.00467755413700295 0.299744236002486
1636513015.66417 21.5341824032441 4.18175611703872 0.717493344307769 0.927595161869957 -0.0114058716800913 -0.00645976961076964 0.373356924595275
1636513016.16287 20.9873896513401 4.70744283817269 0.710462708301594 0.893124866970804 -0.0114760275605138 -0.0077974025840478 0.449594787895452
1636513016.66313 20.35455173885 5.1086447514142 0.700370082757354 0.849224214572552 -0.0151260395815182 -0.0103488523806047 0.527714257496057
1636513017.16339 19.6676694642588 5.40442186082947 0.685148359308503 0.798168829330565 -0.0155577783259958 -0.0115906797497591 0.602121359496217
1636513017.7637 18.7850559250241 5.57588280033815 0.658565758226036 0.728763297647279 -0.0190670753572233 -0.0136421080572514 0.684364227241124
1636513018.26395 18.051285584765 5.57530238349242 0.628713697790365 0.664359804445948 -0.0212121412500714 -0.0150860898902604 0.746959507063102
1636513018.7642 17.3124886819137 5.44811905405497 0.602571045110292 0.595149869681996 -0.0225704300626802 -0.0149964426211737 0.803157714905983
1636513019.26446 16.591890079805 5.19365856076407 0.575724667386362 0.526250884222513 -0.023178256795054 -0.0150306223857744 0.849880494927177
1636513019.86478 15.7763037567789 4.7345526714803 0.542695810178149 0.444640572865177 -0.0239910634022912 -0.0128986113965509 0.895294820527292
1636513020.46509 15.0529147889594 4.14062049348026 0.51247294684493 0.367886936226638 -0.0270332461197129 -0.0111181178788694 0.929410992625351
1636513021.0654 14.429307354096 3.41234554617916 0.479911673877294 0.295801210480444 -0.0299028271413233 -0.0117278805918981 0.954709338816837
1636513021.56565 13.9619297951725 2.71625504410287 0.461572092023373 0.250839594088058 -0.0295826676413895 -0.0141793367831666 0.967472640554423
1636513022.16644 13.451707908778 1.80403721559103 0.443325373133921 0.210481187368238 -0.0272418188504231 -0.0151644387985574 0.977100605293898
1636513022.66622 13.0652145465263 0.991675788083146 0.426453316221321 0.186619034856485 -0.0245846232207664 -0.0163618940405142 0.981988401435442
1636513023.26652 12.6357717005508 -0.0135347258222155 0.397506817583959 0.16715009084487 -0.0245550860060563 -0.0169776251047459 0.98547940370542
1636513023.86684 12.2229111298879 -1.0368952841979 0.370124282605606 0.166792304821806 -0.0245017648606424 -0.0168670957319008 0.985543246972204
1636513024.46715 11.7930245778977 -2.06151504704836 0.337617665641031 0.178555448043772 -0.0265376821507491 -0.0174822633273583 0.983416531215998
1636513025.06746 11.3278432317299 -3.07275408648269 0.309910536227242 0.203612201044754 -0.0266541850527592 -0.0185004715064457 0.978513852001556
1636513025.66776 10.7967648578293 -4.04747623427548 0.279337634062127 0.233639028133057 -0.0266562042278739 -0.0183342910807558 0.971785009701101
1636513026.16803 10.3077072736228 -4.83704916347456 0.256125763405407 0.258243452840528 -0.0262222418718972 -0.0182474946698067 0.965551522206086
1636513026.76833 9.66881228733225 -5.74311049041701 0.222840055492831 0.288137319460937 -0.0259677257105466 -0.0177051357849926 0.95707318974158
1636513027.36867 8.98830105444872 -6.60259422116637 0.187459648013576 0.331115607964067 -0.0260319019553443 -0.0205511933889067 0.943007127594201
1636513027.86891 8.35183382052723 -7.23498754296905 0.158374893214377 0.382097835267133 -0.0249833956737106 -0.0203167773818524 0.923560665458203
1636513028.46921 7.51008073386507 -7.86753077322389 0.120615583762388 0.451911513219263 -0.0240499059738069 -0.019926841307475 0.891515848001612
1636513029.06952 6.6039015426352 -8.33176431401004 0.0890024690595295 0.532073479558911 -0.0225175169724082 -0.0209101759739947 0.846140377431669
1636513029.66982 5.66601490949979 -8.58004940258364 0.0552584462569769 0.61885314438004 -0.0200628129168242 -0.0197031435370591 0.785003219970186
1636513030.27013 4.73293174340224 -8.6162903765876 0.0186508534781802 0.697401936996527 -0.0193294465631767 -0.0159272076326301 0.716242441374483
1636513030.7704 3.98030026724859 -8.51676548587323 -0.00784843280384919 0.755866338812865 -0.0204033535612656 -0.0139429934987886 0.654259408755719
1636513031.37071 3.13958512532569 -8.2342101001058 -0.0364259671075906 0.817913395473996 -0.0204112730592294 -0.00997780728216364 0.574892599359341
1636513031.97101 2.35594723087943 -7.7902628990483 -0.0506339154802407 0.871730135144644 -0.0186792260439893 -0.0101498135059082 0.489524911808269
1636513032.47127 1.79707585889528 -7.29804780752899 -0.0585696496788713 0.90981061646403 -0.015176580533091 -0.00863242043991173 0.414656237008456
1636513033.07157 1.21883297399019 -6.5860422836408 -0.0626039534079285 0.94505105862221 -0.0129994809486039 -0.00958900683134553 0.326523446386466
1636513033.57183 0.829934039347936 -5.89579242074607 -0.0628657735023594 0.965639792269102 -0.00886408812131525 -0.00900198154758683 0.259576932442926
1636513034.17214 0.4566812374662 -4.98121081302317 -0.0663214451433929 0.981728715424767 -0.00911493443177867 -0.0103988072318918 0.189782802405529
1636513034.67314 0.237413523283611 -4.16461288449173 -0.0694973094593667 0.989566585653049 -0.00576219940852173 -0.00786170908310981 0.14374617611344
1636513035.17265 0.061129013537644 -3.31516022227317 -0.0714304157448564 0.993428067462891 -0.00758566469131776 -0.00646383407995581 0.114023468273528
1636513035.77299 -0.0819882048813384 -2.2898629176018 -0.0619316692878795 0.996196726141678 -0.00408243531880229 -0.00268578425756217 0.086995420048369
1636513036.27322 -0.165841142139966 -1.43712743515703 -0.0502287995999656 0.99762499476517 -0.00395794431716319 -0.000825304960658739 0.0687606236758947
1636513036.77349 -0.229754407339465 -0.566830611190995 -0.0369053545541264 0.998836778676817 -0.00590481346198925 -0.000658761840037146 0.0478517374118937
1636513037.37379 -0.219774069790031 0.427219798745184 -0.00957494417333233 0.999902142219297 -0.000511414855589672 -0.00175620998378957 0.01386939676406
1636513037.87405 -0.180402974102775 1.11920262476287 0.00612516330661169 0.999934086941084 0.000294725706901744 -0.00360598327448292 -0.0108964120095863
1636513038.3743 -0.137578887901028 1.50475946507572 0.0107882001240275 0.999699093737456 0.00226975747812239 -0.00375204645082764 -0.0241348778520085
1636513038.87457 -0.127399659456014 1.53899418900942 0.00799321265475143 0.999663339781149 0.00156462114131916 -0.00173948091169842 -0.0258405352971157
1636513039.47488 -0.11888060630412 1.53860801356283 0.00838166709272974 0.99967017117641 0.00179797653300987 -0.00173173902888384 -0.025560070822459
1636513039.97514 -0.118956230348126 1.54075303444981 0.0139730447536941 0.999674624826777 0.00196896836589647 -0.00193032275731624 -0.0253582628559054
