1636512982.94541 -1.30104260698261e-18 0 2.77555756156289e-17 1 0 0 0
1636512983.44567 0.00391725959882233 0.00190259073625498 -0.00423914998102212 0.999999988199575 -0.000145203863139715 -2.20135171319367e-05 4.5078750407891e-05
1636512983.94593 -0.00982321925656053 -0.0125870742650709 -0.0103966398094625 0.99999995745122 0.000149127035594465 -0.000236079953786448 8.44093625698797e-05
1636512984.44618 0.00985566052678495 0.0472762065021921 -0.0135375614984296 0.999999778323214 0.000583941446064119 -0.000251832142705979 0.000197348630846203
1636512984.94644 0.0499252378202804 0.245252108516766 -0.00981345378373014 0.999999956882582 4.14803930213687e-05 7.85530075998372e-05 -0.000279899332836602
1636512985.44734 0.0900886721669842 0.56470359767217 -0.00581832077055564 0.999991849624826 -0.000598675418247009 0.000295109527401762 -0.00398185660600574
1636512985.94697 0.0968699681058318 0.977722850596269 0.00245082773129993 0.999942507343086 -0.000458888721346915 9.71954420499963e-05 -0.0107127019285944
1636512986.44723 0.132985308651664 1.49866436465473 0.00929347812608694 0.999773920266298 -0.000639867746257257 0.000159604061935438 -0.0212526104554051
1636512986.94748 0.185447357433245 2.14291684260694 0.022506633694834 0.999386265259098 -0.00173288558573003 -0.000142957768846619 -0.0349867043617374
1636512987.44774 0.292715504250951 2.83248532663331 0.031774879964846 0.998649713997132 -0.000919560229343309 0.000905576507182387 -0.0519334485049865
1636512987.94888 0.433921149084071 3.60920038262045 0.0312144157754706 0.997140195441343 0.000534376679822278 0.000728193159957255 -0.0755686099613225
1636512988.4483 0.62434984437642 4.43626226733362 0.0519287457730781 0.993952431814829 0.000192371221833042 -0.000560441074438657 -0.109809891123263
1636512988.9485 0.917384161328082 5.25575709835833 0.071535240111542 0.98808838090538 0.00132376278237627 0.00168175325384317 -0.153872580006559
1636512989.44876 1.2661754967394 6.07586959035974 0.0845431927178442 0.978463545563854 6.07015507856643e-05 -0.000646270386229468 -0.206418673216649
1636512989.94902 1.71407324887158 6.8058063377398 0.107626517440285 0.962757026689566 0.00440651806627525 -0.000109836337987617 -0.270332162523028
1636512990.44928 2.23503780816037 7.46359225189998 0.128651325984141 0.941315011800002 0.00699515739120767 -0.000343902404299572 -0.337456661016152
1636512990.94953 2.83555556785901 8.01432127756587 0.143886068105294 0.914281107156904 0.00999200046204166 0.000285445339064831 -0.404956955173845
1636512991.44979 3.49503386652391 8.43720274112972 0.175829683113808 0.878834036288516 0.0134380685734507 0.00411681889779515 -0.476920545558705
1636512991.95005 4.20585332247229 8.77196151404738 0.215305888333756 0.833626688637055 0.0115372859752688 0.00358215785217649 -0.552196163667827
1636512992.45031 4.97472748900487 8.92387590858355 0.226055744259803 0.782883958698366 0.0142448984484224 0.00778988700872486 -0.621955872824882
1636512992.95056 5.74637664743074 8.98388053461027 0.252032249866307 0.731587396648126 0.0154908591538142 0.00781547291020858 -0.681526839333188
1636512993.45082 6.51917891580984 8.92130654570621 0.275249068838509 0.674308866894624 0.0182432459808342 0.00839478716383921 -0.738176309259411
1636512993.95108 7.27935327235994 8.7187827330669 0.289008574680312 0.614576047871334 0.0208357289149807 0.01003983762199 -0.788518455994505
1636512994.45134 8.0311316178989 8.39039080044227 0.30716271511587 0.5508647064293 0.0227205310779877 0.0132032061563034 -0.834180752610182
1636512994.95177 8.74046129888228 7.95198627013043 0.330481522495371 0.484281011762122 0.0217155705710421 0.0145546630823625 -0.87452186789353
1636512995.45203 9.37765723951811 7.39311171819844 0.331455920859057 0.419566930570924 0.022363581984965 0.0144924818673026 -0.907333141101669
1636512995.95229 9.9502459985991 6.77032369288329 0.332759549744311 0.359875589226205 0.021483542727413 0.0103150332119843 -0.932695887071883
1636512996.45257 10.4584064458891 6.04830572261009 0.338207870170951 0.305533806845947 0.0220707233339423 0.0105842903857304 -0.951866560418408
1636512996.95281 10.8816353476698 5.26727191273237 0.334157219249535 0.25535934783704 0.0213073711726346 0.0106410037851345 -0.96655282754974
1636512997.45306 11.219775560715 4.44845526734704 0.336157176591725 0.209562632923123 0.0224695908352835 0.0095789003905699 -0.97749008436778
1636512997.95332 11.4883625954797 3.60070227141094 0.335794298111091 0.177152269820031 0.0246927101818362 0.00735749728188675 -0.983846131564908
1636512998.45357 11.7455848371093 2.70105749041247 0.350334493915669 0.155606880599008 0.0243490716736951 0.00853778295803047 -0.987482013851917
1636512998.95383 11.9619687177185 1.77280031219268 0.359627282815453 0.14751586579109 0.0252810329920886 0.0124134745711598 -0.988658608600476
1636512999.45409 12.1745607281508 0.835390070357136 0.361930565390045 0.144599903047991 0.0268521784444153 0.014975330531241 -0.989012420562442
1636513000.0544 12.4473526958993 -0.283485206375281 0.355542246403806 0.142779133484084 0.0254400377971483 0.0150220034419737 -0.989313531157339
1636513000.55466 12.6688626752106 -1.23189599381604 0.347347392845533 0.143398878112026 0.0256879403153011 0.0137294690582 -0.989236267611509
1636513001.05493 12.8843308434172 -2.17751339868426 0.343374384505911 0.145934556079041 0.02550790452223 0.0138237940531946 -0.988868724789531
1636513001.65522 13.1506945178155 -3.32068130504797 0.34270167555824 0.154215960658086 0.0263255503469881 0.0139449570385957 -0.987587940919908
1636513002.15548 13.3955619070533 -4.25783146116689 0.332660803768132 0.174554857877999 0.0264614990477549 0.0132953679025055 -0.984202023901432
1636513002.65574 13.6916682735058 -5.18046839147836 0.330896469853816 0.209555331091963 0.0270694230878229 0.0134447030523607 -0.977329550102965
1636513003.156 14.0737230676411 -6.0364558329772 0.339998399322057 0.265596270178053 0.0274124109055786 0.0129807210587048 -0.963607120084034
1636513003.65625 14.5448453437311 -6.79950229293052 0.3393189343929 0.338342754572211 0.0273276560931475 0.0125251257055286 -0.940542662970162
1636513004.15651 15.116800425313 -7.43639991823539 0.35079829918665 0.41897248472721 0.0251878865176118 0.0121243682912645 -0.907568524745003
1636513004.65706 15.7846254166819 -7.93436116286541 0.36948349953323 0.502598839536999 0.0237197990731913 0.0131156640539661 -0.864094761576769
1636513005.15702 16.494627053573 -8.24810020073128 0.376869989887086 0.581799098713274 0.0199687274488897 0.00981504382146274 -0.813028119793699
1636513005.65728 17.2326527828815 -8.45155995649835 0.401628311184131 0.654685983063947 0.0174027512585241 0.0101310760029209 -0.755632694585968
1636513006.15755 17.9916232793311 -8.50635497238921 0.421970061039448 0.720847651493364 0.0149070573445656 0.00924100567045784 -0.692871594736013
1636513006.6578 18.7358646021929 -8.42830351564986 0.433634228739346 0.780311378421178 0.0141419596389462 0.0091567659451639 -0.625164227480617
1636513007.15806 19.4527109551987 -8.22548236659099 0.455941282695199 0.833516481217079 0.0133197080746225 0.00909476322191688 -0.552259129574372
1636513007.65832 20.1229519700097 -7.88695013677579 0.47531708270254 0.879834149597167 0.0114450480516856 0.00712655125079202 -0.475089562445857
1636513008.15859 20.730802076799 -7.42381630681908 0.498554156016304 0.918127762311798 0.00882802389450309 0.0069862871729363 -0.396124563563011
1636513008.65883 21.2235143152427 -6.87162563288911 0.516180303293355 0.947597501255573 0.00744345763961198 0.00392686251132887 -0.319355836494934
1636513009.15909 21.6422203236287 -6.22342281200128 0.540546663493795 0.967602919029088 0.00527076956253692 0.00140359796702911 -0.252417986655771
1636513009.65934 22.0249098856366 -5.50780828724403 0.567110783216604 0.980727422696891 0.00370174843216244 0.00156600366808588 -0.195339619794272
1636513010.15961 22.3363380173791 -4.73724864044724 0.581716755468358 0.989538159812787 0.00181508626587112 0.000746702180931559 -0.144258026369502
1636513010.65987 22.5800730238539 -3.91681995323539 0.598495013626087 0.994961052530514 -0.000675727996574185 0.000164882717172794 -0.100259763378616
1636513011.16031 22.7525882063917 -3.05955920209965 0.614601431384487 0.997950941967513 -0.00194200645728122 -0.0012909612691018 -0.063941218756563
1636513011.66038 22.8647284471631 -2.18551658752501 0.622721690636884 0.999467023431387 -0.00235163790286466 -7.29157519678275e-06 -0.0325597730214793
1636513012.16081 22.9415605635231 -1.31173662430121 0.631882493145287 0.99999754296214 -0.00192225476438122 -0.000894840818970917 -0.000646735040267609
1636513012.66106 22.9487864283478 -0.417239904195551 0.647297332414898 0.99947717252869 -0.0035926002747057 -0.00170610340609388 0.032086820167941
1636513013.1617 22.9261788130705 0.461926040418677 0.657183663916679 0.997606965188698 -0.00517825488479617 -0.000159876225043822 0.0689456534013344
1636513013.66159 22.841022415675 1.31417168700792 0.666347602821613 0.993226455110824 -0.00632490819187678 -3.47670124326648e-05 0.116022425399601
1636513014.16184 22.6366829658154 2.11661869135608 0.664228738333517 0.985443596387308 -0.00623457671500241 -0.00109009411116069 0.169884843606666
1636513014.6621 22.3646908941227 2.89382099548593 0.667382378863986 0.973359140320216 -0.00744725730097091 -0.000997728542407511 0.229162664610838
1636513015.16235 21.995694333617 3.60115128174193 0.66818271704834 0.954201313721362 -0.0101721011716358 -0.00307873363511317 0.298976424905684
1636513015.66417 21.5198463798108 4.21857566122362 0.671466392851284 0.928021035565844 -0.0120720245880559 -0.00574276982680554 0.372287851486399
1636513016.16287 20.9686032462036 4.75378023492555 0.667761416020545 0.89386201527811 -0.0161638383411631 -0.00537113840976978 0.448018502793377
1636513016.66313 20.3352742167921 5.14875828257107 0.649400022077145 0.849926314438345 -0.0180399039398671 -0.00809472328035697 0.526530433447209
1636513017.16339 19.6393927442165 5.46570514930248 0.631900575884059 0.798713758746326 -0.0215415534415915 -0.0089271048025935 0.601259178611422
1636513017.7637 18.75819552228 5.63700153721059 0.599150270668498 0.728761535293322 -0.0229048634803808 -0.0108759616879371 0.684297965336174
1636513018.26395 18.0055462221743 5.63649552020965 0.57634649928683 0.663909179146382 -0.0237648164380088 -0.0124794798878335 0.747331317373074
1636513018.7642 17.2566263675112 5.518256724685 0.548678734672215 0.593331615906163 -0.0251161440084864 -0.0121114177428338 0.80447503779582
1636513019.26446 16.5354497118185 5.23998983845527 0.514247572873869 0.523251431373334 -0.0260139340891771 -0.0127133022493651 0.851686319453869
1636513019.86478 15.7260480617606 4.77147382577101 0.476338374681968 0.439683625706103 -0.0284428432169202 -0.0115504380039323 0.897627930346194
1636513020.46509 15.0147817899053 4.15675953803113 0.448670502357759 0.360872420099111 -0.0301284116619847 -0.00901611659265737 0.932084805618096
1636513021.0654 14.4195316668814 3.4333751231367 0.423868743716905 0.287247538775323 -0.029075972349522 -0.00729238787175436 0.957387205042233
1636513021.56565 13.9901179100905 2.73883682776774 0.412945719979476 0.239629900519203 -0.0279207254754521 -0.0086273615309401 0.970424398136762
1636513022.16644 13.5088911066145 1.83231241123 0.400011951958543 0.197602743580086 -0.0282729682685881 -0.0114064458189972 0.979807985264809
1636513022.66622 13.142832352573 1.01561737679373 0.390271244826086 0.172712188176158 -0.028392470070196 -0.0140149808363818 0.984463279158178
1636513023.26652 12.7593296628993 0.0261437334767722 0.362549206414054 0.151209579804033 -0.0270924144783209 -0.0146425208646545 0.98802189279183
1636513023.86684 12.3787171337987 -1.00443217214342 0.338501244263508 0.149108918134093 -0.0267250980982002 -0.0148243401333881 0.98834838928595
1636513024.46715 11.9835768328513 -2.02329474298977 0.309826165579271 0.159488341259122 -0.0258842339032747 -0.013305653008338 0.986770710467065
1636513025.06746 11.5534121207137 -3.04834631154607 0.290614636559154 0.183357292203217 -0.0250763488031576 -0.0132797606145272 0.982636722336708
1636513025.66776 11.0425181104915 -4.05031209831264 0.273367047053449 0.213700300449189 -0.0258486449060399 -0.0127239413900862 0.976474336815848
1636513026.16803 10.5813761421533 -4.85365870009791 0.25388754038165 0.238220691289166 -0.0259924269826557 -0.0133159518476633 0.970771848277263
1636513026.76833 9.9612585681268 -5.78309016288493 0.224302559655703 0.268336123959154 -0.0260181912098707 -0.0134430135397686 0.962880087909037
1636513027.36867 9.31610742998838 -6.67573957585302 0.195649337241192 0.309094837931147 -0.0231828150343916 -0.0151359427705468 0.950628129968731
1636513027.86891 8.70008105237486 -7.33213345941108 0.18638798961729 0.359696722759319 -0.0246345913503525 -0.0151481960257129 0.932621003785768
1636513028.46921 7.89063762591165 -7.99916550302513 0.15451724999863 0.42889229132139 -0.0247897264482513 -0.0155166379753196 0.90288211071748
1636513029.06952 7.01301786412018 -8.51492739864467 0.121818249426683 0.508179970425392 -0.0242713363361129 -0.0171210500603993 0.860738572120325
1636513029.66982 6.06530114938717 -8.80975331180617 0.086002929260986 0.595939339539578 -0.0260534556591532 -0.0162539783927172 0.802442103346875
1636513030.27013 5.11966221526034 -8.89038603571665 0.0424311768364706 0.676745020557474 -0.0243349813606185 -0.0131434305761816 0.735697788541961
1636513030.7704 4.35755908822436 -8.84398992400199 0.0174877827575785 0.736211532693391 -0.0210348484550686 -0.0112682049683227 0.676330645347755
1636513031.37071 3.50348004918038 -8.6033556830845 -0.0124723867713916 0.800664732657604 -0.0168404065193593 -0.00808322873355628 0.598821382383622
1636513031.97101 2.68865571631959 -8.21292376656829 -0.0247943034670661 0.856454392784113 -0.0143241246330625 -0.00963048965900716 0.515934052184211
1636513032.47127 2.08872394301808 -7.74360586854137 -0.0418924008974774 0.896735189775911 -0.0135934916778596 -0.00811002379504099 0.442284347355418
1636513033.07157 1.45536622825567 -7.04835291437952 -0.0542762516894931 0.934863680552671 -0.0131118610443857 -0.00939923069732619 0.354640144859216
1636513033.57183 1.0387326716221 -6.3687364863521 -0.0563938801809294 0.957892996041972 -0.0126019083755518 -0.00675405194111945 0.286769215260992
1636513034.17214 0.602675758437251 -5.45999482121776 -0.0614447114306464 0.976279874491265 -0.0121475427905369 -0.00938193099592482 0.215967643961449
1636513034.67314 0.350199697588046 -4.64835005101929 -0.0724848656368072 0.985759063930042 -0.010252268436891 -0.00616239145172896 0.167737842490181
1636513035.17265 0.132800461368527 -3.79682639582125 -0.0689324313929769 0.990634720505763 -0.00837866246808779 -0.00630857442516085 0.136135412117627
1636513035.77299 -0.0478838318278128 -2.76464877642651 -0.0849528055892146 0.994146266426258 -0.00522480236739522 -0.00423236344291389 0.107833155803959
1636513036.27322 -0.159404888297859 -1.91264815761461 -0.0784309731064504 0.995982403408753 -0.00258201459372512 -0.00434577337875126 0.089406373120172
1636513036.77349 -0.263629027420005 -1.04622779700583 -0.0631761912863148 0.997597430656398 -0.00201939275705198 -0.0062515094751636 0.0689652595871888
1636513037.37379 -0.282556502645113 -0.042746823905188 -0.0446331721059513 0.999353656949449 -0.00208518989115132 -0.0022189317483518 0.0358189428484124
1636513037.87405 -0.272588465434674 0.694750369555224 -0.0283669718419187 0.999943612859429 -0.00359253753391178 -0.00187214886301517 0.0098163045151924
1636513038.3743 -0.220804224995613 1.13237335000866 -0.0253666525804703 0.99998012316543 -0.00347961364977031 -5.53366433794478e-05 -0.00525761359893874
1636513038.87457 -0.229178823081482 1.21965431285437 -0.0290256997203546 0.999961599152712 -0.00234219712465088 -0.000512895915237191 -0.00842919156037492
1636513039.47488 -0.219585896673695 1.21841987721085 -0.0266067786911312 0.99996595986199 -0.00168642726012518 -0.000494443653746992 -0.00806167512733811
1636513039.97514 -0.216292603122481 1.23067683494465 -0.0270228331822123 0.999965772779043 -0.00185856386125397 -0.000314712762698186 -0.00805605155531773
