1636512982.94541 0 0 5.55111512312578e-17 1 0 0 0
1636512983.44567 0.00391940393221986 0.00187162350853548 -0.00424043081083353 0.999999988199575 -0.000145171341282069 -2.20318827541636e-05 4.51744215040381e-05
1636512983.94593 -0.00977650263490452 -0.0125534251529887 -0.0103917307961472 0.99999995745122 0.000149204924086652 -0.000236077380035557 8.42788174946735e-05
1636512984.44618 0.00989925335161335 0.047408288817824 -0.0135415391100949 0.999999778323214 0.000584097171967623 -0.000251805473495173 0.000196921354467993
1636512984.94644 0.0498777146411202 0.245265777671756 -0.00981729995778929 0.999999956882582 4.12837602474088e-05 7.85915346108434e-05 -0.000279917588511171
1636512985.44734 0.089940646876509 0.564565183682349 -0.00580560445822614 0.999991849624826 -0.000601400317377512 0.000295553261880234 -0.00398141304664792
1636512985.94697 0.09668517465589 0.977589456309268 0.00251016374873392 0.999942507343086 -0.000466158891723111 9.84903770760651e-05 -0.0107123762049667
1636512986.44723 0.132666032753805 1.49845557878207 0.00939451506859085 0.999773920266298 -0.000654287970571246 0.000162196792994085 -0.0212521517689477
1636512986.94748 0.185034324661405 2.14242089149854 0.0226622265921469 0.999386265259098 -0.00175658886409789 -0.000138749184101712 -0.0349855392369328
1636512987.44774 0.291891847613428 2.83213369179366 0.0319340763510523 0.998649713997132 -0.000954843243661708 0.000911968707729095 -0.0519326999192415
1636512987.94888 0.432905522644818 3.60911385887705 0.0313645541415153 0.997140195441343 0.000483087462266328 0.000737658867528016 -0.0755688634366006
1636512988.4483 0.623284554295282 4.43600409320504 0.0520594733483484 0.993952431814829 0.000117984177407927 -0.000546737573700247 -0.109810065327123
1636512988.9485 0.915454955015137 5.25575728134433 0.0715559508545079 0.98808838090538 0.00121931032035489 0.00170104798621265 -0.153873231063356
1636512989.44876 1.26421116284281 6.07548108481712 0.0844445852936101 0.978463545563854 -7.91655337114867e-05 -0.000620537211862662 -0.206418745924393
1636512989.94902 1.71166313283286 6.80639500713149 0.107283689950212 0.962757026689566 0.00422327827667754 -7.57555350637e-05 -0.270335098981918
1636512990.44928 2.23231555507733 7.46479551849268 0.128022857818271 0.941315011800003 0.00676643625634024 -0.000301228007407694 -0.33746136543616
1636512990.94953 2.83246219852206 8.01634930953929 0.142905127306146 0.914281107156904 0.00971746742298705 0.000336795994526856 -0.404963596501325
1636512991.44979 3.49110462458542 8.44055375962525 0.174448534729068 0.878834036288516 0.0131144171861507 0.00417744151286828 -0.47692902795396
1636512991.95005 4.20145355355596 8.77529224445235 0.213492183928924 0.833626688637055 0.0111626553058299 0.00365199589103737 -0.552203406404337
1636512992.45031 4.96967315674496 8.92873538198421 0.223754349369138 0.782883958698366 0.0138226105265149 0.00786865748475964 -0.621964409657333
1636512992.95056 5.74140732545114 8.98946916800259 0.24922064147179 0.731587396648126 0.0150281876937097 0.00790177763933139 -0.681536203404045
1636512993.45082 6.51457906359518 8.92795333566112 0.271916481150404 0.674308866894624 0.017742122443014 0.00848839425456155 -0.738187453348731
1636512993.95108 7.27511853500613 8.72659440973343 0.285159759915173 0.614576047871334 0.0203003353731531 0.0101399468850286 -0.788531140313278
1636512994.45134 8.02714525095742 8.39952112752423 0.302808216066808 0.5508647064293 0.0221539068352329 0.0133091721551078 -0.834194309234392
1636512994.95177 8.73658104853346 7.96175249540108 0.325617666864872 0.484281011762122 0.0211214822515236 0.0146655689213314 -0.874534565195892
1636512995.45203 9.37441108188655 7.40336708361794 0.32610600096269 0.419566930570923 0.0217472573925243 0.0146075341628795 -0.907346277621106
1636512995.95229 9.94766882815794 6.77999938407015 0.326908513996149 0.359875589226205 0.0208503922336256 0.0104331694881984 -0.932708941952004
1636512996.45257 10.4564010018033 6.05834360276668 0.331937476392663 0.305533806845947 0.0214245539819858 0.0107048676223164 -0.951879975191245
1636512996.95281 10.8799286051612 5.27748126041933 0.327509947107077 0.25535934783704 0.020651241735778 0.0107633444902696 -0.966565714321792
1636512997.45306 11.2188227609505 4.45864653575678 0.329180677273747 0.209562632923123 0.0218061403074558 0.00970270634801965 -0.977503888798783
1636512997.95332 11.488326680088 3.61058445191047 0.328524945523888 0.177152269820031 0.024025145427289 0.007482290642604 -0.983861718439918
1636512998.45357 11.7456987610131 2.7112260949641 0.342792777184042 0.155606880599008 0.023678938849985 0.00866299931044878 -0.987497219747039
1636512998.95383 11.9623155413707 1.78386856131765 0.351873937000337 0.14751586579109 0.0246097624640651 0.0125389193442108 -0.98867396265556
1636512999.45409 12.1752790622705 0.847087141320708 0.35395959210601 0.144599903047991 0.026180443026753 0.0151009573026266 -0.989028520079163
1636513000.0544 12.4478736561231 -0.271796947665272 0.347238702510188 0.142779133484085 0.0247680945039525 0.0151475437725443 -0.989328667558883
1636513000.55466 12.6695502517494 -1.22046156231725 0.338760020388626 0.143398878112026 0.025016162699441 0.0138550215368482 -0.989251733250046
1636513001.05493 12.8850315550757 -2.16604637534663 0.334522523960732 0.145934556079041 0.0248363678196817 0.013949284915376 -0.988884056715391
1636513001.65522 13.1515881287552 -3.30914288100524 0.333531514316756 0.154215960658086 0.0256548710239534 0.0140703600439344 -0.987603812284705
1636513002.15548 13.3963877068975 -4.24642229793105 0.323195686265128 0.174554857877999 0.0257931718555111 0.0134203608325402 -0.984218069226504
1636513002.65574 13.6923676643929 -5.16901401497841 0.321113014048504 0.209555331091963 0.0264057412575742 0.0135688927707503 -0.977345990521551
1636513003.156 14.0740878121739 -6.02514486633636 0.32983236584892 0.265596270178053 0.0267580716274033 0.013103230541701 -0.963623854115111
1636513003.65625 14.5446633191499 -6.78843701132874 0.328715344488943 0.338342754572211 0.0266889913536273 0.0126447530200709 -0.940559401840243
1636513004.15651 15.1156555495878 -7.42585232370562 0.339693881128366 0.41897248472721 0.0245716094015866 0.01223969789526 -0.90758387097191
1636513004.65706 15.7825880040635 -7.92415163561417 0.357850330058083 0.502598839537 0.0231329046503436 0.0132254462337287 -0.864108999368956
1636513005.15702 16.4919286011738 -8.23940870111795 0.364661648568295 0.581799098713274 0.0194167396105939 0.00991813183638481 -0.81304023862303
1636513005.65728 17.2292965865733 -8.44366594906664 0.388882574630368 0.654685983063947 0.0168896425845872 0.0102267850354477 -0.75564304828457
1636513006.15755 17.9879749557611 -8.49949472602888 0.408687930347953 0.720847651493364 0.0144365707959185 0.00932867313175118 -0.692880382618643
1636513006.6578 18.7322124919276 -8.42206794247798 0.41984888006623 0.780311378421178 0.0137173770320957 0.00923592725485938 -0.625172523325796
1636513007.15806 19.4491645631246 -8.21984326705819 0.441688403448041 0.833516481217079 0.0129445508262085 0.00916476552179825 -0.55226689310182
1636513007.65832 20.1198692830986 -7.88225515140846 0.460642475329014 0.879834149597167 0.0111223743200893 0.00718677065350504 -0.475096318991937
1636513008.15859 20.727895427418 -7.41992980579707 0.483529607742355 0.918127762311798 0.00855889059211559 0.00703643470482728 -0.396129582397992
1636513008.65883 21.221574216077 -6.86842607025232 0.500888933401815 0.947597501255573 0.0072266317288458 0.00396732014392301 -0.31936031653749
1636513009.15909 21.6411021181958 -6.22087058455238 0.525063415977042 0.967602919029088 0.00509954020780878 0.0014355218173659 -0.252421324481843
1636513009.65934 22.0240549268085 -5.50554216415889 0.551466089535584 0.980727422696891 0.00356919656025944 0.00159067557737574 -0.195341887360176
1636513010.15961 22.3359208878115 -4.73534207297716 0.565970691037426 0.989538159812787 0.00171723305535859 0.000764841707643393 -0.144259129354503
1636513010.65987 22.580003058492 -3.91537007400768 0.582705709632868 0.994961052530514 -0.000743704766264476 0.000177319680573359 -0.100259260960389
1636513011.16031 22.7530456539325 -3.05830115950758 0.598817055378747 0.997950941967513 -0.00198523621957125 -0.00128316216487628 -0.0639400481557859
1636513011.66038 22.8650814292156 -2.18422343335943 0.606968783005258 0.999467023431387 -0.00237370780627181 -3.4398022218136e-06 -0.0325581721326876
1636513012.16081 22.942290939799 -1.31022774875345 0.616185990669818 0.99999754296214 -0.00192261423207131 -0.000894928952936745 -0.000645543466100589
1636513012.66106 22.949886601661 -0.415953761272736 0.631724838307073 0.99947717252869 -0.00357069930792913 -0.00171041804951201 0.0320890350525556
1636513013.1617 22.9271731563616 0.463021234354709 0.641742748339552 0.997606965188698 -0.00513150388906162 -0.000168924141326093 0.0689491271842306
1636513013.66159 22.8423072163458 1.31525375554635 0.651079448749056 0.993226455110824 -0.00624625626024903 -4.97832002805982e-05 0.116026680864149
1636513014.16184 22.6385159127887 2.1180672942546 0.649201876818012 0.985443596387308 -0.00611932086277285 -0.00111181572003486 0.169888893448721
1636513014.6621 22.3668901609556 2.89539848684797 0.652645574361092 0.973359140320216 -0.00729182697592554 -0.00102694494671953 0.229167533910282
1636513015.16235 21.9988687062853 3.60281598429989 0.653821309575264 0.954201313721362 -0.00996916347405684 -0.00311689075092609 0.298982865168057
1636513015.66417 21.5240626815304 4.22072731774986 0.657541687432399 0.928021035565844 -0.011819157634747 -0.00579023117437828 0.372295230003085
1636513016.16287 20.9734179006706 4.75589223865649 0.654314055469098 0.89386201527811 -0.0158596679568947 -0.00542839797825366 0.448028683312399
1636513016.66313 20.3410424849644 5.15176930767011 0.636472093991572 0.849926314438345 -0.0176822738491779 -0.00816193317160864 0.526541527387609
1636513017.16339 19.6458489494296 5.46922756005978 0.61952635556143 0.798713758746326 -0.0211331936163786 -0.00900393621414915 0.601272524608883
1636513017.7637 18.7651102896501 5.64186818228629 0.587420327659819 0.728761535293322 -0.0224400434236891 -0.0109632626402342 0.684311972714452
1636513018.26395 18.0126167186364 5.64256151552217 0.565144180835008 0.663909179146382 -0.0232571275156323 -0.0125747127362651 0.747345692744997
1636513018.7642 17.2635053334499 5.52511650008863 0.537965088438825 0.593331615906163 -0.0245697513903177 -0.0122138915692097 0.804490361493247
1636513019.26446 16.5421093706919 5.24775943476174 0.503990661561123 0.523251431373334 -0.0254354856533956 -0.0128217392565656 0.851702165453258
1636513019.86478 15.7324395903206 4.7797064211754 0.466564384407447 0.439683625706102 -0.0278333540461504 -0.0116648143772645 0.897645556884243
1636513020.46509 15.0207021465737 4.16509248220865 0.439269589573988 0.360872420099111 -0.0294957872996365 -0.00913493564379106 0.932103882565763
1636513021.0654 14.4245593282135 3.44200976575945 0.41472971900343 0.287247538775323 -0.028426347830559 -0.00741426821864185 0.957405777527647
1636513021.56565 13.9946237333666 2.74812563712797 0.404002614737784 0.239629900519203 -0.0272621467015892 -0.00875076538836809 0.970442017968872
1636513022.16644 13.5132885524181 1.84240473354658 0.391309584743069 0.197602743580086 -0.0276077848799924 -0.011531050129042 0.979825495089082
1636513022.66622 13.147179206326 1.02638269603763 0.381745197672505 0.172712188176158 -0.0277239022181055 -0.014140175838705 0.984480543600763
1636513023.26652 12.7632611632476 0.0371750121352934 0.354150950086761 0.151209579804033 -0.0264213796363881 -0.0147680452714996 0.9880381968894
1636513023.86684 12.3826266812178 -0.993369315890826 0.330231262508855 0.149108918134093 -0.0260538260755409 -0.0149498729860093 0.988364421646899
1636513024.46715 11.9874299153764 -2.01261455687164 0.301670883868211 0.159488341259122 -0.0252141647241299 -0.0134309154195039 0.986786362598649
1636513025.06746 11.5574095723094 -3.03779396199516 0.282621362124122 0.183357292203217 -0.0244090843646125 -0.013404436845997 0.982651831051684
1636513025.66776 11.0470403958291 -4.04012128380202 0.265601250820338 0.213700300449189 -0.0251856062931501 -0.0128479173529306 0.976490039807506
1636513026.16803 10.5862606625481 -4.84353552806532 0.246349267404454 0.238220691289166 -0.025333201924884 -0.0134392296730671 0.970787576263592
1636513026.76833 9.9665167205011 -5.77319376133947 0.217077793489464 0.268336123959153 -0.0253643045410584 -0.0135653100035915 0.962895819389737
1636513027.36867 9.32134408256675 -6.66565219389698 0.188758211852382 0.309094837931147 -0.0225370857094581 -0.0152564632268073 0.950641731285689
1636513027.86891 8.70617872071888 -7.32261466290409 0.179857129599538 0.359696722759319 -0.0240010669910353 -0.0152665995398087 0.932635591942528
1636513028.46921 7.89749469051753 -7.99032581680213 0.14847448003307 0.42889229132139 -0.0241763286584502 -0.0156313484753835 0.902896765152322
1636513029.06952 7.02067195505169 -8.50672083735679 0.116342731514853 0.508179970425392 -0.0236863655334692 -0.0172304623000871 0.860752685104838
1636513029.66982 6.07384932746009 -8.80324770076881 0.0811602845653106 0.595939339539578 -0.0255080775535404 -0.01635628107349 0.80245754631513
1636513030.27013 5.12789284700223 -8.8855794476231 0.0381711556211642 0.676745020557474 -0.0238351200219288 -0.0132372634785316 0.735712470371275
1636513030.7704 4.3651518407298 -8.84009182833206 0.0136972717448708 0.736211532693391 -0.0205753951916967 -0.0113543487096942 0.676343338111149
1636513031.37071 3.50996578396387 -8.60049076397758 -0.0157276959564824 0.800664732657604 -0.0164337742979159 -0.00815934360116265 0.598831647504248
1636513031.97101 2.6949815130151 -8.2106491602787 -0.0274504111765795 0.856454392784113 -0.0139735436202627 -0.00969605260439452 0.515942438381824
1636513032.47127 2.09442327860108 -7.74235688245391 -0.0441025296298524 0.896735189775911 -0.0132929686579712 -0.00816634298353204 0.442292445384379
1636513033.07157 1.46082794046131 -7.04798774043523 -0.0559584165121029 0.934863680552671 -0.0128706359019986 -0.00944458369432396 0.354647776468193
1636513033.57183 1.04315052413533 -6.36921070684593 -0.057737074372149 0.957892996041972 -0.0124069225942333 -0.00679090082894604 0.286776847167631
1636513034.17214 0.607059362462141 -5.4609457322713 -0.0623588650848745 0.976279874491265 -0.0120003204623922 -0.00940991532068951 0.215974656998863
1636513034.67314 0.353367301680619 -4.6494650720406 -0.0731746735006184 0.985759063930042 -0.0101380221572293 -0.00618419811053947 0.167743983737827
1636513035.17265 0.135622674739124 -3.79778932667873 -0.0693872369591037 0.990634720505763 -0.00828582594948286 -0.00632627770174167 0.136140272613373
1636513035.77299 -0.0459141867572729 -2.76518716963604 -0.0852012705379781 0.994146266426258 -0.00515133375425317 -0.00424626230157995 0.107836144069373
1636513036.27322 -0.157669889819907 -1.91273075106612 -0.0785195366285171 0.995982403408753 -0.00252102750073643 -0.00435714353074823 0.0894075601988896
1636513036.77349 -0.26169362351574 -1.04629109163405 -0.0630783559176524 0.997597430656398 -0.00197209494524056 -0.00626028245098031 0.0689658325035995
1636513037.37379 -0.281822758433059 -0.0430600021880779 -0.044421473633131 0.999353656949449 -0.00206071442819474 -0.0022235792201651 0.0358200710951405
1636513037.87405 -0.272177148389373 0.693980831357228 -0.0280590502792666 0.999943612859429 -0.00358571838111533 -0.00187368772193861 0.00981850394127479
1636513038.3743 -0.220950690913415 1.13156980888286 -0.0250476413960311 0.99998012316543 -0.00348317192973316 -5.49868103328441e-05 -0.00525526058441657
1636513038.87457 -0.229258080444727 1.21908838818853 -0.0286980596916399 0.999961599152711 -0.0023478654382667 -0.000512050921577984 -0.00842766585061305
1636513039.47488 -0.219663444182379 1.21800050363744 -0.0262912156906641 0.99996595986199 -0.0016918482191778 -0.000493586897834264 -0.00806059171939115
1636513039.97514 -0.21641139065691 1.23022019159326 -0.0267072798622079 0.999965772779043 -0.00186399673128814 -0.000313871821492512 -0.00805482905322774
