1636512982.94541 -6.93889390390723e-18 -5.55111512312578e-17 2.22044604925031e-16 1 0 0 0
1636512983.44567 0.00395034933025425 0.00167244947086975 -0.0042413989878991 0.999999988199575 -0.000145186376597175 -2.20376146057438e-05 4.51232771263911e-05
1636512983.94593 -0.00944731415466524 -0.0123444624354253 -0.01038255354491 0.99999995745122 0.000149186195384674 -0.000236067928613587 8.43384254132979e-05
1636512984.44618 0.0102458090149577 0.0482243061855091 -0.0135164113354187 0.999999778323214 0.000584039021128283 -0.000251772097277538 0.000197136387965793
1636512984.94644 0.0497668185878643 0.245314600432398 -0.00980826761492981 0.999999956882582 4.13797576841501e-05 7.85858906948625e-05 -0.000279904998112322
1636512985.44734 0.0895900140635991 0.563589277299655 -0.0058125798438784 0.999991849624826 -0.000599995390929355 0.000295415982985317 -0.00398163519778349
1636512985.94697 0.096724858904775 0.976547316891356 0.0025046135731146 0.999942507343086 -0.000462345468707823 9.81762628987317e-05 -0.0107125443528797
1636512986.44723 0.132796310845098 1.496757040878 0.0093817446897031 0.999773920266298 -0.000646720993148447 0.000161586599530698 -0.0212523880325566
1636512986.94748 0.185751617876825 2.1386593574191 0.0226435728691572 0.999386265259098 -0.00174411251820425 -0.000139786278661855 -0.034986159303254
1636512987.44774 0.291452115645461 2.82889552179894 0.0319091683095039 0.998649713997132 -0.000936377007283586 0.000910508496774003 -0.0519330617797888
1636512987.94888 0.433192833197011 3.60693618476607 0.0314022637507141 0.997140195441343 0.000509986387689637 0.00073562387390377 -0.0755687065298934
1636512988.4483 0.625766368728811 4.43176853541142 0.0521859711576274 0.993952431814829 0.000157148993996387 -0.000549722653784553 -0.109810001359554
1636512988.9485 0.915559822113026 5.25162792808029 0.0716961214213472 0.98808838090538 0.0012740723223071 0.00169691563567284 -0.153872833004493
1636512989.44876 1.26754402848149 6.06677196426469 0.0847561077273891 0.978463545563854 -5.5638072670685e-06 -0.000626162938991832 -0.206418744041402
1636512989.94902 1.71595495872469 6.80074336762537 0.10778442697217 0.962757026689566 0.00431963473092116 -8.29157212521413e-05 -0.270333574386611
1636512990.44928 2.23817303639737 7.45920360757384 0.128748071091328 0.941315011800002 0.00688672856550605 -0.000310094448441206 -0.337458923976029
1636512990.94953 2.83903489590304 8.01153062547299 0.14386286901212 0.914281107156904 0.00986178815853922 0.000326232618814069 -0.404960116310904
1636512991.44979 3.49489992936965 8.43877162022447 0.175564452099935 0.878834036288516 0.0132842035347851 0.00416508102551467 -0.476924437093899
1636512991.95005 4.20396763352562 8.76726727040289 0.214758216236594 0.833626688637055 0.0113592963413693 0.00363749166011558 -0.552199492061583
1636512992.45031 4.96875073712537 8.92403853946785 0.225210554724685 0.782883958698366 0.0140439134887759 0.00785238083513818 -0.621959657712552
1636512992.95056 5.74062745472729 8.98358934030874 0.250944890162613 0.731587396648126 0.0152707216257236 0.00788393633610866 -0.681531018864509
1636512993.45082 6.51479846758614 8.92293840512837 0.273952038747999 0.674308866894624 0.0180048197645959 0.00846914017850323 -0.738181313876997
1636512993.95108 7.2755052881708 8.72352584227733 0.287494637535302 0.614576047871334 0.0205808968840744 0.0101194443563396 -0.788524130836982
1636512994.45134 8.02612017163195 8.39972693778015 0.305423504544715 0.5508647064293 0.022450591575391 0.0132875148543144 -0.834186722561246
1636512994.95177 8.73250487931622 7.96148041343845 0.328415154222886 0.484281011762122 0.0214324801331979 0.0146427634149762 -0.874527380887282
1636512995.45203 9.37032848874171 7.40250934069698 0.329136459691916 0.419566930570923 0.0220699527984169 0.0145838650224443 -0.907338866596035
1636512995.95229 9.94377673712038 6.77270699590733 0.33010411155319 0.359875589226205 0.0211823276394095 0.0104087665750602 -0.932701735204376
1636512996.45257 10.4521870445318 6.05126902552083 0.335327127285816 0.305533806845947 0.0217633092810076 0.0106799701109021 -0.951872569980768
1636512996.95281 10.8738583253306 5.26998977637147 0.331030989642065 0.25535934783704 0.0209952285861075 0.0107380099172595 -0.966558585390392
1636512997.45306 11.2139411543857 4.45002708051125 0.332863891692883 0.209562632923123 0.0221540765343062 0.00967712925674061 -0.977496318634801
1636512997.95332 11.4865437958438 3.59947129204507 0.332395758294093 0.177152269820031 0.0243754540411733 0.00745664681632398 -0.98385329646048
1636512998.45357 11.7428496854806 2.70160176877022 0.346752898681285 0.155606880599008 0.0240304866412697 0.00863723986380235 -0.98748895310761
1636512998.95383 11.9598662020954 1.77974213891664 0.355972800075437 0.14751586579109 0.0249615437643481 0.012513172483547 -0.988665469806245
1636512999.45409 12.1744846971375 0.846791602206241 0.358245625666636 0.144599903047991 0.0265322277499015 0.0150752761093701 -0.989019537208121
1636513000.0544 12.445179784266 -0.27230117795646 0.351600209144615 0.142779133484084 0.0251199840635099 0.015121786670061 -0.989320189327039
1636513000.55466 12.6675052200549 -1.22267681854072 0.343218518413212 0.143398878112026 0.0253680867971559 0.0138292784287208 -0.989243131382071
1636513001.05493 12.8827877965599 -2.16815362677856 0.339078772735774 0.145934556079041 0.0251881563615624 0.013923543198246 -0.988875521522262
1636513001.65522 13.1505587166352 -3.31088086412842 0.338247212557665 0.154215960658086 0.0260061974015211 0.0140446924491924 -0.987594988742361
1636513002.15548 13.3959136415436 -4.24892795876183 0.328028244581122 0.174554857877999 0.0261433226411888 0.0133947920841506 -0.984209178893132
1636513002.65574 13.693056763019 -5.1709439691654 0.32611336201829 0.209555331091963 0.0267534355287997 0.013543540565151 -0.977336886343345
1636513003.156 14.0760195230543 -6.02708581092143 0.335026736510146 0.265596270178053 0.0271008973468978 0.0130782689642867 -0.963614612545595
1636513003.65625 14.5475919884048 -6.79007550868826 0.334131051521092 0.338342754572211 0.0270236184069714 0.0126204163037642 -0.940550173871125
1636513004.15651 15.1171954031334 -7.42778034075148 0.34528373527913 0.41897248472721 0.0248945028435595 0.0122161577398278 -0.907575388747268
1636513004.65706 15.7829082665993 -7.92409168722892 0.363682555839995 0.502598839537 0.0234402555642845 0.0132030211410542 -0.864101059568782
1636513005.15702 16.4917108151086 -8.24399861239848 0.37068691919714 0.581799098713274 0.0197060473707717 0.00989691941271872 -0.81303353646672
1636513005.65728 17.2274559280476 -8.44785109782571 0.395137867948196 0.654685983063947 0.0171584781469975 0.010207014659868 -0.755637258913961
1636513006.15755 17.9857735515933 -8.50447717262714 0.415199936322792 0.720847651493364 0.0146830796511456 0.00931049448800901 -0.692875447104924
1636513006.6578 18.7304425125525 -8.42516505419615 0.426650706960815 0.780311378421178 0.0139397578808368 0.00921955818149983 -0.625167845945073
1636513007.15806 19.4474107466091 -8.2208617880339 0.448764588247496 0.833516481217079 0.0131409500424985 0.00915034501087724 -0.552262493890054
1636513007.65832 20.11937002145 -7.88358893664792 0.467976557380603 0.879834149597167 0.0112913632872188 0.00717436454055523 -0.475092520264407
1636513008.15859 20.7259361042579 -7.42122983322907 0.491031664807282 0.918127762311798 0.0086997415335803 0.00702605635440344 -0.396126698294478
1636513008.65883 21.2225375812134 -6.86971658289907 0.508629793997538 0.947597501255573 0.00734026774228004 0.00395896875911016 -0.319357828540386
1636513009.15909 21.6440450514029 -6.22301859868636 0.532986363090532 0.967602919029088 0.00518943929642156 0.00142889154509459 -0.252419529900379
1636513009.65934 22.0257014305167 -5.50719703792086 0.559473214538639 0.980727422696891 0.00363874400070368 0.00158552650228146 -0.195340646098353
1636513010.15961 22.3375927328813 -4.73754548686897 0.574063515015672 0.989538159812787 0.00176861324796219 0.000760995083781616 -0.144258528926317
1636513010.65987 22.5814463411518 -3.91922181240249 0.59084137165421 0.994961052530514 -0.000707978718644164 0.000174553395426774 -0.100259524458367
1636513011.16031 22.7558209291374 -3.06252522146962 0.607029873846101 0.997950941967513 -0.00196238499158255 -0.00128499881577789 -0.0639407166783525
1636513011.66038 22.8655403962159 -2.18763455879609 0.61513695015761 0.999467023431387 -0.00236210307293411 -4.44038252351389e-06 -0.032559015994949
1636513012.16081 22.9433839292285 -1.31179675924044 0.624396846738158 0.99999754296214 -0.00192234111153643 -0.000895038739492184 -0.000646204293159591
1636513012.66106 22.9514630221402 -0.41852285806897 0.639918529616665 0.99947717252869 -0.00358205426873168 -0.00170971533015083 0.0320878069484593
1636513013.1617 22.9259576586216 0.45953611656012 0.649818595241892 0.997606965188698 -0.00515607037143075 -0.000167292373071061 0.0689472984139549
1636513013.66159 22.8400515859406 1.31180129398472 0.659076999789142 0.993226455110824 -0.00628760781000425 -4.69227105130596e-05 0.116024448519584
1636513014.16184 22.6363861526444 2.11671262449695 0.657131592581515 0.985443596387308 -0.00617981911870438 -0.00110748217313952 0.169886731848441
1636513014.6621 22.3633579481853 2.89417968631928 0.660426683463183 0.973359140320216 -0.00737345737532551 -0.00102105314455164 0.229164948305584
1636513015.16235 21.997104394043 3.60071935842585 0.661485215631598 0.954201313721362 -0.0100755771366731 -0.00310922588722345 0.298979377804175
1636513015.66417 21.5243923666351 4.21945971889066 0.665086878828291 0.928021035565844 -0.0119515730569277 -0.00578065832626043 0.372291151436718
1636513016.16287 20.9732179191889 4.75123216406883 0.661600410466326 0.89386201527811 -0.0160190934573175 -0.00541695626503813 0.448023149929313
1636513016.66313 20.342873955413 5.14856307819769 0.643594901291548 0.849926314438345 -0.0178695517844475 -0.0081484405223833 0.526535413871971
1636513017.16339 19.6488555681917 5.4643449778134 0.626416043526227 0.798713758746326 -0.0213470666488671 -0.00898857372442833 0.601265199289968
1636513017.7637 18.7684941683191 5.63891094636875 0.594020952427626 0.728761535293322 -0.0226834194234885 -0.0109457011960409 0.684304229700142
1636513018.26395 18.0159885205454 5.64138162990705 0.571496848641646 0.663909179146382 -0.0235228927339854 -0.0125554737169058 0.747337698395007
1636513018.7642 17.2657663682549 5.52303616232294 0.54400723391507 0.593331615906163 -0.0248559013823922 -0.0121931591347978 0.804481885814071
1636513019.26446 16.5440480391833 5.24601515697658 0.5097768560451 0.523251431373334 -0.0257384337201666 -0.0127997625005561 0.851693394758536
1636513019.86478 15.7349371723421 4.77511122951931 0.472062666458618 0.439683625706102 -0.0281527326188793 -0.0116417013275119 0.897635897077555
1636513020.46509 15.0230970562341 4.1563930874296 0.44450560326194 0.360872420099111 -0.0298275687395639 -0.00911096383410071 0.932093559087773
1636513021.0654 14.4245561176756 3.43140777943735 0.419699160278069 0.287247538775323 -0.0287672299696349 -0.00738955601115665 0.95739578670963
1636513021.56565 13.9935525901799 2.73955460275067 0.408809852208481 0.239629900519203 -0.0276076112215018 -0.00872564229583173 0.970432477685246
1636513022.16644 13.5135085195831 1.83733133084116 0.396021241259453 0.197602743580086 -0.027956460533475 -0.0115056880443409 0.979815906783866
1636513022.66622 13.1481785242373 1.02476464353427 0.386404532293406 0.172712188176158 -0.0280741119158575 -0.0141146925359967 0.984470984717251
1636513023.26652 12.7625728141352 0.0366397955480394 0.358666566957589 0.151209579804033 -0.026772827334828 -0.0147424026057807 0.988029119134348
1636513023.86684 12.3815200969046 -0.993604905277288 0.334631393756795 0.149108918134093 -0.0264053813526259 -0.0149242038076886 0.988355479829605
1636513024.46715 11.98495580598 -2.01472458989531 0.305897889972208 0.159488341259122 -0.0255652304347522 -0.0134052489537163 0.986777678758352
1636513025.06746 11.553993476779 -3.03963524854345 0.286703513982373 0.183357292203217 -0.0247586777632249 -0.0133788443759093 0.982643433700387
1636513025.66776 11.0447450937376 -4.04277923646654 0.269544176613496 0.213700300449189 -0.0255330301345839 -0.0128225299445827 0.976481350915568
1636513026.16803 10.5845610101392 -4.84533775686534 0.250173630388077 0.238220691289166 -0.0256785649263964 -0.0134140046521444 0.970778851244826
1636513026.76833 9.96521975441983 -5.77472387937613 0.220719121794211 0.268336123959153 -0.0257068487075838 -0.0135403014105854 0.962887087225607
1636513027.36867 9.31753577467082 -6.66359706168396 0.192190153021547 0.309094837931147 -0.0228751813558193 -0.0152316527883749 0.950634053669229
1636513027.86891 8.70516258393572 -7.32096386033718 0.183145822535429 0.359696722759319 -0.0243327442912643 -0.0152423497194705 0.932627393961002
1636513028.46921 7.89833716074214 -7.98815610035507 0.151551852745086 0.42889229132139 -0.0244973889168515 -0.0156079170136029 0.902888516544452
1636513029.06952 7.02407477305542 -8.50240111779295 0.119241074749977 0.508179970425392 -0.0239923281142007 -0.0172081551557322 0.860744657402092
1636513029.66982 6.08149562661659 -8.80206475142044 0.0838162882687882 0.595939339539578 -0.0257933043234051 -0.0163356489985997 0.802448849219068
1636513030.27013 5.13381537638165 -8.88743094104851 0.0403837712984757 0.676745020557474 -0.0240967071099704 -0.0132183690153593 0.7357042888129
1636513030.7704 4.36837563716982 -8.84163105274338 0.0155510297452774 0.736211532693391 -0.0208159123714981 -0.0113369148689824 0.676336270861354
1636513031.37071 3.50912200233712 -8.6017073938154 -0.0142961871267794 0.800664732657604 -0.0166468181519528 -0.00814382221312099 0.59882597428928
1636513031.97101 2.69721132465788 -8.20947351064823 -0.0261963331428161 0.856454392784113 -0.0141569704983566 -0.00968267075895989 0.515937689216516
1636513032.47127 2.0970698450583 -7.74321520532182 -0.0430939692419725 0.896735189775911 -0.0134502185271257 -0.00815493440015008 0.442287901806122
1636513033.07157 1.46774926444803 -7.05029572965315 -0.0550683650939459 0.934863680552671 -0.0129965861111956 -0.009435541906618 0.354643423852603
1636513033.57183 1.04830515994846 -6.37444715036852 -0.0571060838848768 0.957892996041972 -0.0125088094533233 -0.00678368530934488 0.28677259184486
1636513034.17214 0.617277182374347 -5.46745769662407 -0.0617229439670673 0.976279874491265 -0.012076846384102 -0.00940460863470348 0.215970622495658
1636513034.67314 0.359729527662081 -4.65627982494053 -0.0728019968459609 0.985759063930042 -0.0101975124466444 -0.00618011570564935 0.16774052816637
1636513035.17265 0.142414264308195 -3.80331610685099 -0.0690891971547273 0.990634720505763 -0.0083340453211012 -0.00632296721258346 0.136137483092213
1636513035.77299 -0.0419254477827066 -2.76789179779953 -0.0850644107763848 0.994146266426258 -0.00518956487870201 -0.00424357236822152 0.107834416865199
1636513036.27322 -0.153483949492743 -1.91252137702129 -0.0783968343093309 0.995982403408753 -0.00255268514511536 -0.00435482936393539 0.0894067746867429
1636513036.77349 -0.254476447440341 -1.04596152527471 -0.0629050921487003 0.997597430656398 -0.00199637551126717 -0.00625849869717916 0.0689652958133948
1636513037.37379 -0.279460006164978 -0.044504211945538 -0.0444737194648235 0.999353656949449 -0.00207337470049951 -0.00222270246615783 0.035819394925963
1636513037.87405 -0.269777063189931 0.689394735785825 -0.0281616162778254 0.999943612859429 -0.00358912782828988 -0.0018735922731466 0.00981727635645656
1636513038.3743 -0.220830748858828 1.12653962144473 -0.0252138793716175 0.99998012316543 -0.00348129598290859 -5.52969888169938e-05 -0.00525650022105262
1636513038.87457 -0.228442587883378 1.21550422253372 -0.0288361026934479 0.999961599152711 -0.0023448369373505 -0.0005123930537403 -0.00842848818281196
1636513039.47488 -0.218873676929315 1.21533920992687 -0.0264160782693622 0.99996595986199 -0.0016889514789303 -0.00049388757078727 -0.00806118076080713
1636513039.97514 -0.215872818621516 1.22732296262166 -0.0268412291526667 0.999965772779043 -0.00186111065100849 -0.000314180593796785 -0.00805548434983806
