1636512983.44567 0.0037058463429275 0.00459728040286511 0.00186104512250301 0.999999988199575 -0.000143515134395119 -4.80142484489548e-05 -2.64365030022033e-05
1636512983.94593 -0.00946410194464772 0.0093755831634191 -0.0135439747567417 0.99999995745122 0.000161010778152159 -9.42997594124474e-05 -0.00022423345537196
1636512984.44618 0.00716359862622656 0.0151360934922473 0.0469424817903299 0.999999778323214 0.000597254065150617 -0.000202241125626555 -0.000213868257099037
1636512984.94644 0.0385906465086236 0.0227990646690735 0.246494152310688 0.999999956882582 3.47551347647553e-05 0.000284028552311856 6.59901250921486e-05
1636512985.44734 0.0692291229867247 0.0365280736896096 0.567225981612039 0.999991849624825 -0.000654055202594785 0.00398358451232246 6.28501830657365e-05
1636512985.94697 0.0667089207039379 0.0491225386504296 0.979857705183275 0.999942507343085 -0.000576279780883784 0.0106970521995207 -0.000472212111576427
1636512986.44723 0.0941233613186148 0.0695285719054508 1.50108849648413 0.999773920266298 -0.00087150308962102 0.0212233924299068 -0.000957314728516348
1636512986.94748 0.136871215440883 0.0913698928603884 2.14575059548689 0.999386265259098 -0.00209422355005979 0.034909270921786 -0.00201242214861705
1636512987.44774 0.237082915575858 0.11746404745051 2.83696351682511 0.998649713997132 -0.00151073231493498 0.0518964805060407 -0.00179491849524562
1636512987.94888 0.376865511250993 0.157099475533846 3.61390093891845 0.997140195441343 -0.00030015847215912 0.0755092918550553 -0.00311245620696968
1636512988.4483 0.579133082933223 0.18101614393912 4.43941825216665 0.993952431814829 -0.000943062680892747 0.109634255170368 -0.00616473968681087
1636512988.9485 0.898192157488498 0.205440939794527 5.25415262653232 0.988088380905379 -0.000385204785974028 0.153764918902782 -0.00612803817542478
1636512989.44876 1.28321957499608 0.238916426657822 6.06080780388276 0.978463545563854 -0.00209257449583054 0.2061052088734 -0.0111961604956153
1636512989.94902 1.78443078994683 0.251137442936639 6.76526586777909 0.962757026689566 0.00154660086542124 0.270015022863683 -0.0137259977252804
1636512990.44928 2.36060164609429 0.264340752667232 7.38545129706691 0.941315011800002 0.00343313645585979 0.33706970240698 -0.0172707224315288
1636512990.94953 3.01403998193008 0.278401810040822 7.8881280621354 0.914281107156904 0.00568258307065888 0.404548628629834 -0.0199542581749475
1636512991.44979 3.72720248221133 0.271470087088172 8.24647769851736 0.878834036288516 0.00818206019681409 0.476652537041556 -0.0196506865940753
1636512991.95005 4.48404527958104 0.256166289649254 8.49891302699114 0.833626688637055 0.00551243374109217 0.551773776622229 -0.0241217018120799
1636512992.45031 5.28541452729631 0.259578502880078 8.56298114783937 0.782883958698366 0.00727983794811283 0.621686265238984 -0.0233644769988347
1636512992.95056 6.07130200497864 0.241416657443584 8.54300598730849 0.731587396648126 0.00789290323462459 0.681193430842817 -0.0263266579865104
1636512993.45082 6.84521596335492 0.218911636679724 8.39633082812279 0.674308866894624 0.0100153418198117 0.737830632258479 -0.0285167153889583
1636512993.95108 7.59447522318249 0.200710116266506 8.11419756370417 0.614576047871334 0.0119943850036276 0.788220940688493 -0.0293285657914678
1636512994.45134 8.32340259356018 0.174948787978221 7.71031190346653 0.5508647064293 0.0132442760608199 0.834005393253068 -0.0284195071558561
1636512994.95177 8.99862136273363 0.13837697698745 7.20307708922707 0.484281011762121 0.0117497939294704 0.874346796233795 -0.0291808825255525
1636512995.45203 9.59684630329852 0.114567616229678 6.58699443885764 0.419566930570923 0.0120528634739686 0.907118574447957 -0.0308903082677827
1636512995.95229 10.1300994355193 0.0818670073359017 5.9225489276254 0.359875589226205 0.0111031205149841 0.932224028250503 -0.0363956336162375
1636512996.45257 10.6041862506995 0.0451988935757858 5.17160207538626 0.305533806845947 0.0114740629583189 0.951389786907876 -0.0370798074541775
1636512996.95281 10.9973902486564 0.014568347213592 4.36944469444678 0.25535934783704 0.010553554571374 0.966048987142826 -0.037809792362153
1636512997.45306 11.3104292437034 -0.0270101787548535 3.5363817007882 0.209562632923123 0.0116489344125951 0.976932684340855 -0.0393742996883893
1636512997.95332 11.5725003195886 -0.0700776524352634 2.68444249479082 0.177152269820031 0.0139072653422988 0.983196550110851 -0.0418115428850781
1636512998.45357 11.8410172645205 -0.124984009295576 1.7887325775492 0.155606880599008 0.0134697408663327 0.986882709586608 -0.0408360418042025
1636512998.95383 12.0894322968754 -0.172738412246158 0.869191262215619 0.14751586579109 0.0142048487310989 0.988265807250774 -0.0369862924799036
1636512999.45409 12.3418947513797 -0.21607248942755 -0.0574388693725381 0.144599903047991 0.0156492352485666 0.988769087161106 -0.034375307260295
1636513000.0544 12.6646030579802 -0.26245786090109 -1.16201208786013 0.142779133484084 0.0142333610581372 0.989053828884119 -0.0344100863728587
1636513000.55466 12.9314857559987 -0.30134650930436 -2.09784277926869 0.143398878112026 0.0145429233282259 0.988914514968656 -0.0356839911107233
1636513001.05493 13.1951005496527 -0.342249166104411 -3.03022746547463 0.145934556079041 0.0143625261278003 0.988549908629709 -0.035579507211799
1636513001.65522 13.5272661974395 -0.39590937349924 -4.15449103661864 0.154215960658086 0.0151870301995208 0.987287606524126 -0.0353549656467894
1636513002.15548 13.845488902362 -0.43113725753696 -5.06828349913424 0.174554857877999 0.0153893638392629 0.983875217814529 -0.0358235235875234
1636513002.65574 14.2347144474215 -0.472072042205939 -5.95462614696527 0.209555331091963 0.016062216458305 0.977027557410333 -0.0352947655351685
1636513003.156 14.7340975296558 -0.51995717549942 -6.74992378736161 0.265596270178053 0.0165719205514936 0.963304828336028 -0.0350399831797372
1636513003.65625 15.3348129006882 -0.551423130431998 -7.42270585717134 0.338342754572211 0.0167528204291952 0.940247690545531 -0.0343191471332314
1636513004.15651 16.0300194253564 -0.585253496379778 -7.93847947728587 0.41897248472721 0.0149833646646178 0.907270504236349 -0.033132883477825
1636513004.65706 16.8024725864379 -0.615244604476797 -8.28677256369719 0.502598839536999 0.0139300400250122 0.863887133183691 -0.029989691572717
1636513005.15702 17.5848802998721 -0.626984692107572 -8.43632103113014 0.581799098713274 0.0108797387378828 0.812674555803385 -0.0308464969030408
1636513005.65728 18.36464165771 -0.645421769578609 -8.46756537672864 0.654685983063947 0.00890903575610815 0.755340118119769 -0.0277163962358434
1636513006.15755 19.1325954071544 -0.652665140093091 -8.34836622272343 0.720847651493364 0.00712234338186868 0.692587236357691 -0.0255118716614303
1636513006.6578 19.8547355988563 -0.645534751372131 -8.10046150125136 0.780311378421178 0.00707842786163985 0.624958039876428 -0.0221697306989043
1636513007.15806 20.5197589911627 -0.643298195217371 -7.7339744826782 0.833516481217079 0.00703136241243568 0.552138585968956 -0.0185423128634536
1636513007.65832 21.109308145321 -0.632519407534871 -7.24420574661765 0.879834149597166 0.00606839950147137 0.4749504186254 -0.0166476297916265
1636513008.15859 21.6126865351604 -0.618065884730267 -6.64882276695751 0.918127762311798 0.0042964819141172 0.39605208929669 -0.0128722522978212
1636513008.65883 21.9864198602546 -0.599045100142187 -5.99109557197063 0.947597501255573 0.00387040786893978 0.319215383367425 -0.0120637713303278
1636513009.15909 22.2858702725239 -0.581788986883804 -5.26589845754629 0.967602919029089 0.00252777502115118 0.252213038102873 -0.0112598779188952
1636513009.65934 22.5549831804907 -0.563916985389075 -4.49431316135077 0.980727422696891 0.00155676738552266 0.195200389201637 -0.0082526905401018
1636513010.15961 22.7559381810073 -0.532553703451249 -3.68422207203237 0.989538159812787 0.000251482467652929 0.144122562168481 -0.00654630467395061
1636513010.65987 22.8957608025445 -0.500988221870911 -2.83739818085847 0.994961052530514 -0.00174341377773847 0.100122577272262 -0.0049933932482224
1636513011.16031 22.9733183214716 -0.46993898802269 -1.96439357683316 0.997950941967513 -0.00255512036056873 0.063763515294928 -0.00464789235348388
1636513011.66038 22.9969124029516 -0.431817970315328 -1.0823017337054 0.999467023431387 -0.00269299008519339 0.0324844849090289 -0.00178188602318806
1636513012.16081 22.9842209872901 -0.396911095021536 -0.205000436934685 0.99999754296214 -0.00188451403254419 0.000575659082962439 -0.00101552605291034
1636513012.66106 22.8998235094348 -0.365023512432816 0.686817656134471 0.99947717252869 -0.00316822671607505 -0.0321759447138958 -0.000229162169119317
1636513013.1617 22.780382758087 -0.329167030379345 1.55760016665117 0.997606965188698 -0.00443520878572914 -0.0689268676700107 0.00312391472738993
1636513013.66159 22.5849589030971 -0.296030286722175 2.39104629640429 0.993226455110824 -0.00508839111845758 -0.115947971648502 0.00560223298431368
1636513014.16184 22.2640771929578 -0.257993700001583 3.1585966384602 0.985443596387308 -0.00437842301859629 -0.169789121462495 0.00730766611935428
1636513014.6621 21.8716678631224 -0.226299414747531 3.88558136476467 0.973359140320216 -0.00496692739280426 -0.228997144158503 0.010374080904606
1636513015.16235 21.3755926112423 -0.195254527031531 4.51811021478859 0.954201313721362 -0.00685155972005482 -0.298856271855301 0.0117404341733566
1636513015.66417 20.7801473992457 -0.174222286115078 5.03744189643276 0.928021035565844 -0.00784766211804676 -0.372227081302149 0.012742515130911
1636513016.16287 20.121183487615 -0.150759795517518 5.451377346811 0.89386201527811 -0.0111510647886527 -0.447888716471912 0.0167943161271136
1636513016.66313 19.3986772504585 -0.123188448256412 5.69907799664278 0.849926314438345 -0.0120655030407452 -0.526455638496042 0.0180040094798461
1636513017.16339 18.6390480540658 -0.101034994840262 5.85432680349054 0.798713758746326 -0.0147330876674924 -0.601169972932749 0.0208310192053774
1636513017.7637 17.7226911984328 -0.0771555666835247 5.82102036317663 0.728761535293322 -0.0151241245467506 -0.684211741667238 0.0230689856365616
1636513018.26395 16.9746638850699 -0.0695243763884677 5.64783113164922 0.663909179146382 -0.0152403736854831 -0.747251368520961 0.0246520810207804
1636513018.7642 16.2605241746847 -0.0645833613014283 5.35964724368594 0.593331615906163 -0.0160029792353388 -0.804316056511324 0.027877938586778
1636513019.26446 15.6009673344729 -0.0593000446001817 4.92855785293382 0.523251431373334 -0.0163717827702929 -0.851505027008895 0.0296495071335175
1636513019.86478 14.8913542327919 -0.0630461175233899 4.3001827005869 0.439683625706102 -0.018366806539803 -0.897356666260579 0.0330451694074282
1636513020.46509 14.2978259753915 -0.0847843629036466 3.55745463577351 0.360872420099111 -0.0198057305564073 -0.931660229599104 0.037256489800888
1636513021.0654 13.8300281927186 -0.112907576654296 2.73507086750583 0.287247538775323 -0.0185683736747205 -0.956827282854341 0.0403189502861135
1636513021.56565 13.4981192041134 -0.144416608909832 1.98371079594002 0.239629900519203 -0.0172134186693148 -0.969899224396654 0.0397077260698897
1636513022.16644 13.1190763033978 -0.181795798749525 1.02831968502686 0.197602743580086 -0.0173345316031838 -0.979415137050084 0.0373986505222642
1636513022.66622 12.8276650720829 -0.215528680392423 0.181903490132182 0.172712188176158 -0.0172812658021115 -0.984197561172149 0.0350288237095472
1636513023.26652 12.5223606989572 -0.243348306993263 -0.835031406986935 0.151209579804033 -0.015915409159774 -0.987766194645679 0.034645453409641
1636513023.86684 12.1937637628885 -0.276324945850948 -1.88309723711559 0.149108918134093 -0.0155364707250926 -0.988096676598413 0.0344979174075976
1636513024.46715 11.8318521902864 -0.306393486822342 -2.91448420133849 0.159488341259122 -0.0147851156366983 -0.986433432295213 0.0359715583247393
1636513025.06746 11.416042536688 -0.34386459826579 -3.94583568038721 0.183357292203217 -0.0140231394267212 -0.982293293485522 0.0358237425444252
1636513025.66776 10.9098388224186 -0.382992206501083 -4.95197347238361 0.213700300449189 -0.0148860107430753 -0.976121220934528 0.0360270775024819
1636513026.16803 10.4528851846364 -0.407925465282113 -5.75930114145719 0.238220691289166 -0.0150619517371391 -0.970458317774018 0.0351382030673576
1636513026.76833 9.83614138558506 -0.431515161843962 -6.69402132864432 0.268336123959154 -0.0151651655365648 -0.962584082710032 0.0346067341151001
1636513027.36867 9.18015187018359 -0.453002680572123 -7.58078763455582 0.309094837931147 -0.0123826675975998 -0.950397677898571 0.0324238269254126
1636513027.86891 8.5327841052327 -0.480819677819927 -8.21387990167197 0.359696722759319 -0.014022661635404 -0.932434566946995 0.0314230959524147
1636513028.46921 7.67715271762163 -0.487476006961239 -8.83653257320537 0.42889229132139 -0.0144748056544932 -0.902756886166908 0.0295277314499638
1636513029.06952 6.7486614634936 -0.483940020889707 -9.28178832486428 0.508179970425392 -0.0143269905060482 -0.860745254092714 0.0257965609792645
1636513029.66982 5.75373065912816 -0.466351454450327 -9.47582470599367 0.595939339539578 -0.0167647635736103 -0.802507569600439 0.0235976063499923
1636513030.27013 4.78270022732683 -0.435381830220004 -9.44730907348498 0.676745020557473 -0.0159015402989173 -0.735674684944991 0.023368271178542
1636513030.7704 4.01893057293002 -0.416315985867755 -9.31095070420562 0.736211532693391 -0.0133220439111798 -0.676250869376172 0.0223576372465294
1636513031.37071 3.18206102266195 -0.384741187675326 -8.96258090725606 0.800664732657604 -0.0101031689492146 -0.598631837248345 0.0217677579962257
1636513031.97101 2.40619469781219 -0.357470215415138 -8.47223274707459 0.856454392784113 -0.00839355512183608 -0.515903182515068 0.0161036512641636
1636513032.47127 1.85287417562553 -0.320490342025507 -7.92622379296333 0.896735189775911 -0.00851485976318237 -0.442267562183162 0.0138888452125074
1636513033.07157 1.28534364535 -0.27521484262328 -7.15736501935733 0.934863680552671 -0.00890003595760442 -0.354801866421042 0.00814393808994058
1636513033.57183 0.922913356249512 -0.242151841732389 -6.43300459105375 0.957892996041972 -0.00923382210677672 -0.286883117666225 0.0073363111399328
1636513034.17214 0.540603023025281 -0.193467675241655 -5.49327303597207 0.976279874491265 -0.00940473163085031 -0.216305137665926 0.00111584299774765
1636513034.67314 0.318757706186066 -0.146495788888648 -4.66772748613112 0.985759063930042 -0.00817419992647005 -0.167953705685229 0.00195014920685968
1636513035.17265 0.107427911313565 -0.111605010328552 -3.81357503210911 0.990634720505763 -0.00663021429550613 -0.136377471124514 0.000275964755159482
1636513035.77299 -0.0801282829565129 -0.0499595554228188 -2.78249647496906 0.994146266426258 -0.00387767917138575 -0.107967900707444 0.00104736421724232
1636513036.27322 -0.204300664920169 -0.0183465013973537 -1.93181111332363 0.995982403408753 -0.00142757619316767 -0.0895377059848895 0.000115469914980591
1636513036.77349 -0.318747533928866 0.00854832831443211 -1.06663304022992 0.997597430656398 -0.000991732255481951 -0.0692135618089675 -0.00280458135972271
1636513037.37379 -0.334877139923036 0.0411855910034769 -0.0601687711119016 0.999353656949449 -0.00159884893094396 -0.0359093590002702 -0.000479541499320896
1636513037.87405 -0.320409908382095 0.0650857268331666 0.678647318203985 0.999943612859429 -0.0033959176909956 -0.00994420435594559 -0.00153350722072526
1636513038.3743 -0.266499181880862 0.0850665899427734 1.11792162219546 0.99998012316543 -0.00352852923174805 0.00520250469166971 -0.00048651869991614
1636513038.87457 -0.27424547089965 0.0913195612291411 1.20438939819281 0.999961599152711 -0.0024043611284181 0.00836136968190306 -0.00105202878230114
1636513039.47488 -0.265122536933575 0.0879731859473514 1.20375587997731 0.99996595986199 -0.0017463465794444 0.00800379463858193 -0.000984206430092735
