1636512983.44567 0.00369747331610103 0.00461360469317232 0.00192793563292154 0.999999988199575 -0.000143635003934847 -4.75387393800746e-05 -2.66440321337134e-05
1636512983.94593 -0.00952463677217498 0.00935884350055551 -0.0136144150494905 0.99999995745122 0.000161014247463351 -9.48003401733087e-05 -0.000224019788035104
1636512984.44618 0.00701819980527635 0.0149650871360041 0.0467278530064519 0.999999778323214 0.000596885292689175 -0.000204176889909131 -0.000213056958643943
1636512984.94644 0.0384066231022987 0.0226378232822254 0.246517289730594 0.999999956882582 3.55962337856514e-05 0.000283904390723486 6.60760137929525e-05
1636512985.44734 0.0694266562681428 0.0363693055134682 0.567310115918123 0.999991849624825 -0.000641041064477073 0.00398570566778472 6.24548141535748e-05
1636512985.94697 0.0675775713751005 0.0488606794792554 0.97942242099368 0.999942507343086 -0.000540441495411759 0.0106989489026351 -0.000471618269669956
1636512986.44723 0.0963546802175084 0.0691292786040311 1.50001535762416 0.999773920266298 -0.000800371536751418 0.021226264218379 -0.000955755247540917
1636512986.94748 0.140725036731395 0.0909151288960411 2.14413652637179 0.999386265259098 -0.00197660455080887 0.0349162225448802 -0.00201078321025572
1636512987.44774 0.243646414583801 0.116465151076578 2.83377561779088 0.998649713997132 -0.0013375677883804 0.0519013940240316 -0.00179023579998084
1636512987.94888 0.386704715340715 0.155155412848554 3.60821123224968 0.997140195441343 -4.75139003838449e-05 0.0755102634631766 -0.00310298072046201
1636512988.4483 0.593436769252685 0.178121624154477 4.43076063988835 0.993952431814829 -0.000573928473088484 0.109637541859774 -0.00615169167316923
1636512988.9485 0.919781570869812 0.20119989868342 5.24036592689612 0.988088380905379 0.000128977105749469 0.153766127671088 -0.00610842579806784
1636512989.44876 1.31123861282779 0.233016637604569 6.04131488190557 0.978463545563854 -0.0013991758646912 0.206112389105243 -0.0111720797902987
1636512989.94902 1.82052798417419 0.242347926698786 6.73507954453108 0.962757026689566 0.00245366221582817 0.27001021051634 -0.0136884374023761
1636512990.44928 2.40370470109192 0.252620188875288 7.34356324730028 0.941315011800002 0.00456563582067984 0.337058771785253 -0.0172217273271618
1636512990.94953 3.06291668717066 0.263542064521158 7.83295152975579 0.914281107156904 0.00704070497595227 0.404530275248178 -0.0198932646144665
1636512991.44979 3.78130871875846 0.25369219481805 8.1750685996684 0.878834036288516 0.00977681974366961 0.476625536108991 -0.0195767409277443
1636512991.95005 4.54030740720399 0.235380720844726 8.41189721026453 0.833626688637055 0.00736048288092809 0.551755712431763 -0.0240416530774467
1636512992.45031 5.34170984097941 0.23588328604842 8.4577993027553 0.782883958698366 0.00935668757202439 0.621661915222554 -0.0232727903845113
1636512992.95056 6.12389529187203 0.214467445665953 8.42294113236774 0.731587396648126 0.0101695653927701 0.681167117208655 -0.0262263119593899
1636512993.45082 6.89134656583142 0.188796789490783 8.26113407062985 0.674308866894624 0.012481287206865 0.737797309811301 -0.0284059700090484
1636512993.95108 7.63243518649182 0.167888313953423 7.96515874687782 0.614576047871334 0.0146271412247612 0.788180940545001 -0.029208441999551
1636512994.45134 8.35166504399946 0.139976369091086 7.54847256735181 0.5508647064293 0.0160262894876994 0.833960920412943 -0.028291632682013
1636512994.95177 9.01594144090098 0.101299032349777 7.03139508323876 0.484281011762121 0.0146655285232505 0.874307115388959 -0.0290498175558526
1636512995.45203 9.60195898163535 0.075417660237792 6.40795567155099 0.419566930570924 0.0150787485716568 0.907077935704418 -0.0307545227733908
1636512995.95229 10.1233565661987 0.0401484206265449 5.74036554654013 0.359875589226205 0.0142192819989867 0.93218707245808 -0.0362578852190789
1636512996.45257 10.5867984853271 0.00205898786972881 4.98624447585896 0.305533806845947 0.0146541993387284 0.951351594100142 -0.0369390270456887
1636512996.95281 10.9706676328419 -0.0297414411738544 4.18254497586715 0.25535934783704 0.0137829206868103 0.966013834065947 -0.0376683814729737
1636512997.45306 11.2743966638214 -0.0723294233325196 3.34920439087115 0.209562632923123 0.0149162741140752 0.976894068272364 -0.0392299250974573
1636512997.95332 11.5295346379503 -0.116369886328791 2.49817061950744 0.177152269820031 0.0171986053640916 0.983150782362939 -0.0416631781106877
1636512998.45357 11.7948227393394 -0.171771455926088 1.60254555779851 0.155606880599008 0.0167718354212458 0.986838237239108 -0.040687808612153
1636512998.95383 12.0426149508305 -0.219420034121897 0.681795563055346 0.14751586579109 0.0175060857625019 0.988218423584042 -0.0368368509817675
1636512999.45409 12.2951973311734 -0.26287699387238 -0.245611507554667 0.144599903047991 0.0189484551185654 0.988716621276086 -0.0342237768157068
1636513000.0544 12.6194815199146 -0.310254049952894 -1.34961090128261 0.142779133484085 0.0175335750015137 0.989006021539491 -0.0342605041969379
1636513000.55466 12.8874744360155 -0.350133496391574 -2.2845745326977 0.143398878112026 0.0178444642787853 0.988865851507579 -0.0355339917966768
1636513001.05493 13.1528796785968 -0.391787577695664 -3.21666039861408 0.145934556079041 0.0176627228245953 0.988501827118012 -0.0354298087602225
1636513001.65522 13.487890057327 -0.446357154644258 -4.3407025516579 0.154215960658086 0.018482756156718 0.987236792323522 -0.0352042765288266
1636513002.15548 13.8115057934214 -0.482705055882497 -5.25397918643373 0.174554857877999 0.0186745257837796 0.983823816004682 -0.0356729973499404
1636513002.65574 14.2091159740887 -0.524861729681703 -6.13980235561916 0.209555331091963 0.0193241170739672 0.97697391335687 -0.0351441934096192
1636513003.156 14.7213089636253 -0.574507384449586 -6.93300484810868 0.265596270178053 0.0197883398190483 0.96324955036068 -0.0348904944742748
1636513003.65625 15.3383361370185 -0.60806164402568 -7.60104154777778 0.338342754572211 0.01989241489144 0.940191851448483 -0.0341724264305244
1636513004.15651 16.0515658068109 -0.64419459270334 -8.10829744419451 0.41897248472721 0.0180128765051435 0.907220512062355 -0.0329929661418467
1636513004.65706 16.8414421376894 -0.676293246847157 -8.44485845736313 0.502598839537 0.0168125036620695 0.86384044211256 -0.029856938681844
1636513005.15702 17.6383515710371 -0.690747674795572 -8.57775890840088 0.581799098713274 0.0135950355601234 0.812638280331488 -0.0307247308275182
1636513005.65728 18.4297675919622 -0.711050636299543 -8.5917249633131 0.654685983063947 0.0114314371426292 0.755310237467514 -0.0276049090057224
1636513006.15755 19.205501661052 -0.720220257686699 -8.45345345688324 0.720847651493364 0.00943533058845306 0.692563291798277 -0.0254111142361663
1636513006.6578 19.9317051828182 -0.71480744808585 -8.18644512721952 0.780311378421178 0.00916436044172567 0.624934183396578 -0.0220778990528131
1636513007.15806 20.5973132936888 -0.714080686941046 -7.80045389966225 0.833516481217079 0.00887277449830915 0.552114819965414 -0.0184600917321405
1636513007.65832 21.1834447572594 -0.704733994080422 -7.29075506357816 0.879834149597166 0.00765336321196042 0.474929997444528 -0.0165768742987683
1636513008.15859 21.6808930708134 -0.691039030522142 -6.67681980286442 0.918127762311798 0.00561674109584546 0.396037444469246 -0.0128143228483521
1636513008.65883 22.0449141223455 -0.672993974580274 -6.00300200885531 0.947597501255573 0.00493689459951497 0.319202453365052 -0.0120165074642994
1636513009.15909 22.3340818217174 -0.656325320742899 -5.26507882935222 0.967602919029089 0.00337283721798459 0.252204784094651 -0.0112232764939058
1636513009.65934 22.5940130738088 -0.638805922949259 -4.48414674739745 0.980727422696891 0.00221015823330041 0.195195256604298 -0.00822492371272868
1636513010.15961 22.7855057064154 -0.607682175232462 -3.66643749151938 0.989538159812787 0.000734542730021143 0.144121782456184 -0.00652706235249689
1636513010.65987 22.9165319258769 -0.576057862963929 -2.81351559016619 0.994961052530514 -0.00140719227502787 0.100128399109037 -0.00498271503643612
1636513011.16031 22.9858475206806 -0.545110539270434 -1.93638252372957 0.997950941967513 -0.00233892785681082 0.0637721593688414 -0.00464311663312671
1636513011.66038 23.0030229819387 -0.506883170995285 -1.05148374906177 0.999467023431387 -0.002583663417148 0.0324933893858668 -0.00178140471786687
1636513012.16081 22.9827712169057 -0.472127192802908 -0.172101760522739 0.99999754296214 -0.00188118461456074 0.000581981008263957 -0.00101809244902062
1636513012.66106 22.8904610172593 -0.439714195180913 0.722168498324277 0.99947717252869 -0.00327368031705661 -0.0321653237589121 -0.000237820776983041
1636513013.1617 22.7631266158859 -0.403077261077103 1.5951356351364 0.997606965188698 -0.00466619599846353 -0.0689123055031319 0.00310866082793282
1636513013.66159 22.5570255469253 -0.369128580038793 2.43011301653605 0.993226455110824 -0.00547745735406322 -0.115931320387369 0.0055798998344378
1636513014.16184 22.2236134818191 -0.330248065356204 3.19750994681252 0.985443596387308 -0.00494691725450461 -0.169774728801339 0.00727927258431073
1636513014.6621 21.8178136482458 -0.297191546173254 3.92344896805241 0.973359140320216 -0.00573439695120907 -0.228980883436697 0.0103371014915415
1636513015.16235 21.3052020977784 -0.264260298703092 4.55289776029945 0.954201313721362 -0.00785063254885103 -0.29883360856679 0.0116916573658142
1636513015.66417 20.6927375929533 -0.24126528242038 5.0658939373295 0.928021035565844 -0.00908937938585344 -0.372200872055854 0.0126827272516405
1636513016.16287 20.0176863331505 -0.215215596318955 5.47169323559516 0.89386201527811 -0.012647222238916 -0.447851747500699 0.0167199782644865
1636513016.66313 19.2791362571323 -0.1854611501549 5.70625356226739 0.849926314438345 -0.0138216816426362 -0.526415390207196 0.0179180940623419
1636513017.16339 18.5060439027023 -0.160768906145438 5.84658657830987 0.798713758746326 -0.0167388776100571 -0.601120905923046 0.0207315708022242
1636513017.7637 17.5779159700684 -0.134522726767836 5.79155913490998 0.728761535293322 -0.0174060948709105 -0.684161222147314 0.0229581063713527
1636513018.26395 16.8238125319146 -0.125066946690242 5.59862585052914 0.663909179146382 -0.0177318399377433 -0.747200325562143 0.0245327776133717
1636513018.7642 16.1074047639056 -0.118520749801275 5.29062433910373 0.593331615906163 -0.0186865960279199 -0.804262604770805 0.0277500858079975
1636513019.26446 15.4489241867898 -0.111763217648987 4.84052726496807 0.523251431373334 -0.0192130409129676 -0.851450331021351 0.0295149526217624
1636513019.86478 14.7440046072572 -0.113926700041211 4.19208736536823 0.439683625706103 -0.0213635767661882 -0.897295591220786 0.0329018061727877
1636513020.46509 14.1582277619241 -0.13471028325135 3.43274796265309 0.360872420099111 -0.022921190272794 -0.931594769707466 0.0371066099500169
1636513021.0654 13.70075818519 -0.162530553550286 2.59615416186258 0.287247538775323 -0.021770887267975 -0.956766142512633 0.0401675052322143
1636513021.56565 13.3767013942301 -0.193376168860284 1.83551359345793 0.239629900519203 -0.0204580643585353 -0.969842391387688 0.0395564690950739
1636513022.16644 13.0049204543587 -0.229353471483212 0.871894365237993 0.197602743580086 -0.0206072258729753 -0.979357562387093 0.0372459792011771
1636513022.66622 12.7184213135738 -0.261829660444529 0.0203872740515112 0.172712188176158 -0.0205663607143728 -0.984139836196577 0.0348756028384281
1636513023.26652 12.4185609163397 -0.288774349215993 -1.00023181879859 0.151209579804033 -0.0192117087582973 -0.987712893104945 0.0344936808174164
1636513023.86684 12.0918283058179 -0.320571275036731 -2.04912813279351 0.149108918134093 -0.0188336524121035 -0.98804460064597 0.0343466330816633
1636513024.46715 11.7299074010171 -0.349582901342167 -3.07904708299414 0.159488341259122 -0.0180789005810775 -0.986384022240201 0.0358215441520386
1636513025.06746 11.3118066891701 -0.385448315531568 -4.10769075158036 0.183357292203217 -0.0173031090008774 -0.982246392695064 0.0356753395546892
1636513025.66776 10.8018066502229 -0.422485697262833 -5.10975929104647 0.213700300449189 -0.0181459661152536 -0.976071541965692 0.0358782729013981
1636513026.16803 10.3421064636472 -0.445458972289855 -5.9140785907123 0.238220691289166 -0.0183020392904467 -0.970407978572612 0.034989894571697
1636513026.76833 9.72226622605425 -0.466569675433382 -6.8446631173457 0.268336123959153 -0.0183786161945096 -0.962533379569986 0.0344593130943393
1636513027.36867 9.06299658202846 -0.485530221178538 -7.72599679306971 0.309094837931147 -0.0155530046132689 -0.950355914222935 0.0322819069031882
1636513027.86891 8.40990453771607 -0.510364349676852 -8.35003610349065 0.359696722759319 -0.0171325211705638 -0.932387381386664 0.031281230561882
1636513028.46921 7.54845402712106 -0.513244755934066 -8.95928727704539 0.42889229132139 -0.0174844224928812 -0.902708134951368 0.0293891222699882
1636513029.06952 6.61556749645993 -0.505514419762762 -9.38793089738792 0.508179970425392 -0.0171932388422961 -0.860696744725643 0.0256636672212191
1636513029.66982 5.61895160725275 -0.483222412444638 -9.56013739070373 0.595939339539577 -0.0194364246335567 -0.802451081672895 0.023468926447492
1636513030.27013 4.65237843175164 -0.448561422297238 -9.51010822511324 0.676745020557474 -0.0183531369516495 -0.735621368326454 0.0232495586240912
1636513030.7704 3.89568129354163 -0.426980882990209 -9.35814752691491 0.736211532693391 -0.0155768523109186 -0.676206228648264 0.0222503289554029
1636513031.37071 3.07086587458197 -0.392842968224063 -8.99267540685863 0.800664732657604 -0.0121019570920039 -0.598598126518441 0.0216751341745232
1636513031.97101 2.30805701278986 -0.362789105267753 -8.48863455347917 0.856454392784113 -0.010112394593483 -0.515874825255583 0.0160242698399532
1636513032.47127 1.7683356059707 -0.323710022663961 -7.9322106094864 0.896735189775911 -0.00998847572219228 -0.442238924750945 0.0138189437163408
1636513033.07157 1.21686388354301 -0.276313451365807 -7.15484408130274 0.934863680552671 -0.010078001002554 -0.354771709791831 0.00808496200904095
1636513033.57183 0.868643463352234 -0.242001149185202 -6.42576857639864 0.957892996041972 -0.0101873335112511 -0.286852129110219 0.00728576657594994
1636513034.17214 0.49906911211321 -0.192234089509459 -5.48404323279865 0.976279874491265 -0.0101174536008948 -0.216273182917695 0.00107431215312938
1636513034.67314 0.28782576467225 -0.144928786539962 -4.65843091098296 0.985759063930042 -0.00872911941026894 -0.167926164424693 0.00191667829835332
1636513035.17265 0.0820960594655604 -0.109887061732299 -3.80535379960362 0.990634720505763 -0.00707897161891252 -0.136354966132038 0.000248797945117986
1636513035.77299 -0.0998044519244507 -0.0483630870184236 -2.7760384288896 0.994146266426258 -0.00423412482994754 -0.107954697942721 0.00102777903876948
1636513036.27322 -0.221201272115695 -0.0170485920661948 -1.92702936166947 0.995982403408752 -0.0017221312868965 -0.0895325416463605 0.000101736416708437
1636513036.77349 -0.333410908814809 0.00984881669861281 -1.06297920715368 0.997597430656398 -0.00121536754410747 -0.0692095715306515 -0.00281503783810976
1636513037.37379 -0.342602026532798 0.0426352905575136 -0.0577771650971926 0.999353656949449 -0.00171623688379295 -0.0359038466186894 -0.000486488133639051
1636513037.87405 -0.323899876149705 0.0666888293166527 0.680233970646286 0.999943612859429 -0.00342644155999834 -0.00993279019057587 -0.00153957101127438
1636513038.3743 -0.266867839318471 0.0865182808653926 1.11860916316251 0.99998012316543 -0.00351071822390789 0.00521414055513228 -0.000490784958163785
1636513038.87457 -0.274272318169997 0.0925018472585505 1.20438919908981 0.999961599152711 -0.00237537756974607 0.00836936343266673 -0.00105430407623884
1636513039.47488 -0.265210686129453 0.0889899290666307 1.20352944333929 0.99996595986199 -0.00171863808313747 0.00800961806471359 -0.000985605847065278
