1636512983.44567 0.00371107436538594 0.00460729183589551 0.00187416973021615 0.999999988199575 -0.00014367169267606 -4.75508876964467e-05 -2.64236323852152e-05
1636512983.94593 -0.00946883992416421 0.0093715120712802 -0.0135716617359236 0.99999995745122 0.000160734394617479 -9.50372531310302e-05 -0.000224120353200504
1636512984.44618 0.00715159194704861 0.0150639004303096 0.0468643893165115 0.999999778323214 0.000596607730798644 -0.000204445799658 -0.00021357587218997
1636512984.94644 0.0386685411853528 0.0228754775951166 0.246477015037673 0.999999956882582 3.57035861765155e-05 0.000283965971283717 6.57526852500575e-05
1636512985.44734 0.0698332651248905 0.0368760265949586 0.56726309267903 0.999991849624825 -0.000640577897136326 0.0039858284058067 5.9294161035341e-05
1636512985.94697 0.0681990015610541 0.0498165946706146 0.979833467953193 0.999942507343085 -0.000539971038543333 0.0106985312772479 -0.000481526957426013
1636512986.44723 0.0970687890019989 0.070612398529653 1.50099482553387 0.999773920266298 -0.000799462623337146 0.0212253891045449 -0.000975741888531487
1636512986.94748 0.141653731072629 0.0930253872464536 2.14562084487286 0.999386265259098 -0.00197563860548438 0.0349144150053837 -0.00204286279639064
1636512987.44774 0.244320267700537 0.119277902124447 2.83648308849809 0.998649713997132 -0.00133468559120659 0.0518997329683084 -0.00183985478686295
1636512987.94888 0.387357737401487 0.158894283207062 3.61275765821793 0.997140195441343 -4.39239101938866e-05 0.0755071681375674 -0.00317746215333508
1636512988.4483 0.594124618063179 0.182839876928983 4.4373525802991 0.993952431814829 -0.000570703648275951 0.109631472240331 -0.00625922368596761
1636512988.9485 0.919359020480614 0.206742619421385 5.25021777888384 0.988088380905379 0.000136541485052963 0.153760009910452 -0.00626036968126616
1636512989.44876 1.31104724406373 0.239616946801724 6.05429784916054 0.978463545563854 -0.00139263885758608 0.206101397733657 -0.0113738477155992
1636512989.94902 1.82022232378455 0.249993639785115 6.75390651086815 0.962757026689566 0.00246336640786826 0.26999632493546 -0.0139579334843263
1636512990.44928 2.40411893829737 0.261186994902539 7.36803460723021 0.941315011800002 0.00457758658807213 0.337041157893863 -0.0175599586148191
1636512990.94953 3.06464572139822 0.272830204554429 7.86330800089263 0.914281107156904 0.00705598378889016 0.404509747731962 -0.0203010881122732
1636512991.44979 3.78456124827306 0.263292212116396 8.21220679895318 0.878834036288516 0.00979948402716037 0.476605016432484 -0.020059039982712
1636512991.95005 4.54678602405595 0.245421151663441 8.45405454599863 0.833626688637055 0.00738505731126957 0.551730986293511 -0.0245951963626456
1636512992.45031 5.35176716806675 0.245824963253344 8.50615190270565 0.782883958698366 0.00938898155111138 0.621637717266252 -0.0238977553383474
1636512992.95056 6.13877198621818 0.224478665330145 8.4753088380547 0.731587396648126 0.0102040740586629 0.681139894700292 -0.0269109974898455
1636512993.45082 6.91194921564602 0.198647213951592 8.31726149733485 0.674308866894624 0.0125186646119612 0.73776768059612 -0.0291493487310407
1636512993.95108 7.65885619535431 0.177293458024709 8.02422997348101 0.614576047871334 0.0146684436050643 0.788150283385225 -0.0300041487938994
1636512994.45134 8.38388872672039 0.14866021543824 7.60979347980261 0.5508647064293 0.0160731462510678 0.833931008063714 -0.0291342233462895
1636512994.95177 9.05378533777984 0.109349476096492 7.09315738979845 0.484281011762122 0.0147153910125504 0.874276568653353 -0.0299305933406235
1636512995.45203 9.64558195113581 0.082744988429971 6.46918168343478 0.419566930570923 0.0151297364067765 0.907045649544519 -0.0316681462974283
1636512995.95229 10.1720914525278 0.0470111672945402 5.79907246607309 0.359875589226205 0.0142660644474123 0.932149426294967 -0.0371952516087662
1636512996.45257 10.6396149375239 0.00800036724587444 5.04334665111282 0.305533806845948 0.0147020210810539 0.951313223398075 -0.0378958366884775
1636512996.95281 11.0265793201929 -0.0246898845073335 4.23758688795458 0.25535934783704 0.0138312869894701 0.965974821926492 -0.0386386125079401
1636512997.45306 11.3334154628997 -0.0682464576002997 3.40193569607992 0.209562632923123 0.0149638110810575 0.976853397957274 -0.0402122635471557
1636512997.95332 11.5907931473181 -0.113268551702105 2.5486963940573 0.177152269820031 0.0172438102362033 0.983107482699832 -0.0426544460255604
1636512998.45357 11.8564135753262 -0.169680929046922 1.65205836854349 0.155606880599008 0.0168185767468578 0.986795940493032 -0.0416822025921045
1636512998.95383 12.1037172061947 -0.218539546936775 0.731813164550988 0.14751586579109 0.0175576110215199 0.988179855091107 -0.037833498744377
1636512999.45409 12.3556896742972 -0.263181317634088 -0.195178158460325 0.144599903047991 0.0190031832402228 0.98868048994713 -0.0352226612162169
1636513000.0544 12.6783653910728 -0.311592004927454 -1.29968513398177 0.142779133484085 0.0175882879300268 0.988969992981345 -0.0352579657907761
1636513000.55466 12.9453231275108 -0.352369671925744 -2.23525699326348 0.143398878112026 0.0178976255129347 0.988828535422592 -0.0365316888635554
1636513001.05493 13.2093561806233 -0.394955238152719 -3.16747166584149 0.145934556079041 0.0177159746311408 0.988464631923551 -0.0364269271435157
1636513001.65522 13.5426168532466 -0.450704521321068 -4.29135110018162 0.154215960658086 0.0185361567920632 0.9871997397095 -0.0362011365453988
1636513002.15548 13.8636713274285 -0.487903209781987 -5.20414416030589 0.174554857877999 0.0187270286302991 0.983786283548912 -0.0366667191181855
1636513002.65574 14.257628670198 -0.530924981346302 -6.08870519235358 0.209555331091963 0.0193765924387571 0.976936842343058 -0.0361319380766559
1636513003.156 14.7643551316465 -0.581258470685349 -6.88036766680638 0.265596270178053 0.0198397876573759 0.963212690856573 -0.0358652515125137
1636513003.65625 15.3741653228526 -0.615345706301646 -7.54713268043348 0.338342754572211 0.0199424893452695 0.940155701832848 -0.0351245478033189
1636513004.15651 16.0786901447071 -0.651796731235109 -8.05436793008329 0.41897248472721 0.0180611729268054 0.90718572774285 -0.0339102706225025
1636513004.65706 16.8593994509641 -0.68425570372864 -8.39198160906937 0.502598839536999 0.0168603728965913 0.863808892670681 -0.0307299733957332
1636513005.15702 17.6478516831471 -0.698588810098673 -8.52894162714501 0.581799098713274 0.0136368840836494 0.812606215977241 -0.0315433334329419
1636513005.65728 18.4313297840992 -0.719049883597047 -8.54732774665914 0.654685983063947 0.0114714843395763 0.755281493598554 -0.0283643095135015
1636513006.15755 19.2004818884818 -0.72822686345645 -8.41495394482795 0.720847651493364 0.00947193154201756 0.692536940555926 -0.026106164306594
1636513006.6578 19.9214428962445 -0.722826485878803 -8.15427591813524 0.780311378421178 0.00919841545159358 0.624911182184805 -0.0227058635600937
1636513007.15806 20.5829978551698 -0.722034208068868 -7.77542715068471 0.833516481217079 0.00890412292997477 0.552095454276917 -0.0190158223885083
1636513007.65832 21.1668090165952 -0.712391936991394 -7.27395864581908 0.879834149597166 0.00767948690240041 0.474912648530731 -0.017054939140111
1636513008.15859 21.6629037601057 -0.698488562892732 -6.66835041560332 0.918127762311798 0.00563974416877699 0.396024048578006 -0.0132120515411692
1636513008.65883 22.0279290270709 -0.679910095327965 -6.0023692305829 0.947597501255573 0.00495339581036272 0.319189949641384 -0.0123375658892317
1636513009.15909 22.3190132500461 -0.662686442229943 -5.27125271110176 0.967602919029089 0.0033837875383107 0.252193250143298 -0.0114763082235801
1636513009.65934 22.5807829633058 -0.644715497066781 -4.49571102747318 0.980727422696891 0.00221919075719539 0.195186824634492 -0.00842027623069011
1636513010.15961 22.7748123493843 -0.613022068152931 -3.68279927101259 0.989538159812787 0.000740664017213567 0.144115196655691 -0.0066702161905315
1636513010.65987 22.9085124285937 -0.580819543059891 -2.83405219056149 0.994961052530514 -0.00140347916909184 0.100123569984492 -0.00507985503279394
1636513011.16031 22.9807895831711 -0.549112195847304 -1.95997128389161 0.997950941967513 -0.00233833658356312 0.0637677749815541 -0.0047032416562347
1636513011.66038 23.0000962935392 -0.510231405360412 -1.07735105235359 0.999467023431387 -0.00258265545034275 0.0324918691596759 -0.00181035978159668
1636513012.16081 22.9827564216736 -0.474617979243012 -0.199895275640125 0.99999754296214 -0.00188235611960389 0.000581160827401209 -0.00101639422198125
1636513012.66106 22.8935674468345 -0.441467731801721 0.692001948206003 0.99947717252869 -0.00327709049777792 -0.0321652206844665 -0.000202114434981949
1636513013.1617 22.7690499067827 -0.404272273008796 1.56249878505013 0.997606965188698 -0.00466913456935913 -0.0689087441832914 0.00318232060784334
1636513013.66159 22.5669804561479 -0.369692353474754 2.39491017785212 0.993226455110824 -0.005481979770956 -0.115925216862567 0.00570095265237143
1636513014.16184 22.2385368034524 -0.330071295551834 3.16030468750594 0.985443596387308 -0.00495461970018429 -0.169766973575177 0.00745283610442998
1636513014.6621 21.8381297143138 -0.296468675116973 3.88413388414526 0.973359140320216 -0.00574415908480793 -0.228970003345432 0.0105700595784531
1636513015.16235 21.3327775840857 -0.263075270083346 4.51170028788229 0.954201313721362 -0.00786554473536926 -0.298821148921994 0.011996126682467
1636513015.66417 20.7282389730734 -0.23961676068875 5.02414265229136 0.928021035565844 -0.00911022270561017 -0.372187276221854 0.0130611181798994
1636513016.16287 20.0610866760489 -0.21351851235629 5.42965916003365 0.89386201527811 -0.0126705383536916 -0.447833779467145 0.0171773417313331
1636513016.66313 19.3312883364525 -0.183503542709837 5.66641093636891 0.849926314438345 -0.0138511838263001 -0.526396085382981 0.0184544310487865
1636513017.16339 18.5664239780491 -0.158825754374577 5.80977424806026 0.798713758746326 -0.016772239014761 -0.6010985003243 0.0213451749963416
1636513017.7637 17.6468624045768 -0.132443317806772 5.76097393123896 0.728761535293322 -0.0174448357939398 -0.684136512328151 0.0236544896481944
1636513018.26395 16.8987287591849 -0.122947463027973 5.57458532407588 0.663909179146382 -0.0177748043631058 -0.747173998383183 0.0252917835495509
1636513018.7642 16.186913916438 -0.116504997492483 5.27357612894293 0.593331615906163 -0.0187312191204101 -0.804232979911746 0.0285665717004632
1636513019.26446 15.5315451677502 -0.109920818225146 4.83097991558321 0.523251431373334 -0.0192601174590645 -0.851418889124921 0.0303786550476593
1636513019.86478 14.828778807642 -0.112518165835062 4.19093561464937 0.439683625706102 -0.0214110164420197 -0.897260572195148 0.0338133589708503
1636513020.46509 14.2432563543678 -0.133755297109922 3.43913108957262 0.360872420099111 -0.022966883874782 -0.931555430180718 0.0380538980619762
1636513021.0654 13.7841918500024 -0.161859943804086 2.60970127148273 0.287247538775323 -0.0218153312342276 -0.956723882436266 0.0411382494369664
1636513021.56565 13.4583399254671 -0.19310717307159 1.8543020345493 0.239629900519203 -0.0205045177413371 -0.969800857138747 0.0405385374958467
1636513022.16644 13.0847192907028 -0.22989979102347 0.89569928377252 0.197602743580086 -0.0206573938190826 -0.979318289393094 0.0382376237547664
1636513022.66622 12.796628903776 -0.263160949400551 0.0474902134706932 0.172712188176158 -0.0206198558019703 -0.984102904588733 0.0358719219185096
1636513023.26652 12.4944870388796 -0.290897915782395 -0.970683074408392 0.151209579804033 -0.0192660132255314 -0.987676469963314 0.0354918919006405
1636513023.86684 12.166312539235 -0.323663263027536 -2.01891265718059 0.149108918134093 -0.0188881669605114 -0.988008359672141 0.0353447153011221
1636513024.46715 11.8032040553314 -0.353579514064021 -3.04965747867286 0.159488341259122 -0.0181314732480343 -0.986346400484077 0.0368170739246798
1636513025.06746 11.3843533988309 -0.390448135749648 -4.079777066972 0.183357292203217 -0.0173554567525991 -0.982208993594029 0.0366658481398875
1636513025.66776 10.8741268820507 -0.428607569243861 -5.08403107771021 0.213700300449189 -0.0181974681998551 -0.976033862691653 0.0368637032628778
1636513026.16803 10.414050613358 -0.452463920043773 -5.88979501853622 0.238220691289166 -0.0183540637451594 -0.970371163622497 0.0359699234871522
1636513026.76833 9.79360669953048 -0.474569452487292 -6.82231034244101 0.268336123959153 -0.0184305161683074 -0.962497084681382 0.0354316614370328
1636513027.36867 9.13303784405796 -0.494284033777073 -7.70592309859452 0.309094837931147 -0.0156063528244154 -0.950322052493679 0.0332388245887163
1636513027.86891 8.47973027406339 -0.5200209801737 -8.33403259472334 0.359696722759319 -0.0171853306851854 -0.932354360873013 0.0322223184535351
1636513028.46921 7.61698965392152 -0.523733236829329 -8.94882280222987 0.42889229132139 -0.0175366328032202 -0.902676962064093 0.0303013384812222
1636513029.06952 6.68168482719362 -0.516619809077017 -9.38358044056377 0.508179970425392 -0.0172458660729611 -0.860669298420418 0.0265340633591432
1636513029.66982 5.68124485250713 -0.494917998699269 -9.56353716810334 0.595939339539578 -0.0194860410263648 -0.802425609742799 0.0242845346496158
1636513030.27013 4.70826053309132 -0.460252496183035 -9.52019560935949 0.676745020557474 -0.0183965254314579 -0.735596252357033 0.0239978857610823
1636513030.7704 3.94526125574106 -0.438334124700494 -9.37203414422415 0.736211532693391 -0.0156156763193836 -0.676182401288023 0.0229366512529323
1636513031.37071 3.11201274318774 -0.403592093772299 -9.00984299085948 0.800664732657604 -0.0121339373353747 -0.59857524688171 0.0222806477367483
1636513031.97101 2.34181196329077 -0.372770217922205 -8.50693582922936 0.856454392784113 -0.0101431622652258 -0.515857759788111 0.0165457247181535
1636513032.47127 1.79535056833906 -0.333094119345783 -7.95110260410977 0.896735189775911 -0.0100147516594265 -0.442224084503852 0.0142675594090194
1636513033.07157 1.2371570973641 -0.284717624488713 -7.17272899316497 0.93486368055267 -0.0101027022640365 -0.354762563594262 0.00844734647719795
1636513033.57183 0.883209087795959 -0.249641166959577 -6.44234094935651 0.957892996041972 -0.0102064002778297 -0.286843794433643 0.00758123486070702
1636513034.17214 0.509764566811385 -0.198589989691245 -5.49795177601895 0.976279874491265 -0.0101371633733255 -0.216271020958097 0.00130002915509225
1636513034.67314 0.294847821654766 -0.150356997611319 -4.67006581936592 0.985759063930042 -0.00874311525794314 -0.16792333133422 0.00209299043746765
1636513035.17265 0.0878439187425916 -0.114217210932701 -3.81489741111337 0.990634720505763 -0.00709191512243285 -0.136353957189489 0.00039195297090629
1636513035.77299 -0.0954656559100194 -0.0514743091516617 -2.78329707984666 0.994146266426258 -0.00424337017768821 -0.10795321388149 0.00113946168191832
1636513036.27322 -0.217091719119191 -0.0190657167150915 -1.93248746175297 0.995982403408753 -0.0017307067369799 -0.0895322277904819 0.000192200907719026
1636513036.77349 -0.328972746646531 0.00890762207538279 -1.06703587326307 0.997597430656398 -0.00122549090999777 -0.0692121965686658 -0.00274524423749881
1636513037.37379 -0.340049965953283 0.0425206743091562 -0.0601363626552374 0.999353656949449 -0.00172031175420016 -0.0359041403440875 -0.000448971473779232
1636513037.87405 -0.321952663543808 0.0672555268904788 0.678932259773317 0.999943612859429 -0.0034292633456813 -0.00993396794317433 -0.00152562624610094
1636513038.3743 -0.265716179062758 0.0874447154191715 1.11816574979098 0.99998012316543 -0.00351080167270366 0.00521399886153407 -0.000491692524222775
1636513038.87457 -0.273059194014586 0.0936281233420406 1.20448261132791 0.999961599152712 -0.00237583576760564 0.00836855228532282 -0.00105969665719465
1636513039.47488 -0.26399338734511 0.0901540838677639 1.20378231994997 0.99996595986199 -0.00171904875911768 0.00800881030814551 -0.00099143638277202
