1636512982.94563 -1.38777878078145e-17 1.11022302462516e-16 2.77555756156289e-17 1 0 0 0
1636512983.34749 0.00196977292109128 -5.80478221700043e-05 -0.00013939470928892 0.999999998566635 -4.73078168769158e-06 -4.36952824632627e-05 3.05789542660423e-05
1636512983.68255 0.0015009767630012 0.000997756886378265 3.75136146064103e-05 0.99999999207682 1.92685788980926e-05 -0.000121986927685428 2.43776636319117e-05
1636512984.15149 0.00292123604360919 0.0385728656800753 -0.00335534995169373 0.999999340603607 0.00111246257401084 -0.000284612965586404 1.46571502163654e-05
1636512984.48626 0.00980070055338086 0.12714318033104 -0.000773079321765652 0.99999959312251 0.000898669186529831 7.36372353099818e-05 2.69455957664765e-05
1636512984.88824 0.0233017245259848 0.306517540832976 0.00424220283119511 0.999999710382011 0.000381505551054388 0.000419843647667499 -0.000507366456209544
1636512985.2233 0.0416420906203628 0.510173669049583 0.0104213568190104 0.999996642576951 -0.000356068833660339 0.000647782257805194 -0.00248363200950518
1636512985.75891 0.0787787491608473 0.933925582338704 0.0206529616055295 0.999959453566009 -0.000889575620749859 0.00062812390906501 -0.00893897866306497
1636512986.29493 0.131427039248125 1.48239582817876 0.0274451552494999 0.999813324525347 -0.000799159022291308 0.000217394007405997 -0.0193036314271496
1636512986.63001 0.173008758917122 1.8825928162556 0.0332413363286075 0.999612479175633 -0.00114076308051797 -0.000171734376004568 -0.0278129581893485
1636512986.96476 0.235819917766636 2.32956118658357 0.047239993382253 0.999287225575286 -0.00248312386313465 0.000359221781311528 -0.0376662429456418
1636512987.56759 0.395463568165748 3.20980722573321 0.0557829238531183 0.998179464556385 -0.000776106981200727 0.000219369568631291 -0.0603084245597059
1636512987.90258 0.518521175892306 3.74540179327791 0.0625409458650096 0.997061138562018 -0.000140629110799203 0.000757057560885648 -0.0766060902064279
1636512988.23755 0.666344290883837 4.3005857437925 0.0741103975372646 0.995152639546168 -0.000400435475764748 9.97010546261326e-05 -0.0983415157266977
1636512988.84035 1.01021424369855 5.29465262293871 0.100288087386198 0.988759699859731 2.09293767251515e-05 0.00105894470837975 -0.149509645613117
1636512989.17551 1.23962401345637 5.83364344237784 0.111814544495661 0.983226665698562 -0.00118926679897609 -0.00262344600168186 -0.182365092698258
1636512989.5103 1.53446005864723 6.33003848411573 0.144501868912803 0.97521050998546 -0.00103212945968442 -0.00107037239333631 -0.221274151734037
1636512989.91215 1.89972196602647 6.8800420503378 0.167079327982759 0.961996087360046 0.00192862072151954 -0.00209679813057895 -0.27304836890865
1636512990.24721 2.24639463466687 7.30169076370511 0.181429571169838 0.948028612848497 0.00347167190084625 -0.0017989161481231 -0.318161060809552
1636512990.64905 2.70030893683949 7.77646787965934 0.197330177471426 0.928168830834589 0.00572338030665703 -0.00421765079151799 -0.372091488490155
1636512990.9841 3.13506750567375 8.10161576721102 0.217549245730167 0.908441284940058 0.00774449415979313 -0.000979569630462609 -0.417939583038032
1636512991.45299 3.77946038285689 8.46089863373244 0.231646179410425 0.873655249766999 0.0103501326472877 0.00180473942473693 -0.486432032481778
1636512991.78777 4.24932563006567 8.68076212731907 0.247463052374759 0.843371062698862 0.00892718445967894 0.00131010946402776 -0.537255841841675
1636512992.12291 4.73897739168551 8.83851107350715 0.254050932493615 0.809961343533694 0.00863854339237506 0.00170636352776624 -0.586417160281538
1636512992.52468 5.35621628792866 8.94683892491684 0.277938233748701 0.769288867685313 0.0119683088817264 0.00479548772701611 -0.63877100821454
1636512992.92653 5.98488203056538 8.98094251242001 0.30194812549656 0.726487463633346 0.0129953209432898 0.00524246705733926 -0.68703682823872
1636512993.2615 6.51439173848403 8.94456585169407 0.315445178626629 0.687956872602632 0.0153365942824909 0.0057020805242623 -0.725567099993044
1636512993.66356 7.14847469791251 8.84352551753565 0.346095870574714 0.640005465353037 0.0164867220879023 0.00699795807282715 -0.768161585147194
1636512994.0655 7.75818285634962 8.62605078970613 0.35689427580955 0.590241423165845 0.0200051944083979 0.00876686233274693 -0.806931221790729
1636512994.46742 8.35592643482726 8.3271793597436 0.376444848831074 0.537491307412389 0.0202652952124812 0.0113649582829376 -0.842949138435587
1636512994.80213 8.83906873104642 8.0268442570537 0.384718891430082 0.492903945110783 0.0198004076188881 0.0122422982967716 -0.869772252307904
1636512995.2711 9.43884962134812 7.55802009172039 0.406641950420009 0.43120379340367 0.01962244421625 0.0123423820222368 -0.901956713952106
1636512995.60594 9.85318549877206 7.16837595375449 0.414502949686026 0.390668912379867 0.0197334491811868 0.00908465606106734 -0.920274883340623
1636512995.94085 10.2296874079545 6.73113752941194 0.406157986237482 0.35023548032951 0.0205257649222126 0.00818481479973871 -0.936400987878275
1636512996.27588 10.576819265528 6.24864305169184 0.40604413372594 0.313853181605432 0.0212188261377761 0.0083517752188522 -0.949197655740982
1636512996.6779 10.943329264457 5.64093852358317 0.41436624396032 0.2729586162877 0.0197497033431468 0.00890270167532495 -0.961781828126859
1636512997.28063 11.4352895581719 4.68141597707566 0.398475740337052 0.214831235734384 0.0232905064228913 0.00812658484485123 -0.976339618719922
1636512997.81665 11.7772603681268 3.80458462632875 0.399666484140766 0.177164965063549 0.0243539317750748 0.00471628765480714 -0.983868496188329
1636512998.15152 11.9492312362292 3.21974463597193 0.398841286325284 0.160881974598513 0.0242516062482596 0.00417040484628156 -0.986666842235555
1636512998.55344 12.1540056418087 2.49939957598264 0.408773791134414 0.148554861952003 0.0261565128969755 0.00746363200640494 -0.988530011694518
1636512998.95522 12.3403091101035 1.75756885472337 0.421652911755778 0.143849349981764 0.0257518117344767 0.0102758289205602 -0.989211107925003
1636512999.29034 12.4829972622245 1.13168214553643 0.430068777000215 0.14198184919175 0.0275338524894712 0.0122380895813205 -0.989410567272545
1636512999.6253 12.6249147927317 0.501032672810388 0.438811222635924 0.140571295003981 0.0266693617578855 0.012887824186462 -0.989627384499878
1636513000.09448 12.8172871854964 -0.384564542119109 0.438239052623653 0.140304642522378 0.0269234474357719 0.0126826352328782 -0.989660995507245
1636513000.42892 12.9534626480151 -1.01881687512199 0.433747898099511 0.141034082323964 0.0266177583854947 0.0114343535276009 -0.989580789082415
1636513000.76379 13.090868896201 -1.65727050158386 0.428737654448726 0.14211548221698 0.0268997184802738 0.0112359517014492 -0.989420713472929
1636513001.23357 13.2944213796703 -2.54452035229225 0.425863863079925 0.146659058876462 0.0255234820804697 0.0109802443422703 -0.988796797398809
1636513001.70183 13.5142267156904 -3.42853415220025 0.431660055681091 0.155600472401907 0.0262483142970057 0.01162690859126 -0.987402822550898
1636513002.10377 13.7255497655033 -4.16166552809687 0.431698456475817 0.174075324657743 0.0276986656149494 0.0106939953969499 -0.984284615205837
1636513002.57248 14.0315159334628 -4.98418917583621 0.435968947549864 0.206492437620014 0.0283532811245603 0.0110297300118848 -0.977975106897451
1636513002.97502 14.3406537986044 -5.64223791431258 0.437849128799529 0.249642573443254 0.0291061942817675 0.0106406222905265 -0.967842028502757
1636513003.37645 14.7208418700518 -6.26716106628152 0.431941794093912 0.303335017336357 0.0280877484578643 0.00966983249168754 -0.952420831346996
1636513003.71134 15.0708071895055 -6.73589841073146 0.418501533814809 0.355189839588718 0.0291944711585007 0.00949763323630378 -0.934289920565145
1636513004.11337 15.5541053792406 -7.20122696459454 0.434623074582475 0.419780480003292 0.0272763349281318 0.00868247306387296 -0.907174164547574
1636513004.58228 16.1722740098163 -7.6443438720118 0.445522110618754 0.497694613178728 0.0261860141552708 0.00962880647447161 -0.866903484109629
1636513004.91701 16.6075695850987 -7.88425326579825 0.460783720727506 0.551498303898769 0.0220017070848013 0.00659295109468994 -0.833859747606274
1636513005.31915 17.1577257938559 -8.10266579982387 0.470156071286622 0.612278445904175 0.0215290704768656 0.00621186034931668 -0.790324627350414
1636513005.78802 17.8589381918928 -8.22615405340561 0.495263085181885 0.677297765099787 0.0181828556706082 0.00530475680241464 -0.735465145813017
1636513006.12285 18.340087053561 -8.25257835258168 0.50669101046323 0.720763580825041 0.0164141343142633 0.00476021640169549 -0.692970257002987
1636513006.65873 19.1187650824373 -8.18465909361197 0.533949182327954 0.784192397428457 0.0155138985309625 0.00478282705294035 -0.620305350076203
1636513007.06062 19.6920064041027 -8.05219772677581 0.55195344440513 0.827445691117604 0.0148217259942376 0.0046311247086289 -0.561331005177333
1636513007.39535 20.1344120322031 -7.86479103579067 0.563320019282103 0.859665594758371 0.0138194822122423 0.00331650704380535 -0.510659463714471
1636513007.79756 20.6325946645593 -7.56573675583711 0.58553940628474 0.894119868206397 0.0112922391892508 0.00237756285765396 -0.447679007557341
1636513008.13234 21.0290732923383 -7.25902599405194 0.608376154797836 0.918329530142133 0.00927330879937656 0.00297642990447423 -0.395696879792934
1636513008.46729 21.389411619525 -6.91312439997153 0.631896571597853 0.938853691428372 0.00771086758647321 0.00110717237150513 -0.344228213227392
1636513008.8024 21.722804596098 -6.5326727988596 0.644205308129432 0.955584115724615 0.00634413988506114 -0.000273192984586875 -0.294650089138826
1636513009.13726 22.0291149856682 -6.09870928319314 0.65470409830484 0.967464684586846 0.0046730779792722 -0.00312376234791716 -0.2529436469419
1636513009.47203 22.3071708181295 -5.63263322240257 0.666818888676704 0.9767789131164 0.00399260527956534 -0.00215775266998734 -0.214201676225095
1636513009.87399 22.5859392105876 -5.03795687175097 0.683048546915042 0.985171825917834 0.00207138128062013 -0.00303104824078176 -0.171531325255399
1636513010.34277 22.8555795832599 -4.30017973567287 0.699001710014886 0.991895735879547 -0.00053213356802092 -0.00407288580903902 -0.126988100147312
1636513010.67785 23.0204442316957 -3.73742609746576 0.712781111389103 0.995054432885006 -0.0020838380947615 -0.00483837765551154 -0.0991913469832744
1636513011.0814 23.1832605263426 -3.04146073127956 0.72161118684694 0.997542223018254 -0.0032391635695889 -0.00575526817569299 -0.0697559890145301
1636513011.48162 23.3140562458459 -2.34373916542919 0.732820911554922 0.999019560461752 -0.00343999577188199 -0.00456689848359683 -0.0439002013906388
1636513011.81652 23.3902123286275 -1.76211148636643 0.740081895891986 0.999724275082942 -0.00269151767447935 -0.00406153795322875 -0.0229702732232001
1636513012.21834 23.4317857459934 -1.05723890108577 0.748006695457145 0.999967814919164 -0.00347069239432503 -0.00626756619465631 0.00361123719688154
1636513012.55357 23.4564292011173 -0.459083990946969 0.743937302948158 0.999655075308505 -0.00475464754205273 -0.00578405673137956 0.0251727714887752
1636513012.88839 23.4459058232404 0.139539278081244 0.750113471242678 0.9988163011281 -0.00640891266156791 -0.00356003530854892 0.0480858460243666
1636513013.29032 23.3890752136369 0.81287566716101 0.760210174929608 0.996589578280261 -0.00811779086443147 -0.00242000629868185 0.0820820169353015
1636513013.69225 23.2793973789844 1.46812848041087 0.762915491068187 0.9924634193499 -0.00896053384807323 -0.00238683976856756 0.122189905808053
1636513014.16101 23.0881060625014 2.21494413680905 0.757360608824042 0.984871193899186 -0.00855958205488712 -0.00257871678485047 0.173057259895046
1636513014.56292 22.8508502671969 2.83020837616757 0.759218792883434 0.975301126568003 -0.00995700882279229 -0.00210202191100763 0.220644854901205
1636513014.96488 22.5512740051084 3.40211931427181 0.758608812474543 0.961171735434753 -0.0126498914101916 -0.00384653707633576 0.275633959085553
1636513015.29978 22.2589784549242 3.82878214361275 0.755268634687489 0.945844018081237 -0.0133067860481077 -0.00570802391499014 0.324298383233708
1636513015.63498 21.9300166472034 4.22877407390093 0.7516738182963 0.927612292503784 -0.0155505579798178 -0.00646954398847625 0.373164521281127
1636513016.03666 21.488449013452 4.64631132876743 0.748012828714333 0.900883740282399 -0.0188292807401336 -0.00591114171574896 0.4336115808938
1636513016.37164 21.086828774587 4.93895605872724 0.741853081272032 0.873390737826873 -0.0207273883824636 -0.00735640885451699 0.486523255043208
1636513016.70661 20.6605322482872 5.18416296360864 0.727564470942904 0.842728017266274 -0.0224177752364269 -0.00836557540857187 0.537807539381875
1636513017.04147 20.2058681898355 5.37755825148209 0.715971512534403 0.808809266243153 -0.0246594152761028 -0.00897060151187884 0.587485329507016
1636513017.44373 19.6404344507939 5.54303660754043 0.707119330844412 0.764018992613741 -0.0270614674682172 -0.0102788235696554 0.644544026184383
1636513017.84546 19.0498053503859 5.60986797005184 0.684414260339939 0.71577119980373 -0.0264821570037141 -0.0115527675729558 0.697736926393726
1636513018.18015 18.5439114314181 5.60588353461661 0.662635336869167 0.672457499202743 -0.0272014749061553 -0.0121658082714521 0.739535654744263
1636513018.5152 18.0588013148637 5.55288153900608 0.647266382182894 0.626175046460154 -0.028159297414917 -0.0110796525023166 0.779095056113276
1636513018.84997 17.577214059878 5.43479289049296 0.623592403342607 0.579650603620632 -0.0281938099718342 -0.0118424128616165 0.814291129792732
1636513019.25207 17.0113400777461 5.21784136312062 0.599423893755017 0.5240357923211 -0.0295986962742562 -0.0117850070148525 0.851100181620778
1636513019.58693 16.5436239484797 4.98655309323913 0.578627121014412 0.47781161486105 -0.0307647076664274 -0.0112690212303516 0.877851127826686
1636513019.98893 16.0035318619359 4.64223331822078 0.553625226368377 0.424100599846981 -0.0336645452356708 -0.00927633704920255 0.904941616445203
1636513020.39078 15.52624183987 4.23011231268343 0.533697903435941 0.372553847245518 -0.0324390236253506 -0.00749709923706971 0.927413141028219
1636513020.72561 15.161030337402 3.85038319670745 0.514686791403654 0.331180091578855 -0.0323951456195557 -0.00600821206208953 0.942992154193197
1636513021.06086 14.8256825433066 3.4357402266158 0.498048923347094 0.292048110976722 -0.030544447549238 -0.00587255336673445 0.955897719798408
1636513021.3957 14.4951440918931 2.98461547138504 0.484782304056204 0.260163985818349 -0.0295533905487415 -0.00649413686126198 0.965090215356373
1636513021.7304 14.1894794408572 2.50524933825554 0.476337586528992 0.234565470220967 -0.0300836381818262 -0.00853570485680491 0.971597219343674
1636513022.06543 13.9045160944067 1.99980531842583 0.474689555800361 0.212167861341367 -0.0298974105886981 -0.0098578651570993 0.976726044471256
1636513022.46725 13.582963073787 1.36314333143972 0.461869021280267 0.191101648528224 -0.030031675669728 -0.0118010521209171 0.981039751261437
1636513022.86946 13.2874995382264 0.697926310685927 0.455768840904999 0.174198857857803 -0.0278492296109469 -0.0143026099857738 0.984212687216899
1636513023.20411 13.0419384028011 0.14211964340038 0.440573903868589 0.163963777343729 -0.0285359012397469 -0.0129783947219539 0.985968124905695
1636513023.53917 12.8067894320557 -0.434013732390932 0.42798358936746 0.160312181589528 -0.0273970205480911 -0.0139127797175843 0.98658797998943
1636513023.94109 12.5206005619475 -1.11732293568309 0.412498724852098 0.163595355152862 -0.0284871025309329 -0.0127256278802623 0.986034027382856
1636513024.27594 12.2890635888144 -1.69563842145794 0.393959820094487 0.169315125306294 -0.0267903198941023 -0.0120197291096261 0.98512445569817
1636513024.61086 12.0343313746388 -2.26348704768393 0.379268231113684 0.179428973566267 -0.0265709544103527 -0.0117552686867939 0.983341772470172
1636513024.94576 11.7733306459928 -2.83306470214669 0.365480622603866 0.193855314371077 -0.02547092772316 -0.011815412146722 0.980628239939487
1636513025.28087 11.4789587307451 -3.38449693476904 0.351890151044441 0.210547877473715 -0.028180980124671 -0.0111926529339134 0.977113170605548
1636513025.68261 11.1246241429837 -4.04193573112304 0.328369948946814 0.230365413467155 -0.0259869914120749 -0.0115002515708823 0.972689157320705
1636513026.01755 10.7919744081074 -4.57819105246085 0.327501697667099 0.246694456597583 -0.0270446574834325 -0.0120169462432159 0.968641329176396
1636513026.35249 10.4501703624406 -5.10450126194801 0.305676994386524 0.263123412282952 -0.025185745665366 -0.0122473534671268 0.964355614105557
1636513026.68742 10.0730901861351 -5.61133561882234 0.291814356533447 0.279728975310462 -0.0269358348266175 -0.0117622071935698 0.959628996881549
1636513027.02239 9.68997613667071 -6.10642673347193 0.268975562079644 0.29908545046561 -0.0232524343840708 -0.0128987133233923 0.95385577568603
1636513027.42431 9.18284554934148 -6.64101852219311 0.248705337158682 0.331956627487729 -0.0246784800841151 -0.012818376276701 0.942884647938092
1636513027.8262 8.66911372313076 -7.13975973773948 0.235228875718799 0.372845312787683 -0.0247528857248459 -0.0137418620632403 0.927461497102485
1636513028.22813 8.1244934827944 -7.57930511416663 0.219235903435939 0.418648722791746 -0.0252946974333876 -0.0143143500683184 0.907683052925808
1636513028.56313 7.63735290495393 -7.89877691148933 0.200809136408926 0.459050853905453 -0.0249851089241849 -0.0147631292424878 0.887935869235887
1636513028.89801 7.12275392003376 -8.16213121185453 0.189744583696392 0.50276735317256 -0.0245087613155421 -0.016573655580048 0.863915287017975
1636513029.23317 6.5961487293485 -8.34989115752835 0.164456809615849 0.551271709935646 -0.0261473663158647 -0.0150171500147848 0.833780727928396
1636513029.56795 6.05523528815837 -8.48134016976485 0.152636508726091 0.599477710477132 -0.0266596463416298 -0.0158229013894012 0.799790831211297
1636513030.03691 5.30449487955484 -8.57810510746086 0.124877815802423 0.665293732756662 -0.0243536258945474 -0.0141893523280148 0.746049470438126
1636513030.43867 4.67731863078149 -8.54970617059582 0.0958156009794023 0.71368757986226 -0.0230333163909601 -0.0117329903704562 0.6999870296108
1636513030.77355 4.18313476442151 -8.47243772620403 0.0747084332653877 0.752664583478927 -0.0199948114877692 -0.0110106324263034 0.658008357290115
1636513031.10912 3.70599084337449 -8.34254664348942 0.0525655890183983 0.789000709979391 -0.0179505341689342 -0.00792019504328204 0.614078926918636
1636513031.44346 3.24263921459269 -8.16934975713629 0.0300423164798164 0.822059060635938 -0.0144407197378465 -0.00858406878277216 0.569154355340398
1636513031.77855 2.79089269003086 -7.93470861459572 0.018361821382018 0.852884997203554 -0.0131056962298025 -0.00938705406771147 0.521849887886695
1636513032.11312 2.36841969992634 -7.65313833565262 0.0121085435240456 0.881300767444979 -0.0124701583237369 -0.00928554143162418 0.472299937722411
1636513032.44837 1.9853671318492 -7.31738256797371 0.000712733210729677 0.906703470851945 -0.0120054327153242 -0.00876743206127027 0.421506604533553
1636513032.91714 1.49849018202403 -6.76715011263986 -0.00101655794522612 0.935736076277359 -0.0122961058671767 -0.00952959383955843 0.352357755945302
1636513033.31893 1.15551696274989 -6.23173718381164 -0.00321188620707732 0.955071218276001 -0.0119095085372419 -0.00673981044262858 0.296060309029078
1636513033.65417 0.898183018806647 -5.75433918028962 -0.00339165145277395 0.96732711049927 -0.012037376499814 -0.0071371700755056 0.253145064465908
1636513034.12335 0.590658667348761 -5.03772595957079 -0.00789514436745692 0.97995649637796 -0.0120037388231799 -0.00830082190367583 0.198676299081249
1636513034.5248 0.386933368271432 -4.37958005144148 -0.0142458621908677 0.98717177728227 -0.0101325198593136 -0.00538792400172408 0.159248813036758
1636513034.92672 0.211617092668186 -3.69825385349407 -0.0198229399303463 0.991408171673213 -0.00919189327607304 -0.00325279687574183 0.130440659113877
1636513035.39576 0.0478703447671363 -2.89201671479981 -0.0257610311091366 0.994337266479669 -0.00695208291073057 -0.00715590640037938 0.105801049316774
1636513035.79769 -0.0470172109908731 -2.19752851452285 -0.0254739559149622 0.99599619642539 -0.00356754779852029 -0.00263996179407103 0.0892853846415397
1636513036.13267 -0.106414808394823 -1.62741427351009 -0.025079815961404 0.997004589300798 -0.00211111263418715 -0.00312984328147121 0.077250218107311
1636513036.46743 -0.154148926692045 -1.04692189633776 -0.0200710364414637 0.997920055758224 -0.00224950545705967 -0.00338325293583059 0.0643354928501748
1636513036.93625 -0.180702771702205 -0.243285523619852 -0.00948740642256549 0.999085973532485 -0.000782899805491008 -0.00388167142386332 0.0425621567298843
1636513037.33827 -0.177655771688526 0.415741518078343 0.00288717624739929 0.999809782321884 -0.00185549713495772 -0.000471929262860687 0.0194096261329077
1636513037.67316 -0.16559687778102 0.917337200505307 0.0146475935153298 0.999994892771279 -0.00295658359419032 -0.000398486061792948 0.00114640903155528
1636513038.00798 -0.148026847659548 1.3054671840958 0.0219991175847513 0.999913317515246 -0.00352762841823177 0.000743248694805373 -0.0126633674342404
1636513038.34316 -0.135363993431342 1.53988161285371 0.025591587725963 0.999777687736833 -0.00358545176227499 0.00182045094421303 -0.0206979611945698
1636513038.67801 -0.149075444026647 1.59217718362283 0.0325571521628314 0.999722441638207 -0.00369722204177154 0.00197080642703008 -0.0231837476724919
1636513039.01285 -0.150602729639437 1.59046387964081 0.0240086091107094 0.999729943152303 -0.00138321588938235 0.00110362147701676 -0.0231713076482841
1636513039.41471 -0.149071404630282 1.58945374136986 0.027119552870826 0.99973709267818 -0.0016505045899318 0.0014760432946101 -0.0228219774377721
1636513039.81665 -0.146693556691108 1.59125404298568 0.0285809606277693 0.999738146835878 -0.00182056070254155 0.00150651757725882 -0.0227607935863779
