1636512982.94563 0 0 -5.55111512312578e-17 1 0 0 0
1636512983.34749 0.00191463040348813 -5.03932587018197e-05 -0.000126028297532221 0.999999998566635 -4.89690396857473e-06 -4.36945551597733e-05 3.05538316719492e-05
1636512983.68255 0.00135575267534518 0.000975454562249012 5.1884678821279e-05 0.99999999207682 1.9177942060913e-05 -0.000121975158535677 2.45076800521213e-05
1636512984.15149 0.00259023672093108 0.0372277752321346 -0.00324525499019157 0.999999340603607 0.00111248965360464 -0.00028407173397441 2.15028227582066e-05
1636512984.48626 0.00980844371914863 0.12588565290012 -0.000661530963414203 0.99999959312251 0.000898451405000598 7.40759061135764e-05 3.24445274182065e-05
1636512984.88824 0.0236033661353491 0.305511053989195 0.00436017812017336 0.999999710382011 0.000384403996063783 0.000419978634779884 -0.000505061787306575
1636512985.2233 0.0421817717219737 0.509570215038086 0.010558111517304 0.999996642576951 -0.00034115652396178 0.000647364356790165 -0.00248583314850094
1636512985.75891 0.0794411972609299 0.932912972618859 0.0209184197984615 0.999959453566009 -0.000835085907037148 0.000626810205825402 -0.00894432582493748
1636512986.29493 0.131975915160827 1.4798730783456 0.027990177826634 0.999813324525347 -0.000680958305163415 0.000215101533509953 -0.0193081881254952
1636512986.63001 0.173435814219319 1.87939500428128 0.0339812787579858 0.999612479175633 -0.000970222940302848 -0.000175032166558413 -0.027819408827849
1636512986.96476 0.237209050150639 2.32665862163178 0.0481767438580824 0.999287225575286 -0.00225243558230259 0.00035430039929976 -0.0376807883041555
1636512987.56759 0.397443006826958 3.20236144922784 0.057735830624541 0.998179464556385 -0.000406633878750575 0.00021304229841756 -0.0603120701003985
1636512987.90258 0.521652498515876 3.73545416814277 0.0652111446161014 0.997061138562018 0.000328442103667084 0.000749430443658045 -0.0766055901955421
1636512988.23755 0.669579159522931 4.28891743870597 0.0776235802787169 0.995152639546168 0.000202151965973869 8.98033093481795e-05 -0.0983421327521585
1636512988.84035 1.01639805099878 5.27777530302229 0.105761358264085 0.988759699859731 0.000936597850271257 0.00104420247920497 -0.149506817098563
1636512989.17551 1.24303640642744 5.81593793824792 0.11870572865978 0.983226665698562 -7.04557792494637e-05 -0.00264201682603458 -0.18236868876636
1636512989.5103 1.54073487905868 6.30850804643371 0.15305050054874 0.97521050998546 0.000324357319224784 -0.00109270635990165 -0.221276212004454
1636512989.91215 1.90538405500226 6.85104538857148 0.178005928371497 0.961996087360046 0.00360281680369647 -0.00212280406840284 -0.273031209421063
1636512990.24721 2.25264075966137 7.26693720610279 0.194479693985542 0.948028612848497 0.00542214110639204 -0.0018286247674329 -0.318133628744018
1636512990.64905 2.70343465616542 7.7354139382997 0.213296836222256 0.928168830834589 0.00800545995383444 -0.00425158798335038 -0.372048999565514
1636512990.9841 3.14041418203082 8.05284415319064 0.235992080763747 0.908441284940058 0.0103059196442746 -0.00101705047803277 -0.417884177069517
1636512991.45299 3.78502463834577 8.4016420161177 0.253807056892132 0.873655249766999 0.0133298754325344 0.00176176424052198 -0.486359656182825
1636512991.78777 4.25357094247423 8.61831872905865 0.272407666736961 0.843371062698862 0.0122186376615636 0.00126142911495685 -0.53719118039342
1636512992.12291 4.7416425817291 8.77134656105178 0.281881112539786 0.809961343533694 0.0122310662844737 0.00165269229329415 -0.586353384578637
1636512992.52468 5.35591532025778 8.86949065014007 0.309195738191676 0.769288867685313 0.0158800917532676 0.00473826586494639 -0.638686158905882
1636512992.92653 5.97996555203634 8.89792288894502 0.336871071241547 0.726487463633346 0.0172026365322773 0.00518098099886539 -0.686944824506171
1636512993.2615 6.50389595991251 8.8559596789285 0.353427556111728 0.687956872602632 0.019779753049676 0.00563792854358006 -0.725460072347085
1636512993.66356 7.13247845821562 8.74959287441913 0.387650324675691 0.640005465353037 0.0211902464515752 0.00693016112145942 -0.768046841436377
1636512994.0655 7.73437074138944 8.52551356889623 0.401762775646696 0.590241423165845 0.0249453720711587 0.00869694683998304 -0.806794369035291
1636512994.46742 8.32697366762251 8.22218839559277 0.42454085260614 0.537491307412389 0.025424923633859 0.0112916147479066 -0.842810279452451
1636512994.80213 8.80546146998325 7.92028527507137 0.435594564219084 0.492903945110784 0.0251239893801886 0.0121660824363026 -0.869635827510575
1636512995.2711 9.39767474304927 7.45090805037284 0.461036358109249 0.43120379340367 0.0251432044020421 0.0122629041338921 -0.901820785416307
1636512995.60594 9.80532846738241 7.06491374150006 0.47169526738818 0.390668912379867 0.0253680380074373 0.00900342495940852 -0.920137599430969
1636512995.94085 10.1758859014939 6.62908500176988 0.465658468031345 0.35023548032951 0.0262595941716441 0.00810237705078664 -0.936258454444298
1636512996.27588 10.5181034861993 6.1473500068269 0.467567958681988 0.313853181605432 0.0270309782477728 0.00826841105358512 -0.949050651962141
1636512996.6779 10.8817127252575 5.54128981626555 0.478133550971948 0.2729586162877 0.0256387309516919 0.00881738295389702 -0.961643646590219
1636512997.28063 11.3632389052429 4.5849127143049 0.465054113873346 0.214831235734384 0.0292690520830664 0.00804154773360758 -0.976179387332597
1636512997.81665 11.699344035054 3.71472186855871 0.468560264651813 0.177164965063549 0.0303802461779001 0.0046310240386654 -0.983701260247518
1636512998.15152 11.8697655386843 3.13231877793937 0.468865742526764 0.160881974598512 0.03029533512292 0.00408481553483323 -0.986500125291994
1636512998.55344 12.0717275378488 2.40986037412542 0.479599604226355 0.148554861952003 0.0322100273167244 0.00737878268337525 -0.988351921481812
1636512998.95522 12.2584461479169 1.66657432632831 0.493421360421236 0.143849349981764 0.031808144787724 0.0101907156933915 -0.989035770712386
1636512999.29034 12.3992485355603 1.03947563477455 0.502378673234581 0.14198184919175 0.0335904232879063 0.0121538210527856 -0.989224505659482
1636512999.6253 12.5420971703982 0.409518934979319 0.512049047643241 0.140571295003981 0.0327269626834096 0.0128031147465354 -0.989446682336754
1636513000.09448 12.7341978099129 -0.474161884652002 0.512741058971908 0.140304642522378 0.0329813489548312 0.0125980457803096 -0.989478714854597
1636513000.42892 12.8706695393809 -1.1057604389132 0.509318086461588 0.141034082323964 0.0326757790638698 0.0113496238262414 -0.989400256278827
1636513000.76379 13.0079179256615 -1.74285152208546 0.505218150905349 0.14211548221698 0.0329568490420865 0.0111513746221096 -0.989238435696617
1636513001.23357 13.2135078734015 -2.62806879845942 0.503853265924022 0.146659058876461 0.0315769392493412 0.0108950611269686 -0.988622938738604
1636513001.70183 13.4334950032357 -3.51160429103353 0.510958853044947 0.155600472401907 0.032292902260669 0.0115422145194138 -0.98722461412582
1636513002.10377 13.644847749985 -4.24329585547538 0.512368256219751 0.174075324657743 0.0337245701386805 0.0106103128049784 -0.984097482964185
1636513002.57248 13.9533131873015 -5.06594812440804 0.518574152332849 0.206492437620014 0.034340346479171 0.0109469875535652 -0.977784115882917
1636513002.97502 14.2658216262717 -5.72381747537679 0.52249869858607 0.249642573443254 0.0350313393457275 0.0105592450224482 -0.967646574495476
1636513003.37645 14.6522463278705 -6.34728240642841 0.519339015506849 0.303335017336357 0.0339188834362148 0.00958948283133483 -0.952231809184623
1636513003.71134 15.0062989685445 -6.81590657775338 0.508193158296455 0.355189839588717 0.0349145640380811 0.00941960955626161 -0.934094439565283
1636513004.11337 15.4976267994997 -7.27848528560751 0.527725934228444 0.419780480003292 0.0328306960748286 0.00860619436877753 -0.906990864023412
1636513004.58228 16.1250208811526 -7.71956744853672 0.54265790675994 0.497694613178728 0.0314931621355051 0.00955597220078134 -0.866727717421614
1636513004.91701 16.5675083380476 -7.9514890179888 0.561275934125357 0.551498303898769 0.0271079160883609 0.00652134748462667 -0.833709933795389
1636513005.31915 17.1229800922383 -8.16549071564524 0.574252318657378 0.612278445904175 0.0263686936748211 0.00614432311991504 -0.790178488677368
1636513005.78802 17.8310902041896 -8.28063543728197 0.603991723364219 0.677297765099787 0.0226868075516689 0.00524100918536102 -0.735340450387891
1636513006.12285 18.3158930858197 -8.30109841826295 0.61854248254152 0.720763580825042 0.0206579785271319 0.00469980370347277 -0.692857142796829
1636513006.65873 19.0981148801737 -8.22536674576951 0.650675859822986 0.784192397428457 0.0193124646153228 0.00472914748385789 -0.620199119388254
1636513007.06062 19.672841509057 -8.08654695335524 0.672264168134891 0.827445691117604 0.018258989050317 0.00458292837895657 -0.561230108188472
1636513007.39535 20.1148555720635 -7.89277146220369 0.686471858521597 0.859665594758371 0.016946890465666 0.00327282440883235 -0.510565526365295
1636513007.79756 20.612824930612 -7.58526482680617 0.711773834638165 0.894119868206397 0.0140342114611713 0.00233886849602755 -0.447601644189783
1636513008.13234 21.0095773799506 -7.27254053756293 0.736919431967239 0.918329530142133 0.0116964870989107 0.00294188503836317 -0.395632925286679
1636513008.46729 21.3666949124771 -6.92031738615989 0.762661840317731 0.938853691428372 0.00981958571723647 0.00107694812158064 -0.344174609770106
1636513008.8024 21.6967992277114 -6.53453712661514 0.776986147695673 0.955584115724615 0.00814974232473997 -0.000299188262490891 -0.29460565161115
1636513009.13726 21.9980706342777 -6.09549528429674 0.78935380016572 0.967464684586846 0.00622451987342078 -0.00314645283816045 -0.252909942991884
1636513009.47203 22.2748338773531 -5.62706062198386 0.803015807952543 0.9767789131164 0.00530618452851093 -0.00217695072816689 -0.214172967907765
1636513009.87399 22.5499459864467 -5.02833150695797 0.820772650672489 0.985171825917834 0.00312393983131004 -0.00304696801886341 -0.171515102552351
1636513010.34277 22.8152596098516 -4.28614725411508 0.838114335047074 0.991895735879547 0.000248022037195516 -0.00408567352564716 -0.126988562086837
1636513010.67785 22.9769711054856 -3.72107104980293 0.852710858630851 0.995054432885006 -0.00147361830419032 -0.00484917541136953 -0.0992017617929349
1636513011.0814 23.1361029436409 -3.02354436523882 0.862359289060626 0.997542223018254 -0.00280885494567254 -0.00576372195231238 -0.0697739431231354
1636513011.48162 23.2657350091184 -2.32579566813449 0.874207245009506 0.999019560461752 -0.00316870120397809 -0.00457289863240386 -0.0439199925499352
1636513011.81652 23.340411576863 -1.74524346113052 0.881889436262023 0.999724275082942 -0.00254873889633911 -0.00406510983817542 -0.0229859222553256
1636513012.21834 23.3769609426952 -1.03979101505403 0.889940844224162 0.999967814919164 -0.0034897190824496 -0.0062688930312937 0.00359053849448094
1636513012.55357 23.4001138533309 -0.440583366174941 0.885829023537992 0.999655075308505 -0.00490601145925911 -0.00578387908706445 0.0251437507984568
1636513012.88839 23.3898669477959 0.15958078226922 0.891655674284435 0.9988163011281 -0.00670173233422765 -0.00355839970785606 0.0480460318446832
1636513013.29032 23.330988416313 0.834570729901828 0.901100013728049 0.996589578280261 -0.0086194562319716 -0.00241584552691599 0.0820309766358212
1636513013.69225 23.2175014645417 1.49033975226797 0.902939206646995 0.9924634193499 -0.00970797699248877 -0.00237913040515754 0.122132944669047
1636513014.16101 23.0213753858781 2.23582233556944 0.896140142331737 0.984871193899186 -0.00961865048364025 -0.00256579373347242 0.173001819912344
1636513014.56292 22.779946957092 2.85167897588476 0.896284131191527 0.975301126568003 -0.0113078944534369 -0.00208508141729775 0.220579909496986
1636513014.96488 22.4725367279894 3.42446771565528 0.893442713016764 0.961171735434753 -0.014336849231665 -0.00382547709045907 0.275551656646235
1636513015.29978 22.1734567918485 3.84928660911448 0.888138565263707 0.945844018081237 -0.0152910407607811 -0.0056824806531629 0.324211330687284
1636513015.63498 21.8382816432503 4.24888718404522 0.882159742726298 0.927612292503784 -0.0178338487001351 -0.00644026761176872 0.373062878868301
1636513016.03666 21.3902101724114 4.66633606875812 0.875278670527364 0.900883740282399 -0.0214831943835968 -0.00587749182871323 0.43348865491922
1636513016.37164 20.9813150372929 4.95614879998226 0.866296139862298 0.873390737826873 -0.0237048039305455 -0.00731845888079881 0.486387850905484
1636513016.70661 20.5486364109481 5.19778463617288 0.849076869414712 0.842728017266274 -0.0257089354334663 -0.0083233851945972 0.537660916202987
1636513017.04147 20.0879430231146 5.38766093210198 0.834307411791356 0.808809266243153 -0.0282546610863793 -0.00892459708138697 0.58732409837588
1636513017.44373 19.5154069691892 5.5473314214812 0.821528489628301 0.764018992613741 -0.0310056846606704 -0.0102283543852481 0.644367136972997
1636513017.84546 18.9209786819748 5.60514125505892 0.795216329047373 0.71577119980373 -0.0307517292541987 -0.0114967685671737 0.697562717604602
1636513018.18015 18.412161945889 5.59456234143941 0.770210433471252 0.672457499202743 -0.0317268754478902 -0.0121060338741007 0.739356315374493
1636513018.5152 17.9257285623634 5.53627109597446 0.751816669769829 0.626175046460154 -0.0329276227245836 -0.0110164395970464 0.778908993985135
1636513018.84997 17.4431047504857 5.41075889774018 0.725195496199309 0.579650603620632 -0.033177443471967 -0.0117757437789344 0.814104272698132
1636513019.25207 16.8762572523521 5.18697237583426 0.697444859812649 0.5240357923211 -0.0348078936919808 -0.0117153875864545 0.850904018439697
1636513019.58693 16.4086041808991 4.95063781452275 0.673743108671918 0.47781161486105 -0.0361380605400197 -0.0111973280563666 0.877647264639206
1636513019.98893 15.8682510576102 4.6029278070086 0.645289791157984 0.424100599846981 -0.0392048170597139 -0.00920337803464953 0.904719272128928
1636513020.39078 15.3951011445479 4.1859202323094 0.622905362485836 0.372553847245518 -0.0381178843044533 -0.00742132854956029 0.927197703664798
1636513020.72561 15.0325496269555 3.80316325123675 0.601915996062457 0.331180091578855 -0.0381701954271606 -0.00593088307257706 0.942776541789651
1636513021.06086 14.7014634491395 3.38399195184021 0.583635962728111 0.292048110976722 -0.0363986822336925 -0.00579305305833588 0.955693192056343
1636513021.3957 14.3740153915233 2.92896070127171 0.568559482833683 0.260163985818349 -0.0354636735628299 -0.00641324859840656 0.964891651214246
1636513021.7304 14.0692479351643 2.44542773490805 0.558120228682357 0.234565470220968 -0.0360327962421316 -0.00845443156001504 0.971395491219712
1636513022.06543 13.7861290914463 1.93686852759397 0.55473406059352 0.212167861341367 -0.0358773604770079 -0.00977599527747596 0.976525495589013
1636513022.46725 13.4661989884118 1.29688362713973 0.539878782872544 0.191101648528224 -0.0360371154253201 -0.0117188215091511 0.980838496116488
1636513022.86946 13.1746626542112 0.627772978521041 0.532110699284749 0.174198857857803 -0.0338729418896595 -0.014219007100132 0.984025000478068
1636513023.20411 12.9300852446661 0.0734872924021351 0.515560337848956 0.163963777343729 -0.034570999390341 -0.0128949519509564 0.985776062772124
1636513023.53917 12.6970876437656 -0.503325933149196 0.501666477053883 0.160312181589528 -0.0334354858570647 -0.0138287231022136 0.986402980093263
1636513023.94109 12.4106176521827 -1.18366723517007 0.484507045697486 0.163595355152863 -0.0345227279317163 -0.0126421549611721 0.985842237351646
1636513024.27594 12.1815638215859 -1.76001551049344 0.464909135545877 0.169315125306294 -0.032820745635508 -0.0119355227713316 0.984943008653099
1636513024.61086 11.9273098636653 -2.32572151853915 0.448779547345855 0.179428973566267 -0.032590588319715 -0.0116711318469963 0.983161676266595
1636513024.94576 11.6674640037193 -2.89328409144421 0.433582709282136 0.193855314371076 -0.0314739249822782 -0.011731009329516 0.98045494162476
1636513025.28087 11.3700963097588 -3.44085051192107 0.417974197214688 0.210547877473715 -0.0341626879167466 -0.0111099119057567 0.976923268175686
1636513025.68261 11.0181174008493 -4.09611598127964 0.392611130538989 0.230365413467155 -0.0319414816365188 -0.0114168825353948 0.972512813705889
1636513026.01755 10.6841453309244 -4.63012240541907 0.389564343228409 0.246694456597583 -0.0329740726135344 -0.0119344897113511 0.968458632867006
1636513026.35249 10.3444874467556 -5.15468207850988 0.36593079223293 0.263123412282952 -0.0310888217812447 -0.0121644178657659 0.964184412862403
1636513026.68742 9.96584293018256 -5.65788782890089 0.349643911434093 0.279728975310462 -0.0328101486696771 -0.0116805871488769 0.959447110788234
1636513027.02239 9.58656246734905 -6.15259684390751 0.324886256595325 0.29908545046561 -0.0290908893065052 -0.0128158756566691 0.953696684911032
1636513027.42431 9.07782443998229 -6.68216458260337 0.301408722763963 0.331956627487729 -0.0304497168837812 -0.0127373130474897 0.942717016429109
1636513027.8262 8.56344659247513 -7.17638525363522 0.284742493096884 0.372845312787683 -0.0304291619073638 -0.0136623566378142 0.927293793168579
1636513028.22813 8.01805450050779 -7.61008779776414 0.265345155790895 0.418648722791746 -0.0308494853956398 -0.0142370590090474 0.907512458485523
1636513028.56313 7.53143254546866 -7.92462796665511 0.243991794824752 0.459050853905453 -0.0304186762591813 -0.0146876363931604 0.887767588392647
1636513028.89801 7.01704540237223 -8.18399535076457 0.229731991525109 0.50276735317256 -0.0297942642983619 -0.0165003015248463 0.863750560317252
1636513029.23317 6.49115445605291 -8.36244084502002 0.201197395891056 0.551271709935645 -0.0312489306417078 -0.0149475645820438 0.833606367820835
1636513029.56795 5.95127321057697 -8.48738898851282 0.185983992241205 0.599477710477131 -0.031552523436863 -0.0157569182229561 0.799614052173908
1636513030.03691 5.20783257969381 -8.57491172047745 0.15417878257326 0.665293732756662 -0.0289180157811124 -0.0141275532239726 0.745887665642685
1636513030.43867 4.5879348887465 -8.53883178501953 0.121708039917358 0.71368757986226 -0.0273166549056588 -0.0116750959960518 0.699833930906897
1636513030.77355 4.10082141862951 -8.4583830803815 0.0981026706129724 0.752664583478927 -0.0240213158193206 -0.0109554059766537 0.657874593097111
1636513031.10912 3.63241072140928 -8.32354350354257 0.0735171288666501 0.789000709979391 -0.0217093789627376 -0.00786831167634429 0.613958200685057
1636513031.44346 3.1755828656331 -8.15026901009245 0.0486461720770954 0.822059060635938 -0.0179240153121946 -0.00853491517280596 0.569056047964029
1636513031.77855 2.72884245725442 -7.91417603502346 0.0343938165106276 0.852884997203554 -0.0162987502930338 -0.00934192020077262 0.521760731380718
1636513032.11312 2.31201060690014 -7.63045507470092 0.0256865789040765 0.881300767444979 -0.0153596358330343 -0.00924498836255267 0.47221559597089
1636513032.44837 1.93509775243816 -7.29282219314046 0.0120742914402751 0.906703470851945 -0.0145839129722265 -0.00873166540248978 0.42142601182978
1636513032.91714 1.45457501874246 -6.74085632695165 0.0073710786606333 0.935736076277359 -0.0144504732273163 -0.00950079109808061 0.352276758167595
1636513033.31893 1.12066473609012 -6.20433663477405 0.00318742581419146 0.955071218276001 -0.0137202492310219 -0.00671637539252938 0.295982454012766
1636513033.65417 0.867316579340656 -5.72716769248973 0.00142995592193834 0.96732711049927 -0.0135849413715188 -0.00711803150294206 0.253067272258958
1636513034.12335 0.564064895655612 -5.0118626874152 -0.00493630092041714 0.97995649637796 -0.013216960637876 -0.0082870413510679 0.198599854239061
1636513034.5248 0.367872096136695 -4.35656762164612 -0.0123417659450958 0.98717177728227 -0.0111055803562773 -0.00537712626445741 0.159184279171815
1636513034.92672 0.19784780081871 -3.67757960708939 -0.0189444086298166 0.991408171673213 -0.00998947232424238 -0.00324438554898143 0.130382213298705
1636513035.39576 0.0321284996578471 -2.87632355576929 -0.0256615392747734 0.994337266479669 -0.00759682357122027 -0.00714883908506153 0.105757188224266
1636513035.79769 -0.0559706384041567 -2.18680775396184 -0.0257658525817431 0.99599619642539 -0.00411333415662277 -0.00263288252137355 0.0892621146842331
1636513036.13267 -0.11496391200976 -1.61975532629621 -0.025651658616928 0.997004589300798 -0.0025829386808229 -0.00312324482872256 0.0772361488077887
1636513036.46743 -0.162175470599263 -1.04053034509792 -0.0209987123824089 0.997920055758224 -0.00264206578952783 -0.00337799590598412 0.0643208438029773
1636513036.93625 -0.187890318622481 -0.240677483670842 -0.0105337563375417 0.999085973532485 -0.00104182123220809 -0.00387785115248255 0.042556954421185
1636513037.33827 -0.179576033731708 0.417751004837107 0.00161575520282037 0.999809782321884 -0.00197417388275756 -0.000470914299326484 0.0193979393408053
1636513037.67316 -0.166370080479737 0.919015777305571 0.0132981134208701 0.999994892771279 -0.00296335973380367 -0.000399807386629243 0.00112831046267324
1636513038.00798 -0.146687909717607 1.30653259963735 0.020627997115636 0.999913317515246 -0.0034503219214168 0.000740287544146162 -0.0126848219792238
1636513038.34316 -0.132332816355354 1.54022157217181 0.0242275109290012 0.999777687736833 -0.00345943086824118 0.00181666882574064 -0.0207197286670759
1636513038.67801 -0.145722387131292 1.59242812752627 0.03107737282454 0.999722441638207 -0.00355603921237288 0.00196672478599739 -0.0232061686557037
1636513039.01285 -0.148250042473917 1.58808724402694 0.0227501098130747 0.999729943152303 -0.00124173279727543 0.00110066389152288 -0.0231794608080229
1636513039.41471 -0.146331750785098 1.58739228197359 0.0258304001589107 0.99973709267818 -0.00151133757780368 0.00147299044765146 -0.0228318129207072
1636513039.81665 -0.143933271341209 1.58938747739944 0.0272892384155987 0.999738146835878 -0.00168178017375162 0.001503388254905 -0.0227716753965561
