1636512982.94563 0 0 0 1 0 0 0
1636512983.34749 0.00195275657522735 -5.21413650277358e-05 -0.000131471126133514 0.999999998566635 -4.75495153525066e-06 -4.3704052632143e-05 3.05626678866575e-05
1636512983.68255 0.00146896707098849 0.000996002082677916 5.40697816245606e-05 0.99999999207682 1.9364380573393e-05 -0.00012196340057134 2.44194354790644e-05
1636512984.15149 0.00281624647660166 0.0382934015462699 -0.00311907069031434 0.999999340603607 0.00111279445321608 -0.000283144063406997 1.76151938988443e-05
1636512984.48626 0.00962636026764136 0.126753481772078 -0.000580795486227914 0.99999959312251 0.000898495664976121 7.48223139301939e-05 2.93594232018457e-05
1636512984.88824 0.0230147526722164 0.305878044741613 0.00435805429051897 0.999999710382011 0.000382308480726094 0.000420389795169157 -0.000506308740336596
1636512985.2233 0.0414326588721609 0.509179324079267 0.0104435180168763 0.999996642576951 -0.000350268552741992 0.000647518964022179 -0.00248452529845478
1636512985.75891 0.0790584450827548 0.93181203595224 0.0206987860734502 0.999959453566009 -0.000866450278820363 0.000627695672222842 -0.00894127988748296
1636512986.29493 0.132617211591798 1.47850574127071 0.0277158088720888 0.999813324525347 -0.000747719858017442 0.000217952541620943 -0.0193056860348481
1636512986.63001 0.174994123351868 1.87738632236859 0.0336194907256083 0.999612479175633 -0.00106600794340114 -0.000170915099163884 -0.0278159287358468
1636512986.96476 0.238883755940674 2.32302329050489 0.0475226733730129 0.999287225575286 -0.00238266312933188 0.000359091125365513 -0.0376727324735511
1636512987.56759 0.400872588695845 3.19946123797021 0.0568697714918538 0.998179464556385 -0.000614800727499169 0.000223388380526866 -0.0603102699017718
1636512987.90258 0.525795736425769 3.7325001768379 0.0640569323754744 0.997061138562018 6.36323359488818e-05 0.00076327875653314 -0.0766061311245929
1636512988.23755 0.676011240035639 4.28463670535297 0.0760681291624239 0.995152639546168 -0.000137065444633886 0.000107397594969039 -0.0983422273650306
1636512988.84035 1.02600615424746 5.27122745749416 0.103192142655063 0.988759699859731 0.000420131718093795 0.0010714770778658 -0.149508967488593
1636512989.17551 1.25839493492261 5.80558420781183 0.115554306081738 0.983226665698562 -0.000697158630615763 -0.002609761243524 -0.182367834267403
1636512989.5103 1.55757751612203 6.29584764666754 0.148897382549452 0.97521050998546 -0.00043781997093402 -0.00105322684855472 -0.221276208031452
1636512989.91215 1.92749417388961 6.83676262879227 0.173055426707223 0.961996087360046 0.00266299922919627 -0.00207140907202075 -0.27304238792452
1636512990.24721 2.27783515334765 7.25014431793164 0.188540502840928 0.948028612848497 0.00432652653336884 -0.00176771511832711 -0.31815075918811
1636512990.64905 2.73463316562948 7.71453317763777 0.206295217098147 0.928168830834589 0.00672592449555388 -0.00417896151819479 -0.372075153278827
1636512990.9841 3.17189284776473 8.03007073377216 0.227463188320986 0.908441284940058 0.00886559732337408 -0.000934377793916666 -0.417917408035002
1636512991.45299 3.81816720640155 8.37446485770988 0.243093022996598 0.873655249766999 0.0116510659843098 0.00185910061846794 -0.486402406409427
1636512991.78777 4.28791288855141 8.58348783181144 0.259977537247121 0.843371062698862 0.0103649570509347 0.00136684209971397 -0.537229885626441
1636512992.12291 4.7762061166653 8.73015008329023 0.267685966891218 0.809961343533694 0.010207518328107 0.00176682650817373 -0.586391769105574
1636512992.52468 5.39018750671894 8.82559101273555 0.292824739849275 0.769288867685313 0.0136734655620426 0.00486472667115589 -0.638736259209845
1636512992.92653 6.01395485408683 8.84831596141799 0.31829865131315 0.726487463633346 0.0148292076303385 0.00531709974943705 -0.686999118074323
1636512993.2615 6.53803816190182 8.80266619887175 0.333086274782205 0.687956872602632 0.017273102616331 0.00578302914128312 -0.725522941014799
1636512993.66356 7.16471834716353 8.69161871184772 0.364962946259389 0.640005465353037 0.0185356420669051 0.00708398798929436 -0.768114087493243
1636512994.0655 7.76573225121221 8.46501583391712 0.376910310990544 0.590241423165845 0.0221556419119771 0.00886078246211255 -0.806874015224673
1636512994.46742 8.3541402768064 8.15831406792814 0.397213506375028 0.537491307412389 0.0225088159396915 0.0114622324991729 -0.842890897380704
1636512994.80213 8.82894622789304 7.85281304813671 0.406321654764735 0.492903945110784 0.0221146418852259 0.0123412010988218 -0.869715090281842
1636512995.2711 9.41659332840242 7.37860361461965 0.429440615793232 0.43120379340367 0.0220227832870602 0.0124437416462511 -0.901899905124964
1636512995.60594 9.82248140036263 6.98713880043005 0.438813373923738 0.390668912379867 0.0221871752517868 0.00918769742139152 -0.9202179722057
1636512995.94085 10.190685392526 6.54844800478456 0.431433234047923 0.35023548032951 0.0230238854979725 0.00829025268086325 -0.936341967833025
1636512996.27588 10.5304295981715 6.06528672283009 0.431991381393023 0.313853181605432 0.0237510108605666 0.00845919905372854 -0.949136719251035
1636512996.6779 10.8891204440159 5.45766882613901 0.440979637145467 0.2729586162877 0.0223148850817643 0.00900923649476892 -0.961724738870678
1636512997.28063 11.3691149271254 4.4996377865416 0.426109985533778 0.214831235734384 0.0258957046981894 0.00823901642768321 -0.976273051578976
1636512997.81665 11.7037657348016 3.6256311840456 0.428561750214477 0.177164965063549 0.0269838051836541 0.00483075706145576 -0.983799325674731
1636512998.15152 11.8729784853349 3.04244786054851 0.428179438904747 0.160881974598512 0.0268896994942342 0.00428497359624439 -0.98659797958017
1636512998.55344 12.0756371771644 2.32328392850484 0.437788487494255 0.148554861952003 0.0287952378786636 0.00758087063610901 -0.988455774259188
1636512998.95522 12.2617870263197 1.58265825484508 0.450547411841418 0.143849349981764 0.0283886471503967 0.0103925873304798 -0.989137727190391
1636512999.29034 12.4043848952675 0.957740006281731 0.458788640506005 0.14198184919175 0.0301686212576746 0.0123572175366958 -0.989332253576246
1636512999.6253 12.54675429997 0.328367440739748 0.467764561878932 0.140571295003981 0.0293038567062213 0.0130058274703934 -0.989551334421239
1636513000.09448 12.7398391727753 -0.55532420814353 0.467659913938773 0.140304642522378 0.0295583024666108 0.0128009772272889 -0.989584280909911
1636513000.42892 12.8767744984038 -1.18802346355187 0.463751478918327 0.141034082323964 0.0292540494806405 0.0115522860052019 -0.989504993873237
1636513000.76379 13.0149399895071 -1.82513237174863 0.459093336243359 0.14211548221698 0.0295358415930209 0.0113542435127956 -0.989344179206549
1636513001.23357 13.2204406010857 -2.71053029479677 0.456851023198154 0.146659058876462 0.0281582775088164 0.011096665791827 -0.988723973546465
1636513001.70183 13.4426511472513 -3.59298993239935 0.463031835267796 0.155600472401907 0.0288785168524182 0.0117441705849384 -0.987328009685727
1636513002.10377 13.6579232783845 -4.32471063411076 0.463771136224743 0.174075324657743 0.0303217395019103 0.0108129137133057 -0.984206001991407
1636513002.57248 13.9707836239593 -5.14567342086637 0.468866374273732 0.206492437620014 0.0309590024790471 0.011148985211841 -0.977894735388218
1636513002.97502 14.2887604802721 -5.80175916389053 0.471810484736758 0.249642573443254 0.0316852755273325 0.0107600250682087 -0.967759707107047
1636513003.37645 14.6800674706205 -6.42332996181571 0.467428796326598 0.303335017336357 0.030626797007951 0.00978660056752427 -0.952341372099269
1636513003.71134 15.0402563839983 -6.88817215101068 0.45524463598942 0.355189839588718 0.0316851616790048 0.00961434720872029 -0.934207574744535
1636513004.11337 15.5362501943433 -7.34678207911495 0.473191492165112 0.419780480003292 0.0296954562573249 0.00879438526742242 -0.907097121191355
1636513004.58228 16.1688478509448 -7.77971569804074 0.486002969469965 0.497694613178728 0.0284959869743395 0.00973590880881566 -0.866829431214066
1636513004.91701 16.6135027441406 -8.00997344240427 0.503219445961554 0.551498303898769 0.024227171825443 0.0066917635092952 -0.833797268671022
1636513005.31915 17.1727893553379 -8.21653991810168 0.514440113077291 0.612278445904175 0.0236383912816561 0.00630640714202574 -0.790263601823937
1636513005.78802 17.8822835688493 -8.32463749978501 0.541736020760195 0.677297765099787 0.0201463975670522 0.00539029440265876 -0.735413356407236
1636513006.12285 18.3676976575793 -8.33943604524729 0.55463895679009 0.720763580825042 0.0182645412940908 0.00483986303708778 -0.692923403280162
1636513006.65873 19.1500196916763 -8.25261600492408 0.58418308100664 0.784192397428457 0.0171695785317615 0.00485520618939773 -0.620261167865044
1636513007.06062 19.7235635046341 -8.10551160364779 0.60388290418636 0.827445691117604 0.0163195914554616 0.00469765654828903 -0.561288901732959
1636513007.39535 20.1644631770569 -7.90601523385962 0.616696184481206 0.859665594758371 0.0151833181614176 0.00337747739671117 -0.510620333207346
1636513007.79756 20.6591447256573 -7.59270973094149 0.640239460889036 0.894119868206397 0.0124885750041919 0.00242992686610748 -0.44764695042898
1636513008.13234 21.0515241264314 -7.27516182874393 0.663876598603365 0.918329530142133 0.0103295793287615 0.00302177779450239 -0.395670371292545
1636513008.46729 21.4062371710729 -6.91920972380352 0.688459244091359 0.938853691428372 0.00863170821490584 0.00114615240604591 -0.344206226032119
1636513008.8024 21.7333382017836 -6.52992604184889 0.70168787368298 0.955584115724615 0.00713396925799615 -0.000240164507628695 -0.294632052870086
1636513009.13726 22.0332266825694 -6.08907967042489 0.713120771649817 0.967464684586846 0.00535493201812682 -0.00309642782983459 -0.252930466561565
1636513009.47203 22.3053969324638 -5.61754081898885 0.725771010827658 0.9767789131164 0.00456937905993647 -0.00213455864475025 -0.214190381029454
1636513009.87399 22.5768137326551 -5.01725843247752 0.742532569508176 0.985171825917834 0.00253498513598056 -0.00301396106796901 -0.17152540134558
1636513010.34277 22.8381491926153 -4.27437893786295 0.75887123072709 0.991895735879547 -0.000186492114135411 -0.00406296349618674 -0.126989395983647
1636513010.67785 22.9974227890555 -3.70897949945715 0.772884121581919 0.995054432885006 -0.0018116577940473 -0.00483282995638997 -0.0991969618816462
1636513011.0814 23.1540069153841 -3.01079134711201 0.782023870817809 0.997542223018254 -0.00304463665728393 -0.00575370828852036 -0.0697648788743711
1636513011.48162 23.279459023552 -2.31171581033147 0.793443227112594 0.999019560461752 -0.00331631737878181 -0.00456776768595182 -0.0439096271017992
1636513011.81652 23.3511473403514 -1.72939557368725 0.801002901452023 0.999724275082942 -0.00262459090323229 -0.00406316931770685 -0.0229777280768211
1636513012.21834 23.3865542478112 -1.02354174505965 0.80906263144859 0.999967814919164 -0.00347207038294029 -0.00627244853105385 0.00360142228484169
1636513012.55357 23.406559151009 -0.42471678518128 0.804808365782356 0.999655075308505 -0.00481443155522601 -0.00579243946210638 0.0251594774155772
1636513012.88839 23.3914391506693 0.174525521163312 0.810503413484254 0.9988163011281 -0.00653302250702951 -0.00357252229229815 0.0480682150924547
1636513013.29032 23.3275943198804 0.848617488871718 0.820044748216661 0.996589578280261 -0.00833449026922567 -0.00243759578372326 0.0820597761507963
1636513013.69225 23.2095190459741 1.50416350352185 0.822285725589853 0.9924634193499 -0.00928473992508694 -0.00240889758540568 0.122165265395899
1636513014.16101 23.0076048663409 2.25025703333311 0.816302234215363 0.984871193899186 -0.00901983227934835 -0.00260449943150628 0.173033495705185
1636513014.56292 22.7605364970283 2.86433989869821 0.817219761168647 0.975301126568003 -0.0105453907773096 -0.00213363180833914 0.220617213435048
1636513014.96488 22.4492786369889 3.43402262143098 0.815295134996826 0.961171735434753 -0.0133832958625714 -0.00388630303718571 0.275598764587042
1636513015.29978 22.1468360000139 3.85737885265344 0.811027872584408 0.945844018081237 -0.014168120917952 -0.00575272669499129 0.324261104582662
1636513015.63498 21.807974823124 4.25332078265331 0.806055831937297 0.927612292503784 -0.0165418102745036 -0.00652129813907041 0.373120993753097
1636513016.03666 21.3547629937845 4.66459328522521 0.800493800394424 0.900883740282399 -0.0199832204842338 -0.00597228453661325 0.433559095408327
1636513016.37164 20.9431670972918 4.95007699691593 0.792802184553822 0.873390737826873 -0.0220211832835415 -0.00742448411255061 0.486465377597097
1636513016.70661 20.5078847064316 5.18699331914832 0.776970033095129 0.842728017266274 -0.0238476420396273 -0.00844017290582949 0.537744867353399
1636513017.04147 20.0452224616369 5.37115029854862 0.763659158418424 0.808809266243153 -0.0262215810923944 -0.00905231559019271 0.587416423933382
1636513017.44373 19.4716006413267 5.52420223437266 0.752721061118252 0.764018992613741 -0.0287747789879053 -0.0103684829341862 0.644468374384131
1636513017.84546 18.8751497390801 5.57732459138513 0.728468315783884 0.71577119980373 -0.0283363146686911 -0.0116461096754701 0.697662533702328
1636513018.18015 18.365821714618 5.56149666800861 0.705174173566756 0.672457499202743 -0.0291668163289363 -0.012263596489121 0.739459135309301
1636513018.5152 17.8787779878134 5.49646245387254 0.688469352047699 0.626175046460154 -0.0302320668866313 -0.011182016149418 0.779015915008943
1636513018.84997 17.3967316100049 5.36632485887991 0.663499721830975 0.579650603620632 -0.0303598769983935 -0.0119477653954188 0.814211708643972
1636513019.25207 16.8319881209364 5.13589478712684 0.637686799930672 0.5240357923211 -0.0318634604670811 -0.0118952947233041 0.85101686835039
1636513019.58693 16.3665592627124 4.89403087715853 0.615622307683999 0.477811614861049 -0.0331018260354886 -0.0113830875896467 0.877764635385773
1636513019.98893 15.8303235517893 4.53851222137231 0.589144427916122 0.424100599846981 -0.0360768712875273 -0.00939650263070439 0.904847416035348
1636513020.39078 15.3585217145252 4.11616684880133 0.568565553416866 0.372553847245518 -0.0349139174729807 -0.00761752673316558 0.927322286239106
1636513020.72561 14.9983239142234 3.72894664851463 0.548971816749524 0.331180091578855 -0.0349137502327707 -0.00612988598487556 0.942901480264146
1636513021.06086 14.6685606118579 3.30744601702941 0.531880589695091 0.292048110976722 -0.033097819358866 -0.005992861589333 0.955811969394916
1636513021.3957 14.3430776312265 2.85110237065926 0.517889667490205 0.260163985818349 -0.0321305760791924 -0.00661390397231848 0.965007037714323
1636513021.7304 14.0416290150923 2.36770956431109 0.508322055535213 0.234565470220967 -0.0326755585214025 -0.00865671506064442 0.971512433960415
1636513022.06543 13.7607884432985 1.8590894072287 0.505777406013861 0.212167861341368 -0.0325013268896016 -0.00997905714018688 0.976641633754592
1636513022.46725 13.4435128826812 1.21968910314469 0.491819947120051 0.191101648528224 -0.0326445817538575 -0.0119227806206745 0.980954809618762
1636513022.86946 13.1522272099151 0.552355483714912 0.484791172608195 0.174198857857803 -0.0304673413038444 -0.0144217180609514 0.984133381754263
1636513023.20411 12.9093012081286 -0.00390747296875638 0.469102957312451 0.163963777343729 -0.0311604634092792 -0.0130985580782627 0.985887079241616
1636513023.53917 12.6761013059155 -0.58000255180979 0.455846158018443 0.160312181589528 -0.0300220138709107 -0.0140314893178426 0.986509908933846
1636513023.94109 12.3907212277621 -1.2617462407404 0.439633442632468 0.163595355152862 -0.0311121755320291 -0.0128457324935257 0.985953132487938
1636513024.27594 12.1599042308139 -1.83845474030119 0.420755256330363 0.169315125306294 -0.0294138961742134 -0.0121375163296158 0.985048167224179
1636513024.61086 11.9050036095791 -2.40415466202467 0.405397799613676 0.179428973566267 -0.0291901045654727 -0.011872617183043 0.983266099385938
1636513024.94576 11.6434152029458 -2.97102613623501 0.39096270219848 0.193855314371076 -0.0280827325654891 -0.0119310801710747 0.980555519360172
1636513025.28087 11.3475719961136 -3.51915066459664 0.376284098215281 0.210547877473715 -0.030784177440066 -0.0113116082364319 0.977033250831187
1636513025.68261 10.9925639882918 -4.17296088928187 0.351960176196603 0.230365413467155 -0.028577938156897 -0.0116159376782475 0.972615107697111
1636513026.01755 10.6589326857612 -4.70612442866661 0.349893350526016 0.246694456597583 -0.0296240707896182 -0.0121336907966213 0.968564418643141
1636513026.35249 10.3168032658891 -5.22936389355007 0.327305938906484 0.263123412282952 -0.0277533794757598 -0.0123612831925594 0.964283681555424
1636513026.68742 9.93886806155676 -5.73278846210891 0.31221765339039 0.279728975310462 -0.0294914372708372 -0.011878054353533 0.959552430732283
1636513027.02239 9.55558240477029 -6.22452259125525 0.288623341518413 0.29908545046561 -0.0257910823819247 -0.0130092097725393 0.953789009084528
1636513027.42431 9.04647217350823 -6.75275026736179 0.266734943688408 0.331956627487729 -0.0271878314261879 -0.0129298393339363 0.942814106037936
1636513027.8262 8.53058051150974 -7.24358194550447 0.251640712740262 0.372845312787683 -0.0272196909682605 -0.0138521325619785 0.92739073727277
1636513028.22813 7.98403431149669 -7.673795828536 0.233946580174145 0.418648722791746 -0.0277077485981302 -0.0144236815963416 0.907610866496028
1636513028.56313 7.49598688488994 -7.98478303649007 0.214159837913965 0.459050853905453 -0.0273446570521071 -0.0148703995816957 0.887864547369506
1636513028.89801 6.98098846458831 -8.2388879252618 0.201533349190367 0.50276735317256 -0.0268015572910889 -0.0166782857550878 0.863845182827862
1636513029.23317 6.45487515798843 -8.41524611564424 0.174756741134498 0.551271709935646 -0.0283614682212033 -0.0151214260291443 0.83370646598177
1636513029.56795 5.91564610182469 -8.53550726264772 0.161316552981321 0.599477710477131 -0.0287816073351118 -0.0159250105005287 0.799715254175423
1636513030.03691 5.17029830730256 -8.61654598676946 0.13219968967357 0.665293732756662 -0.0263337592727633 -0.014283920799781 0.745980396447425
1636513030.43867 4.54931307697074 -8.57639447617359 0.102008562146579 0.71368757986226 -0.0248932802949177 -0.011821963626448 0.699921855725712
1636513030.77355 4.06160671547212 -8.49013463839704 0.0803052047121227 0.752664583478927 -0.0217432642985607 -0.0110920803075161 0.65795153392069
1636513031.10912 3.59211967897085 -8.35165122854825 0.057572036330127 0.789000709979391 -0.0195853739385033 -0.00799527011187158 0.614027986687532
1636513031.44346 3.13677529296099 -8.17157220118683 0.034580636602462 0.822059060635938 -0.0159543252535577 -0.00865074812010952 0.569112928063512
1636513031.77855 2.69359128140526 -7.93058833395105 0.0220548007025624 0.852884997203554 -0.0144914971658924 -0.00944801200286104 0.521812143519273
1636513032.11312 2.28051768932037 -7.64339984983365 0.0149432381804949 0.881300767444979 -0.0137233302235055 -0.00934151515420666 0.472264082482556
1636513032.44837 1.90743175701217 -7.30310278813832 0.00278733439039658 0.906703470851945 -0.0131231937825602 -0.00881854362588259 0.421472218560488
1636513032.91714 1.43404534942584 -6.74872121375572 -8.78040392671281e-05 0.935736076277359 -0.0132275783818541 -0.0095753048843091 0.352322778513648
1636513033.31893 1.10273688512865 -6.21150949047155 -0.0029709809833663 0.955071218276002 -0.0126938239633142 -0.00678030416165202 0.296026793262802
1636513033.65417 0.85376911257575 -5.73386948979 -0.00372252884403924 0.96732711049927 -0.0127061775039462 -0.00717424277646905 0.253111328444533
1636513034.12335 0.556557996591444 -5.01828588855228 -0.0088084336689476 0.97995649637796 -0.0125250565252901 -0.00833329313296463 0.19864275569784
1636513034.5248 0.360781450743161 -4.36208265291616 -0.0153005813390297 0.98717177728227 -0.0105520518098147 -0.00541462748440016 0.159220658675852
1636513034.92672 0.190979603132525 -3.68291651715589 -0.0211490707637366 0.991408171673213 -0.00953706133787799 -0.00327584975438648 0.130415299750453
1636513035.39576 0.0305614255087902 -2.87961416564571 -0.0267795878060427 0.994337266479669 -0.00722608268898931 -0.00717393546803589 0.1057814675102
1636513035.79769 -0.0609866881565514 -2.18770348238598 -0.0262793951421489 0.99599619642539 -0.00380327781619903 -0.00265214144540461 0.0892752929413449
1636513036.13267 -0.118820650009618 -1.61952041429382 -0.0256866505047305 0.997004589300798 -0.00231395428868048 -0.00313909146511605 0.0772440329958984
1636513036.46743 -0.164869604175672 -1.0407522713928 -0.0207624290613358 0.997920055758224 -0.00241740740598662 -0.00339160350919425 0.0643289630149122
1636513036.93625 -0.18849958537707 -0.240097094964187 -0.00987805013703347 0.999085973532485 -0.00089180933280744 -0.00388626254065084 0.0425595950430283
1636513037.33827 -0.181473849307565 0.416491830090666 0.00213030097849756 0.999809782321884 -0.00190687208890254 -0.000476003993939596 0.0194045466966006
1636513037.67316 -0.166824922924264 0.916099415455491 0.013751552646542 0.999994892771279 -0.00295911553068342 -0.000402488089146107 0.00113845068961015
1636513038.00798 -0.147139364813197 1.30258874510743 0.0209884316865856 0.999913317515246 -0.00349466417173832 0.000739646264990614 -0.0126727148387187
1636513038.34316 -0.133194062201053 1.53594813755196 0.0245366260897224 0.999777687736833 -0.00353238258763047 0.00181744321803544 -0.020707348381568
1636513038.67801 -0.146502297245834 1.58794386093561 0.0314262154126527 0.999722441638207 -0.00363769055267473 0.00196785881093318 -0.0231934133771631
1636513039.01285 -0.148180457296894 1.58579433605138 0.0233683793669974 0.999729943152303 -0.00132258207207595 0.00110373103913136 -0.0231748423759145
1636513039.41471 -0.146647322573947 1.58486658745197 0.0264007038711218 0.99973709267818 -0.0015912977450067 0.00147577014660248 -0.0228261998006733
1636513039.81665 -0.144284221896392 1.58670418965827 0.0278333921962554 0.999738146835878 -0.00176155730887472 0.00150601459247726 -0.0227654694012384
