1636512983.44567 0.00118390993168177 4.88628460077117e-05 0.000990846292309161 2.66707841272734 -2.92673500914395e-05 -4.54421391655566e-05 -0.000162990499452377
1636512983.94593 0.000648921853392691 0.000438472283682152 0.0113343234628421 2.66707766717319 0.00184406499469792 -9.55005921269241e-05 -0.00077245947217154
1636512984.44618 0.00291341072176282 0.00596090401454211 0.113394614291693 2.66707714310358 0.00260340129331917 -4.05399015326629e-06 0.000155381507227984
1636512984.94644 0.0116644454954057 0.0129342681532024 0.340040359025134 2.66707732546497 0.00074084336867847 0.0019469650419273 0.00122048863967871
1636512985.44734 0.0309726473710461 0.0220950337992524 0.6758173260329 2.66704589573991 -0.00221259720677578 0.0129039727170467 0.00143911163764966
1636512985.94697 0.0608811292435227 0.0370860652902551 1.11724210151277 2.66687694077011 -0.00213478252552102 0.0326905568335002 -0.00120087876587698
1636512986.44723 0.112190823883096 0.054397610171436 1.65928464250225 2.66636281985896 -0.00292453699637365 0.0616480613597225 -0.00275056564847226
1636512986.94748 0.183180586201564 0.077437715831404 2.31163787549747 2.66522831057812 -0.00720774434859845 0.0989537572064749 -0.00464154852364186
1636512987.44774 0.307298467384368 0.101060181025065 3.03263729675014 2.66302770000931 -0.00425580108840925 0.146768091291775 -0.00563681137467194
1636512987.94888 0.488254782613937 0.13561300952169 3.82803089994921 2.65867721698364 -0.00191533947162792 0.211363340644858 -0.00803832830647279
1636512988.4483 0.739103634913339 0.163650928201001 4.66015071445032 2.64938597919682 -0.00376578250015865 0.306127684235837 -0.0182450592086145
1636512988.9485 1.08297354650425 0.18117626037249 5.46335884975473 2.63283088036363 -0.0034747351736137 0.425497525726339 -0.0211808012969112
1636512989.44876 1.52718666355592 0.188120728371484 6.21879494697115 2.60562561805042 -0.00827120601017461 0.568198805745629 -0.0332284815094249
1636512989.94902 2.04915173106719 0.193069711411935 6.86889095913994 2.56193005825751 0.000715371289108731 0.740223671389338 -0.0434749385182195
1636512990.44928 2.6427308754279 0.199014558842133 7.43668855927712 2.50305428360102 0.00558788259640389 0.91926475095134 -0.0542921329172725
1636512990.94953 3.3245471649288 0.198877495827931 7.90241273885176 2.42874000519749 0.0118983329782313 1.10042409728109 -0.0587750973832316
1636512991.44979 4.0715847173443 0.203693885623432 8.20549925705736 2.3308282538056 0.0179790552646509 1.29484556599711 -0.0599887837403672
1636512991.95005 4.82879490099305 0.205091309989585 8.40771254036856 2.20713445877736 0.0115561174347819 1.49542455792203 -0.07373342332202
1636512992.45031 5.61622797647695 0.188222082145564 8.47050370640712 2.07124639394377 0.0186169847407124 1.67865965131532 -0.0707166714694277
1636512992.95056 6.40525861038455 0.164812337933019 8.42333572475482 1.93032050493255 0.0213988649111893 1.83864921542401 -0.0779819758778862
1636512993.45082 7.18660231956869 0.14204062807885 8.25375747677348 1.7741519307634 0.0260903108855319 1.9894338695499 -0.084642720051775
1636512993.95108 7.94076781674366 0.101413428309914 7.94859865238935 1.6122755601704 0.0345733171595137 2.12261224952653 -0.0848335493860493
1636512994.45134 8.65171904033986 0.0701203214498193 7.50322353635417 1.43942864790035 0.0363441526581737 2.24350607818515 -0.0819270189942019
1636512994.95177 9.30756058013701 0.0361587407920377 6.97267261634496 1.26167874321096 0.0299632301648287 2.34800664392759 -0.0862614801823837
1636512995.45203 9.88803040135268 -0.0140252880302081 6.37811667178533 1.09006925863721 0.0358888586738178 2.43220237776089 -0.0903320758930605
1636512995.95229 10.4102186135398 -0.036400174144499 5.69574029687678 0.930528368227112 0.0358091653722626 2.49710749131237 -0.102937483723031
1636512996.45257 10.8703461580591 -0.0686342755324411 4.93823435420847 0.788350819059421 0.0344392794344102 2.54549867351498 -0.105169930957043
1636512996.95281 11.2445111990392 -0.113041817620001 4.13647056837972 0.656010180218333 0.0368326920586069 2.58268969585954 -0.106373024166061
1636512997.45306 11.6172816664839 -0.139939383252969 3.33432551532939 0.535614055366645 0.0379302995612905 2.60997320116621 -0.114131741363933
1636512997.95332 11.8847093324235 -0.183384090279687 2.48358296593329 0.45365835627511 0.0478979242572537 2.62509055733566 -0.118771796081444
1636512998.45357 12.1556775592615 -0.228826778904845 1.60297281456284 0.401411232221627 0.0474702261140562 2.6338288471536 -0.113439381628255
1636512998.95383 12.4233870602166 -0.282135089291331 0.690679628037227 0.383687232415443 0.0482150579869794 2.63684619993762 -0.103965488807153
1636512999.45409 12.6739934056925 -0.336889194903154 -0.236351568126572 0.377137775602138 0.0524478237067311 2.63797967286017 -0.0968858023783548
1636513000.0544 12.9803813626314 -0.394716320144077 -1.35345550696909 0.374032021760218 0.0503767894639726 2.6384421716995 -0.0974290588199697
1636513000.55466 13.229197928258 -0.437070451008412 -2.29063957761256 0.376742445158948 0.050199711413647 2.63791356898062 -0.101313428040148
1636513001.05493 13.4953165348712 -0.482432396298207 -3.2275953884178 0.385686751887653 0.0480598867323413 2.63666705979877 -0.101143865861477
1636513001.65522 13.8343265963319 -0.535281007060443 -4.3444046144387 0.411663035329624 0.0503609701970028 2.63273518004808 -0.100050381732877
1636513002.15548 14.1837740973026 -0.581091300539183 -5.22993669601518 0.472261381813699 0.0544351112017209 2.62239469363293 -0.101780969957057
1636513002.65574 14.624825291554 -0.625176927000739 -6.05788508092113 0.572464209127892 0.0556167348602438 2.60237753311104 -0.10064776377867
1636513003.156 15.1699055734037 -0.665561236812422 -6.80076747524047 0.726448493259412 0.0554922181415295 2.56369875124207 -0.0997456884801186
1636513003.65625 15.8218367148253 -0.683383354312444 -7.43440858757204 0.924212753526453 0.0590593900807798 2.49917794469518 -0.0987910144456697
1636513004.15651 16.554735374846 -0.719782069137925 -7.88424149332508 1.13874596284971 0.0541249525220887 2.40922829845991 -0.096199878542656
1636513004.65706 17.3330473924391 -0.744073631599521 -8.1803182118597 1.36014380666828 0.0497229126198446 2.29188898119068 -0.0899368898891109
1636513005.15702 18.0767313222931 -0.767297153884678 -8.32267666157922 1.569726705284 0.0431508564544496 2.15386401218443 -0.0909570252698832
1636513005.65728 18.8673697058621 -0.784662118436521 -8.31256140631565 1.75964784053256 0.035459399012229 2.00212162917442 -0.0848432640016711
1636513006.15755 19.605604630468 -0.798216665362224 -8.17081073817576 1.93373665219501 0.0293546393991195 1.83490511770303 -0.0789389843757247
1636513006.6578 20.3123862810673 -0.805959938418651 -7.91476407698962 2.09121879004905 0.0287613167450202 1.65360977813631 -0.0697047314071884
1636513007.15806 20.9660816021469 -0.807212136963083 -7.5520259970006 2.23257979316356 0.027430057364822 1.4575659244911 -0.0603649235631592
1636513007.65832 21.5161790201757 -0.799496633226741 -7.05228922827498 2.35417696985164 0.0226565375419475 1.25202632801564 -0.0554512308798395
1636513008.15859 22.0094251911312 -0.794785393197629 -6.46406176663423 2.45403780666864 0.0165003272042627 1.04347319499077 -0.0435564358339361
1636513008.65883 22.4056079385077 -0.782942357028402 -5.80748944600457 2.5308120895419 0.013080927656666 0.840427174755413 -0.0425265777661447
1636513009.15909 22.7435725903174 -0.761726609075608 -5.08664921037247 2.58208258546012 0.00786832054807302 0.6666114953183 -0.0415212575499024
1636513009.65934 23.0137425120763 -0.737130461041796 -4.31140629792579 2.61651887493787 0.0040537330195813 0.515751120209802 -0.0334755951171946
1636513010.15961 23.2109196691944 -0.70803441265318 -3.4998793267022 2.6393635375213 -0.000690372222211804 0.382326506428306 -0.029889325774
1636513010.65987 23.3577398773278 -0.677716248318078 -2.63963863301558 2.65352244798785 -0.0068453660592417 0.26716785006316 -0.0264648446886795
1636513011.16031 23.4541733209289 -0.643372318208416 -1.75185582902688 2.66148456565803 -0.00952906330965094 0.170727481481489 -0.0238436554918206
1636513011.66038 23.5050610321426 -0.612275975460428 -0.869353706829907 2.66559154906673 -0.00995308369665773 0.0870896189532795 -0.0156626007807945
1636513012.16081 23.4774450443112 -0.573490537491005 0.0107080206259774 2.66702251500629 -0.00913534608994142 0.00036280159529259 -0.0146494846336876
1636513012.66106 23.410430901252 -0.525501361105111 0.904247381266377 2.66563400023315 -0.0132049736833167 -0.0864640284187713 -0.00722954938670127
1636513013.1617 23.2587903179363 -0.48401874053143 1.76408099770261 2.66034509219667 -0.0176535552436521 -0.188568875098315 0.00118780476349844
1636513013.66159 23.010872909542 -0.451852579286269 2.56212193979219 2.64802008091943 -0.0210249674232474 -0.317455452715241 0.00877077290550416
1636513014.16184 22.6800871012832 -0.410028953927354 3.32466232722457 2.62668614146973 -0.0191458210985888 -0.461754258413934 0.0156091545448855
1636513014.6621 22.2399185733878 -0.370888997981886 4.0309337697484 2.5930864121961 -0.0224527869759852 -0.623031183114191 0.0231983885646976
1636513015.16235 21.6987925729004 -0.343751120648082 4.63577065271529 2.5403337009699 -0.0289951625275492 -0.811433067816888 0.0273428938393159
1636513015.66417 21.0769029612176 -0.309133791936464 5.13006287027543 2.46932182845058 -0.0339830279869749 -1.00676093686699 0.032164677344961
1636513016.16287 20.399110641252 -0.282794747057918 5.5048500527805 2.37637348044846 -0.0442067367999471 -1.20925963995709 0.0435115862418774
1636513016.66313 19.6709893044911 -0.255865743400889 5.73317041530903 2.25864851698498 -0.0475273126808245 -1.41681384546371 0.0468385279111174
1636513017.16339 18.916583426984 -0.231695638659948 5.84105604658087 2.1215042311893 -0.0555288397475345 -1.61443703275509 0.0551062736429286
1636513017.7637 18.0012613672323 -0.216221481271294 5.78023625789694 1.93586328831229 -0.0559908031490393 -1.83274584390568 0.0604013219854343
1636513018.26395 17.2512365636091 -0.201597246283456 5.57760137808322 1.76313474720418 -0.0567633938271036 -1.99926096357211 0.066307382566836
1636513018.7642 16.5623854675628 -0.195666649124188 5.26917426466468 1.57747490312257 -0.0584918220132074 -2.14846083726723 0.0746656321790462
1636513019.26446 15.9197973651221 -0.191199433987891 4.84045109910608 1.39300182665564 -0.0610978246924516 -2.27212978630829 0.0809103828085439
1636513019.86478 15.1979861870162 -0.193253813257244 4.20505907801407 1.1747696695446 -0.0665555384724588 -2.3917394787452 0.0915212475440751
1636513020.46509 14.5951945478334 -0.211507446843913 3.45863321093367 0.968982932187137 -0.0664398573645174 -2.48178629659872 0.103449937756693
1636513021.0654 14.1060935918748 -0.233879052212849 2.62320648513266 0.777644504376504 -0.0621105504849181 -2.54804097418193 0.110479805146312
1636513021.56565 13.7248738180974 -0.256377063274953 1.8684480390908 0.657942555029072 -0.0579836847810913 -2.58174371360004 0.107963757767929
1636513022.16644 13.3148173949978 -0.295077201450784 0.910681140532252 0.550590373200821 -0.0587423782906973 -2.60695364361046 0.102467375886937
1636513022.66622 13.0048926060441 -0.326596632101702 0.0662174614987473 0.486664954179715 -0.0572748903231454 -2.61993551748604 0.0955090710381064
1636513023.26652 12.6475605847142 -0.362051051385817 -0.966367901508036 0.434673959918013 -0.0552144964084523 -2.62910263064304 0.0955853264109665
1636513023.86684 12.2724490541016 -0.395516074555494 -2.01561203724279 0.433898264798439 -0.0548145051198379 -2.62922027967088 0.0961024241338559
1636513024.46715 11.8749639129411 -0.425101500275979 -3.05365728532576 0.465335864767197 -0.0515191743983461 -2.62374020239959 0.100513417345807
1636513025.06746 11.4105364144144 -0.452035928410707 -4.07469922757189 0.532576415896678 -0.0487043862070599 -2.61101973654401 0.0993653284408157
1636513025.66776 10.8797889782116 -0.477240676785763 -5.05970313054166 0.612519715433896 -0.0492353731500464 -2.59344997304866 0.0985900738064059
1636513026.16803 10.3819726360045 -0.505654499420051 -5.85859073369762 0.6778367212389 -0.0496172833644734 -2.57720496078332 0.0969401040290187
1636513026.76833 9.72113610876307 -0.529297905067885 -6.77655597634489 0.757079244415135 -0.0510719452528333 -2.55504040673633 0.0964286427998719
1636513027.36867 8.97817912567107 -0.539685286073056 -7.60459337186031 0.871373167828999 -0.0446878904041935 -2.51869373269493 0.0905591786944964
1636513027.86891 8.29937446164574 -0.551368891781792 -8.19174982061329 1.00645606918612 -0.0460368087909275 -2.46796559172433 0.0859064620574206
1636513028.46921 7.41158054548317 -0.559333240142045 -8.75227441014986 1.19328095023598 -0.0472183900727444 -2.38343998404279 0.0798256163936981
1636513029.06952 6.4363892505179 -0.546759431370915 -9.11523611912341 1.40689033282502 -0.0475249798483348 -2.26425356987651 0.0697425846887211
1636513029.66982 5.42541781693681 -0.532487076347087 -9.23423256530044 1.63788692750581 -0.0522187626126451 -2.10334425903221 0.062047003607752
1636513030.27013 4.45516357111271 -0.502581941785747 -9.15543006997246 1.84900223075287 -0.0497607280344487 -1.92046314868316 0.0619935826519032
1636513030.7704 3.7175771838819 -0.466981447897745 -8.95948013070065 2.00643745462983 -0.0392009641825873 -1.75574874633372 0.0576684830473827
1636513031.37071 2.90832416007956 -0.420600329353582 -8.57693512236435 2.17426174552911 -0.0273814011530907 -1.54343978913861 0.0541943468182359
1636513031.97101 2.16402570765696 -0.380590559846826 -8.02858069891921 2.31969928184896 -0.0235625493338929 -1.31539249310208 0.0385995631150415
1636513032.47127 1.64934326128908 -0.345059139975584 -7.45754723082997 2.42252762337492 -0.0228299042961679 -1.11495403509623 0.0319921584389551
1636513033.07157 1.13755147656675 -0.305991810864495 -6.65545438602693 2.51731348454313 -0.0241639979726878 -0.880618389352209 0.0191693296094834
1636513033.57183 0.801887804209518 -0.269254072137042 -5.91624766040067 2.57269873654667 -0.0264318159768674 -0.702505216598357 0.0177842585204579
1636513034.17214 0.472782893299594 -0.219816463066913 -4.97067237973453 2.61638607923454 -0.0273713886434772 -0.516782101552956 0.00427084413738226
1636513034.67314 0.263378392460566 -0.175136806268994 -4.13231588346724 2.6379285857983 -0.0226820766716549 -0.392514799286402 0.00759743975818848
1636513035.17265 0.0752336355420669 -0.127814398466947 -3.28426363444371 2.64856848038084 -0.0168264554128316 -0.313221874322017 -0.00110530595535138
1636513035.77299 -0.087987611626998 -0.0838493104040698 -2.24556124480597 2.65618756747394 -0.00823782614179105 -0.240595049267958 0.00458868268120176
1636513036.27322 -0.182152991472019 -0.0434013149021078 -1.39398351759782 2.66014187741887 -0.00284043027062928 -0.192187933432529 0.00286554094031987
1636513036.77349 -0.246769826366935 -0.0137905520452443 -0.528071582108889 2.66355937424738 -0.00152979121549948 -0.136799828670369 -0.00649735308797672
1636513037.37379 -0.229953390536701 0.0212838616873047 0.462460809901064 2.66666825386411 -0.00497067847061196 -0.0464956711736179 0.00107604585344238
1636513037.87405 -0.202667428558929 0.0456588054336103 1.16271645714572 2.66698011656008 -0.00978992715244933 0.0206500654527614 -0.00144191539487744
1636513038.3743 -0.17412558156547 0.0582712063139448 1.54498412948727 2.66645546299511 -0.0101921672294609 0.0567094640281529 0.00164602673099738
1636513038.87457 -0.188676185010172 0.0499932222675698 1.57941943956295 2.66635567580408 -0.00538194458135455 0.0618494734656747 -0.000613624954270327
1636513039.47488 -0.185346395295308 0.0553990236877192 1.57882124057136 2.66638085435221 -0.00497718329732913 0.0607899999291212 0.000481894889878191
