1636512983.44567 0.00118620475597646 4.89575589948448e-05 0.000992766892925008 2.67224812722469 -2.93240802735536e-05 -4.55302216473141e-05 -0.000163306431051511
1636512983.94593 0.000650179686944611 0.000439322193647611 0.0113562932767193 2.6722473802254 0.00184763942636504 -9.56857050929576e-05 -0.000773956764081985
1636512984.44618 0.00291905791292644 0.00597245829496905 0.113614412021909 2.67224685513996 0.00260844757967666 -4.06184817932486e-06 0.00015568268998538
1636512984.94644 0.0116870551992275 0.0129593392097057 0.340699474094772 2.67224703785483 0.000742279377715566 0.00195073892924724 0.00122285436607966
1636512985.44734 0.0310326830053084 0.0221378615676474 0.677127292253346 2.67221554720816 -0.0022168859805149 0.0129289850505838 0.00144190113054981
1636512985.94697 0.0609991377936138 0.0371579508293025 1.1194077006424 2.67204626474557 -0.00213892046766708 0.0327539223666552 -0.00120320648160363
1636512986.44723 0.112408288253821 0.0545030514335236 1.6625009063476 2.67153114729142 -0.00293020575408098 0.0617675564878087 -0.00275589718992262
1636512986.94748 0.18353565312708 0.0775878167359237 2.3161186240876 2.67039443894172 -0.00722171543406573 0.0991455635931024 -0.00465054543973488
1636512987.44774 0.307894117416354 0.101256070384919 3.03851558998794 2.66818956283339 -0.00426405029341185 0.147052578289112 -0.00564773745218934
1636512987.94888 0.489201188169932 0.135875874137146 3.83545093932463 2.66383064707659 -0.00191905205772459 0.211773035433404 -0.0080539093490781
1636512988.4483 0.740536271748544 0.163968139938005 4.66918368798171 2.65452139967804 -0.0037730818807438 0.306721064887745 -0.0182804244032205
1636512988.9485 1.08507272139798 0.18152744222577 5.47394871667241 2.6379342113742 -0.00348147040446246 0.426322286152143 -0.0212218569685434
1636512989.44876 1.530146876123 0.188485370990191 6.23084910864858 2.61067621591362 -0.00828723844979742 0.569300170290977 -0.033292889725458
1636512989.94902 2.05312369130683 0.193443946860477 6.8822052302925 2.56689595910998 0.000716757924502218 0.741658479240131 -0.0435592078890998
1636512990.44928 2.647853396031 0.199400317447924 7.45110341730068 2.50790606296973 0.00559871383313479 0.921046601941253 -0.0543973697281945
1636512990.94953 3.33099127980508 0.199262988758499 7.91773033038005 2.43344773795677 0.0119213960363695 1.10255709733906 -0.058889023719846
1636512991.44979 4.07947684771437 0.204088714372562 8.22140433441271 2.3353461999436 0.0180139048522022 1.2973554216738 -0.0601050626182214
1636512991.95005 4.83815476491203 0.205488847427358 8.42400957655695 2.21141264383359 0.0115785171615956 1.49832320461344 -0.0738763440346874
1636512992.45031 5.62711415629523 0.188586921222715 8.48692245345329 2.07526118123283 0.0186530708548108 1.68191347058591 -0.0708537446803071
1636512992.95056 6.41767420271935 0.165131800881198 8.43966304404341 1.93406212941995 0.0214403432650428 1.84221314944978 -0.0781331317454093
1636512993.45082 7.20053242451831 0.142315951627902 8.26975609514243 1.7775908468872 0.026140882873885 1.99329007605206 -0.0848067867304518
1636512993.95108 7.95615975359351 0.101610002384398 7.96400576808973 1.61540070425966 0.0346403321291854 2.12672660149543 -0.0849979859575538
1636512994.45134 8.6684890449773 0.0702562387294269 7.51776736202786 1.44221875527531 0.0364146001155841 2.2478547639388 -0.0820858217109866
1636512994.95177 9.32560183105655 0.0362288288575354 6.98618805201343 1.26412431018741 0.0300213092016622 2.35255788768896 -0.0864286845744757
1636512995.45203 9.90719680226244 -0.0140524738581588 6.39047965371589 1.09218218745947 0.0359584236150261 2.43691682178803 -0.0905071704984877
1636512995.95229 10.4303971946532 -0.0364707301908015 5.70678059889617 0.932332051978014 0.0358785758404662 2.50194774375402 -0.103137011940643
1636512996.45257 10.8914166244753 -0.0687673123443856 4.94780634939632 0.789878913861149 0.034506034592909 2.55043272469723 -0.105373786424569
1636512996.95281 11.2663069258855 -0.11326093150903 4.14448846982692 0.657281753383523 0.0369040864732604 2.58769583602368 -0.106579211641665
1636512997.45306 11.6397999505975 -0.140210633867462 3.34078858400904 0.536652259468106 0.0380038215164738 2.61503222613952 -0.114352967899726
1636512997.95332 11.9077459832544 -0.183739551666041 2.4883970031971 0.454537702067902 0.0479907668944421 2.63017888494026 -0.11900201663782
1636512998.45357 12.1792394396334 -0.229270323837997 1.60607992673425 0.402189305133436 0.0475622397252658 2.63893411256676 -0.113659266132953
1636512998.95383 12.4474678535989 -0.282681964049253 0.692018402506342 0.384430950124829 0.048308515338318 2.64195731401737 -0.104167009651889
1636512999.45409 12.6985599602925 -0.337542201933836 -0.236809698687108 0.377868798213518 0.0525494856126118 2.64309298399997 -0.097073600357879
1636513000.0544 13.0055418023812 -0.395481416015593 -1.35607896885251 0.37475702435337 0.0504744369937861 2.64355637932098 -0.0976179098171662
1636513000.55466 13.2548406600171 -0.437917643740414 -2.29507962428538 0.377472701484075 0.0502970157053467 2.64302675198838 -0.101509808279745
1636513001.05493 13.5214750959408 -0.483367516068677 -3.23385157743401 0.386434345352904 0.0481530433084643 2.64177782664337 -0.101339917431302
1636513001.65522 13.8611422754003 -0.536318565599836 -4.35282556352308 0.412460979758858 0.0504585870636407 2.63783832555855 -0.100244313754688
1636513002.15548 14.2112671257145 -0.582217655169908 -5.24007411058409 0.473176786662859 0.0545406251536922 2.62747779572725 -0.101978256453558
1636513002.65574 14.6531732287463 -0.626388734725439 -6.06962734398196 0.573573841490787 0.0557245392049268 2.60742183506943 -0.100842853732175
1636513003.156 15.1993100634975 -0.666851323207484 -6.8139496996708 0.727856600081191 0.0555997811300219 2.56866808042935 -0.0999390299016992
1636513003.65625 15.8525048715053 -0.684707986095738 -7.44881902622693 0.926004195445723 0.0591738674743384 2.50402221038699 -0.0989825053809007
1636513004.15651 16.5868241409875 -0.72117725413886 -7.89952386273505 1.14095324385234 0.0542298652799538 2.41389821082639 -0.0963863469660709
1636513004.65706 17.3666447947353 -0.745515901996229 -8.19617447969606 1.36278023277493 0.0498192927116314 2.29633144963699 -0.0901112184882581
1636513005.15702 18.1117702396101 -0.768784439448268 -8.33880886901219 1.57276937507071 0.0432344976429205 2.15803894080894 -0.0911333312419647
1636513005.65728 18.903941152067 -0.786183063268831 -8.32867400690785 1.7630586427452 0.0355281315130307 2.00600242891484 -0.0850077194034391
1636513006.15755 19.643607029649 -0.799763883564455 -8.18664857726091 1.93748489834976 0.0294115387779086 1.83846179438077 -0.0790919952545897
1636513006.6578 20.3517586659705 -0.807522165745018 -7.93010560965573 2.09527229070522 0.0288170660606121 1.65681504214437 -0.069839843130477
1636513007.15806 21.0067210732228 -0.808776791480543 -7.56666441861383 2.23690730002205 0.0274832262422518 1.46039118814091 -0.0604819315292493
1636513007.65832 21.5578847690871 -0.801046332446551 -7.06595898829738 2.35874017382506 0.0227004536975548 1.25445318529442 -0.0555587144209335
1636513008.15859 22.0520870206245 -0.796325960415258 -6.47659133969338 2.45879457526068 0.0165323105086725 1.04549580462909 -0.0436408631746206
1636513008.65883 22.4490377063124 -0.784459968372112 -5.81874635627723 2.53571767307741 0.0131062829896861 0.842056211430363 -0.0426090088879862
1636513009.15909 22.7876574497579 -0.763203097009057 -5.09650888455389 2.58708754883566 0.00788357205721991 0.667903617475264 -0.0416017400156895
1636513009.65934 23.0583510536682 -0.738559273187963 -4.31976328493299 2.62159058767635 0.00406159054722643 0.516750823117091 -0.0335404823243194
1636513010.15961 23.2559104078761 -0.709406826658801 -3.50666329556036 2.64447953106637 -0.000691710400822791 0.383067586583119 -0.029947261558727
1636513010.65987 23.4030152040272 -0.679029895302471 -2.64475515979025 2.65866588636707 -0.00685863473105399 0.267685713168012 -0.0265161426522505
1636513011.16031 23.499635568781 -0.644619394854068 -1.75525152764353 2.66664343735745 -0.00954753390897902 0.171058410010587 -0.0238898726899644
1636513011.66038 23.5506219178665 -0.61346277670767 -0.871038813064533 2.67075838151135 -0.00997237619320917 0.0872584285628969 -0.0156929602835134
1636513012.16081 23.5229524007605 -0.574602159230963 0.0107287764497297 2.67219212115464 -0.00915305352999796 0.000363504829459946 -0.0146778803691591
1636513012.66106 23.4558083612628 -0.526519963329897 0.906000123433167 2.67080091496271 -0.0132305694601645 -0.0866316254189505 -0.00724356273782562
1636513013.1617 23.3038738463859 -0.484956935182166 1.7675003928973 2.66550175520495 -0.0176877739003056 -0.188934386379382 0.00119010713731564
1636513013.66159 23.055475888858 -0.452728424862707 2.56708821257701 2.65315285382039 -0.0210657210352806 -0.318070790475215 0.00878777367744478
1636513014.16184 22.7240489040293 -0.410823730945284 3.33110666532496 2.6317775618647 -0.0191829322792818 -0.462649296847204 0.0156394104504325
1636513014.6621 22.2830271782642 -0.371607908314865 4.03874710461245 2.59811270476929 -0.0224963081929775 -0.62423883164986 0.0232433550137925
1636513015.16235 21.7408522896316 -0.344417428448937 4.64475636930891 2.54525774066043 -0.029051365116628 -0.813005903948853 0.0273958937638798
1636513015.66417 21.1177572421708 -0.309732999458135 5.14000669504872 2.47410822272914 -0.0340488987733791 -1.00871238553301 0.0322270235429502
1636513016.16287 20.4386511277678 -0.283342900459281 5.51552034390798 2.38097970888718 -0.0442924246473777 -1.21160360069777 0.04359592664864
1636513016.66313 19.7091184416395 -0.256361699139094 5.74428326976069 2.26302655398868 -0.0476194369454182 -1.41956011758004 0.0469293170741285
1636513017.16339 18.9532502662925 -0.232144744429181 5.8523780204605 2.1256164354379 -0.0556364737212842 -1.61756636652101 0.0552130885383539
1636513017.7637 18.0361539978414 -0.21664059280586 5.79144034212556 1.93961565661864 -0.0560993325666134 -1.83629833516877 0.0605184005041749
1636513018.26395 17.284675388405 -0.201988011025042 5.5884126862799 1.76655230824022 -0.0568734207909103 -2.00313621835954 0.0664359090605834
1636513018.7642 16.5944890622129 -0.196045918330447 5.2793877351255 1.58053259157933 -0.0586051992648079 -2.15262529268196 0.0748103598328294
1636513019.26446 15.9506554032063 -0.191570044196071 4.84983355674262 1.39570194289659 -0.0612162532727894 -2.27653395464473 0.0810672149350369
1636513019.86478 15.2274451069889 -0.193628405558428 4.21320992756318 1.17704677687024 -0.0666845459776293 -2.3963754917691 0.0916986471728172
1636513020.46509 14.6234850504618 -0.211917420959796 3.46533723064538 0.970861154097789 -0.0665686406399472 -2.48659685129994 0.103650459286326
1636513021.0654 14.1334360487725 -0.234332390187871 2.62829116075787 0.779151846661183 -0.062230942075862 -2.55297995321652 0.110693952974739
1636513021.56565 13.7514773400685 -0.256874010126788 1.87206973347712 0.659217873800701 -0.0580960770881162 -2.58674802012547 0.108173028631904
1636513022.16644 13.3406260867063 -0.295649162469589 0.912446353535441 0.551657606552812 -0.0588562412064665 -2.61200681564356 0.102665992874012
1636513022.66622 13.0301005570069 -0.327229688608667 0.0663458136945636 0.487608278101865 -0.0573859087429356 -2.6250138528519 0.0956942004391836
1636513023.26652 12.6720759034236 -0.362752830741159 -0.968241054590585 0.435516507426735 -0.0553215210767877 -2.63419873502444 0.0957706036211612
1636513023.86684 12.2962372777587 -0.396282720625893 -2.01951898602999 0.434739308743454 -0.0549207544676002 -2.63431661209654 0.0962887036571366
1636513024.46715 11.8979816738 -0.425925493068367 -3.05957632252487 0.466237845584388 -0.0516190362627396 -2.62882591255227 0.100708246889757
1636513025.06746 11.4326539551821 -0.452912129380756 -4.08259739493308 0.533608732008971 -0.0487987920446452 -2.61608079006252 0.0995579325939306
1636513025.66776 10.9008777480582 -0.478165733219699 -5.06951057396043 0.613706989132967 -0.0493308082227993 -2.59847697032772 0.0987811752496254
1636513026.16803 10.4020964667068 -0.506634631606577 -5.86994669582663 0.679150601741213 -0.0497134587104641 -2.58220046964606 0.0971280072638024
1636513026.76833 9.73997901118107 -0.530323866299542 -6.78969127057014 0.75854672415882 -0.0511709402334538 -2.55999295307654 0.0966155546470315
1636513027.36867 8.9955819221409 -0.540731381618693 -7.61933368711064 0.873062188473023 -0.0447745108926561 -2.52357582669043 0.090734713503196
1636513027.86891 8.31546150140751 -0.552437634170328 -8.20762824683585 1.0084069269138 -0.0461260439467754 -2.47274935715005 0.0860729783023854
1636513028.46921 7.4259467355477 -0.560417420174628 -8.76923932564953 1.19559393878495 -0.0473099155391633 -2.38805990979386 0.0799803458701024
1636513029.06952 6.44886518473123 -0.547819239041148 -9.13290457914578 1.40961736976367 -0.0476170995910974 -2.26864247139887 0.0698777697846775
1636513029.66982 5.43593414109457 -0.533519219288631 -9.25213168132827 1.64106171522624 -0.0523199805194093 -2.10742126301415 0.0621672720230102
1636513030.27013 4.4637992091171 -0.503556118299702 -9.1731764396841 1.85258623248013 -0.0498571814255042 -1.9241856662267 0.0621137475189911
1636513030.7704 3.72478312599849 -0.467886618420542 -8.97684668209238 2.01032661992311 -0.0392769491224667 -1.75915199076189 0.0577802643851295
1636513031.37071 2.91396149173865 -0.421415597329909 -8.59356017006948 2.17847621197046 -0.0274344757180616 -1.5464315058484 0.0542993940860942
1636513031.97101 2.16822033313933 -0.381328275140612 -8.04414284731136 2.32419565621487 -0.0236082216517013 -1.31794217578439 0.0386743823329823
1636513032.47127 1.65254025532132 -0.345727983167393 -7.47200252012702 2.42722331440336 -0.0228741564961219 -1.11711519916685 0.0320541702360189
1636513033.07157 1.13975644224449 -0.306584928147117 -6.66835494375395 2.52219290314339 -0.0242108361046441 -0.882325330412638 0.0192064863577491
1636513033.57183 0.803442138340411 -0.269775979057196 -5.92771538146726 2.57768551079828 -0.0264830499194447 -0.703866913121932 0.0178187305249776
1636513034.17214 0.473699309017229 -0.220242542911604 -4.98030725096309 2.62145753456931 -0.0274244438007637 -0.517783802856382 0.00427912250098326
1636513034.67314 0.263888910294348 -0.17547628158478 -4.14032573170734 2.64304179791381 -0.0227260423308721 -0.39327562785395 0.0076121662072772
1636513035.17265 0.0753794641815602 -0.12806214669421 -3.29062966599459 2.65370231626842 -0.0168590708657825 -0.313829005952209 -0.00110744841812792
1636513035.77299 -0.0881581618550095 -0.0840118391821965 -2.24991391417878 2.66133617177058 -0.00825379387975804 -0.241061405153205 0.00459757712512495
1636513036.27322 -0.18250606656582 -0.0434854415651196 -1.39668553669317 2.66529814652707 -0.00284593600059909 -0.192560459692328 0.00287109534339674
1636513036.77349 -0.247248151092143 -0.0138172828741898 -0.529095166305229 2.66872226763885 -0.00153275647658327 -0.137064993749182 -0.00650994719105709
1636513037.37379 -0.230399119230353 0.0213251171253899 0.46335721787392 2.67183717333263 -0.00498031335364672 -0.0465857957624501 0.00107813160008628
1636513037.87405 -0.203060267681529 0.0457473078890519 1.16497020120369 2.67214964052568 -0.00980890339554983 0.0206900923759418 -0.0014447103224226
1636513038.3743 -0.174463096780276 0.0583841559365062 1.54797883965937 2.67162397000181 -0.0102119231520592 0.0568193864574764 0.00164921729645419
1636513038.87457 -0.189041904294726 0.050090126312345 1.58248089719957 2.67152398938891 -0.0053923766394423 0.0619693589996369 -0.000614814370302075
1636513039.47488 -0.185705660303122 0.0555064060333341 1.58188153869276 2.67154921674172 -0.00498683078895344 0.0609078318392847 0.000482828967776506
