1636512983.44567 0.00118553665667872 4.89299849098322e-05 0.00099220774252484 0.999999997927303 -1.09735618912113e-05 -1.70381713767837e-05 -6.11120011832999e-05
1636512983.94593 0.000649813489970551 0.000439074756729507 0.0113498971368245 0.999999718387657 0.000691417613398925 -3.58071931718429e-05 -0.000289627581583007
1636512984.44618 0.00291741382868898 0.00596909446155617 0.113550421628596 0.999999521891893 0.000976124764648702 -1.52001160727704e-06 5.82590696113178e-05
1636512984.94644 0.0116804727661931 0.012952040195449 0.340507583885062 0.999999590266858 0.00027777337314404 0.000729999173852886 0.000457612581364243
1636512985.44734 0.0310152046453385 0.0221253929869134 0.676745917734185 0.999987805939541 -0.000829595857261335 0.00483824271109643 0.000539583548724832
1636512985.94697 0.0609647815992743 0.0371370225698856 1.11877722306682 0.999924457607283 -0.000800419856765007 0.0122570662376264 -0.000450260013975332
1636512986.44723 0.112344977178676 0.0544723539926272 1.66156454550228 0.999731692029927 -0.0010965320615832 0.0231144539799652 -0.00103130287795268
1636512986.94748 0.183432281394378 0.0775441173951366 2.31481412988586 0.99930631673047 -0.00270248684825444 0.03710193016042 -0.00174031198028216
1636512987.44774 0.307720703979434 0.101199040509448 3.03680422428853 0.998481215168495 -0.00159567902438845 0.0550295372971372 -0.00211347793004119
1636512987.94888 0.488925658191971 0.135799345548271 3.83329072030159 0.996850035899114 -0.000718141415909621 0.0792490161512072 -0.00301390774693865
1636512988.4483 0.740119183753731 0.163875789103469 4.66655389044697 0.993366359632523 -0.00141195042274833 0.11478015874617 -0.00684084093055991
1636512988.9485 1.08446158211573 0.181425201566169 5.47086565594865 0.987159156004809 -0.00130282452507962 0.159536938551911 -0.00794157425291086
1636512989.44876 1.52928506027862 0.1883792114563 6.22733974326048 0.97695875764869 -0.00310122340369168 0.213041657064326 -0.0124587568486871
1636512989.94902 2.0519673222319 0.193334994536354 6.87832900533377 0.960575452420832 0.000268222817976486 0.27754102253714 -0.0163005850224148
1636512990.44928 2.6463620607573 0.199288010351375 7.44690677508067 0.938500445456845 0.00209513247085516 0.344671062035235 -0.0203564066754312
1636512990.94953 3.32911518470125 0.1991507590088 7.9132708725615 0.910636893378708 0.00446118602917357 0.412595328937089 -0.0220372588150888
1636512991.44979 4.07717918737927 0.203973766657117 8.21677384002748 0.87392565507326 0.00674110485150697 0.485492123941411 -0.0224923209343082
1636512991.95005 4.83542979876726 0.205373111123007 8.41926496998383 0.827547643020224 0.00433287501247943 0.560697633667717 -0.0276457650503771
1636512992.45031 5.62394482907985 0.18848070449327 8.48214241282153 0.776597485760703 0.00698029147297826 0.629400185545866 -0.0265146577563645
1636512992.95056 6.4140596129056 0.165038794644586 8.43490962105762 0.723758436092488 0.00802333548377136 0.689387009710318 -0.0292387262947058
1636512993.45082 7.19647690996067 0.142235795831138 8.26509836787247 0.665204261944395 0.00978235611932186 0.745922525536856 -0.0317361197452687
1636512993.95108 7.95167865139144 0.101552773165838 7.95952024682195 0.604509994582398 0.0129629923600556 0.795856707848503 -0.0318076696978191
1636512994.45134 8.66360674163611 0.0702166687112486 7.5135331730568 0.539702409215969 0.0136269531519615 0.841184894613145 -0.0307178890704656
1636512994.95177 9.32034942585165 0.0362084239021549 6.98225326140673 0.473056485544305 0.0112344766317102 0.880366556849682 -0.0323430610783502
1636512995.45203 9.90161682865937 -0.0140445591639469 6.38688038053191 0.408712863924808 0.0134562442664486 0.911935082640677 -0.0338692988083002
1636512995.95229 10.4245225418954 -0.0364501889907213 5.70356640160748 0.348894266421981 0.0134263638920997 0.936270742629983 -0.0385955969717475
1636512996.45257 10.8852823143896 -0.068728580925671 4.94501962481885 0.295585916658237 0.012912735973072 0.954414634414861 -0.0394326354400324
1636512996.95281 11.2599614684866 -0.113197140204517 4.14215419336896 0.245965838772542 0.0138101271438056 0.968359114670859 -0.0398837257419833
1636512997.45306 11.6332441328656 -0.140131663836739 3.33890697082579 0.200824262121623 0.0142216664128315 0.978588849619752 -0.0427927955108981
1636512997.95332 11.9010392518162 -0.183636065092735 2.4869954776325 0.170095619675053 0.0179589486118616 0.984256982984703 -0.0445325474003632
1636512998.45357 12.1723797964937 -0.229141193229156 1.60517534355351 0.15050597293056 0.0177985865691597 0.987533335775129 -0.0425332006932359
1636512998.95383 12.4404571377088 -0.282522750708795 0.691628640952605 0.143860499109892 0.0180778554004866 0.988664668383636 -0.0389810393633495
1636512999.45409 12.691407823236 -0.337352089976407 -0.236676321719435 0.141404831976719 0.0196648974952295 0.989089655108735 -0.0363265668212825
1636513000.0544 12.9982167657034 -0.395258671287098 -1.35531519227666 0.140240354089357 0.0188883795538811 0.989263065397748 -0.0365302565358017
1636513000.55466 13.2473752121743 -0.437670997898894 -2.29378697975877 0.141256605947637 0.0188219855366998 0.989064869980895 -0.037986670113142
1636513001.05493 13.5138594731147 -0.483095271756378 -3.23203019376732 0.144610203152535 0.0180196751634242 0.988597501202641 -0.0379230941127099
1636513001.65522 13.8533353437779 -0.536016497971766 -4.35037394655937 0.154349805581984 0.0188824482446022 0.987123273926916 -0.0375131008702483
1636513002.15548 14.2032629952818 -0.581889736061008 -5.23712277371264 0.177070677255384 0.0204100152545677 0.983246190169508 -0.038161971264285
1636513002.65574 14.644920206075 -0.626035937392874 -6.06620878260321 0.214640936392998 0.0208530557180333 0.975740913839843 -0.0377370845528068
1636513003.156 15.1907494433108 -0.666475736363401 -6.8101119178829 0.272376128233456 0.0208063691572401 0.96123860989399 -0.0373988585402618
1636513003.65625 15.8435763561552 -0.684322341945885 -7.44462367063139 0.346526276543082 0.0221438521179337 0.937047042782476 -0.0370409110468869
1636513004.15651 16.5774820392091 -0.720771069612444 -7.89507465924079 0.426963809933492 0.0202937237059169 0.903321132955607 -0.0360693850935148
1636513004.65706 17.356863479045 -0.745096009352846 -8.19155819537712 0.509975183841046 0.0186432135926358 0.859325682178431 -0.0337211269355706
1636513005.15702 18.1015692511914 -0.768351441400061 -8.33411224954466 0.588556637307576 0.0161790730107875 0.807574309567295 -0.034103618644022
1636513005.65728 18.8932939937711 -0.785740265893571 -8.32398309564054 0.659766067802233 0.0132952217563307 0.750679700855612 -0.0318113121162629
1636513006.15755 19.6325432735854 -0.799313437141713 -8.18203765816133 0.725039293542753 0.0110062903280966 0.687983189824352 -0.0295975490767013
1636513006.6578 20.3402960617244 -0.807067349669523 -7.92563918177964 0.784085978025712 0.0107838286824104 0.620007933331778 -0.0261352388179063
1636513007.15806 20.9948895782586 -0.808321268769396 -7.56240268963419 0.837088170292329 0.0102846834862714 0.546502837904756 -0.0226333515917562
1636513007.65832 21.5457428453573 -0.800595163717484 -7.06197926876399 0.882680071848647 0.00849488990907428 0.469437388659395 -0.0207910013070076
1636513008.15859 22.0396667501964 -0.795877450314243 -6.47294356631866 0.920122104348883 0.00618666743779362 0.391242037672568 -0.0163311417976332
1636513008.65883 22.4363938636275 -0.784018141485702 -5.81546909715752 0.948908015684584 0.00490459056889022 0.315111535155071 -0.0159450046444313
1636513009.15909 22.7748228882181 -0.762773242508325 -5.09363840710086 0.968131483418897 0.00295016467990465 0.249940718186437 -0.015568067764975
1636513009.65934 23.0453640309232 -0.738143298686704 -4.31733028944672 0.981043098331324 0.00151991519703158 0.193376811375186 -0.0125514101452975
1636513010.15961 23.2428121149097 -0.709007271522711 -3.50468825771518 0.989608524239713 -0.000258849615176818 0.14335030564208 -0.0112067667637427
1636513010.65987 23.3898340580707 -0.678647449191112 -2.64326556951837 0.994917295953971 -0.00256661596913954 0.100172476457562 -0.00992278461238154
1636513011.16031 23.4864000038909 -0.644256329571415 -1.75426292739802 0.99790262912441 -0.00357284706907275 0.0640129215222576 -0.00893999041371174
1636513011.66038 23.5373576362275 -0.613117259588265 -0.870548222872255 0.999442510134503 -0.00373183016612175 0.0326535651734782 -0.00587256852801496
1636513012.16081 23.5097037032649 -0.57427852935414 0.0107227337425364 0.999979039518028 -0.00342522590539992 0.000136029594334129 -0.00549270862581921
1636513012.66106 23.4425974809193 -0.526223414512355 0.905489842182674 0.999458426864258 -0.00495110064740969 -0.0324190049407433 -0.00271066247517023
1636513013.1617 23.2907485392473 -0.48468379567046 1.7665048937937 0.997475392544656 -0.00661906118800954 -0.0707024112255622 0.00044535801998481
1636513013.66159 23.0424904854756 -0.452473437229927 2.56564236621413 0.992854226855306 -0.00788314557207525 -0.119027416120332 0.00328853206770027
1636513014.16184 22.7112501683657 -0.410592345052791 3.3292305052332 0.984855234660822 -0.00717857449092653 -0.173131114275965 0.00585252928374557
1636513014.6621 22.2704768367364 -0.371398609725115 4.03647238425683 0.972257281393438 -0.0084184952426979 -0.233600624132279 0.00869805267288402
1636513015.16235 21.7286073141551 -0.344223444197131 4.64214032983269 0.952478068729454 -0.010871507312678 -0.304240423627165 0.0102520022104193
1636513015.66417 21.1058632089423 -0.309558550318235 5.13711171857349 0.925852727669639 -0.0127416680943353 -0.377477066281965 0.0120598918744957
1636513016.16287 20.4271395835791 -0.283183314863402 5.51241386903516 0.891002478285926 -0.0165749670116052 -0.453402356556169 0.0163143257971168
1636513016.66313 19.6980177879593 -0.256217310010405 5.74104795005789 0.846862432512362 -0.0178199907267494 -0.531223167555189 0.0175617363143585
1636513017.16339 18.9425753359071 -0.232013994876925 5.84908181917156 0.795441265119243 -0.0208201001393343 -0.60532042166617 0.0206616623139919
1636513017.7637 18.0259955983246 -0.216518575567953 5.78817846241551 0.725836658968052 -0.0209933096701613 -0.687173587158539 0.0226469988928726
1636513018.26395 17.274940239873 -0.201874246476688 5.58526515667138 0.661073455934413 -0.0212829864463581 -0.749607116869059 0.0248614296876241
1636513018.7642 16.5851426433649 -0.195935500512864 5.2764142558669 0.591461762925755 -0.0219310469511686 -0.805548431782743 0.0279952894028092
1636513019.26446 15.9416716070954 -0.191462147299392 4.84710201281894 0.522295039066321 -0.0229081470849355 -0.85191712802901 0.030336709357601
1636513019.86478 15.2188686404631 -0.193519349342691 4.21083694551293 0.440470614400999 -0.024954473785587 -0.896763838053815 0.0343151693319695
1636513020.46509 14.6152487488928 -0.211798063926864 3.46338546864259 0.36331250163277 -0.0249111000673079 -0.930526181611911 0.0387877375665476
1636513021.0654 14.1254757546906 -0.234200408500448 2.62681084340969 0.291571668479543 -0.0232878606267402 -0.955367849981956 0.0414235308531273
1636513021.56565 13.7437321743983 -0.25672933245212 1.87101533838389 0.246690367454381 -0.0217405249070329 -0.96800442608989 0.0404801587493444
1636513022.16644 13.3331123224299 -0.295482645688377 0.911932441611759 0.206439514276066 -0.0220249910496154 -0.977456690349488 0.0384193337494605
1636513022.66622 13.0227616882427 -0.32704538490894 0.0663084461226379 0.182471183017579 -0.0214747680199859 -0.982324141485053 0.0358103722726614
1636513023.26652 12.6649386828305 -0.362548519545936 -0.967695717737602 0.162977570116722 -0.0207022395856548 -0.985761278201488 0.0358389636227837
1636513023.86684 12.289311738598 -0.3960595245832 -2.01838154394038 0.162686729354686 -0.0205522660093713 -0.985805389775802 0.036032845332204
1636513024.46715 11.8912804418578 -0.425685601497055 -3.05785309490994 0.174474009306253 -0.0193167077674627 -0.98375067806062 0.0376867124182856
1636513025.06746 11.4262148071005 -0.452657038281135 -4.08029797703007 0.199685323180355 -0.0182613251540308 -0.978981239798698 0.0372562455459459
1636513025.66776 10.8947381092382 -0.477896418677703 -5.06665530261095 0.229659432299168 -0.0184604145168902 -0.972393595665291 0.0369655699403456
1636513026.16803 10.3962377536057 -0.50634928269031 -5.86664059943348 0.254149528037609 -0.0186036087371324 -0.966302656548486 0.0363469267965619
1636513026.76833 9.73449321869489 -0.530025175031558 -6.78586715171806 0.283860886591539 -0.0191490227296132 -0.957992231967312 0.036155158445978
1636513027.36867 8.99051539215551 -0.540426828585579 -7.61504229352114 0.326714490981855 -0.0167553717574698 -0.944364333442614 0.0339544492110336
1636513027.86891 8.31077803174385 -0.552126487891765 -8.20300551147737 0.377362758551535 -0.0172611380587157 -0.92534421741476 0.0322099498347763
1636513028.46921 7.4217642621812 -0.560101779486986 -8.76430027730591 0.447411272975069 -0.0177041626333699 -0.89365200802827 0.0299299847530971
1636513029.06952 6.44523302739967 -0.547510693954771 -9.1277607057083 0.527502424823828 -0.0178191160496219 -0.848964002849839 0.0261494316070172
1636513029.66982 5.43287249110207 -0.53321872832032 -9.24692065629421 0.614112774598205 -0.019579012846125 -0.788632326907008 0.0232640342267621
1636513030.27013 4.4612850891038 -0.503272503276819 -9.16800988415771 0.693268791085024 -0.0186573921838409 -0.720062498177084 0.0232440044610518
1636513030.7704 3.72268523777288 -0.467623093325389 -8.97179070424873 0.752297885542599 -0.0146980920824329 -0.658304133210376 0.0216223425050641
1636513031.37071 2.91232027792926 -0.421178245841293 -8.58872006848853 0.815222278672764 -0.0102664402237567 -0.578700565597997 0.0203197425494845
1636513031.97101 2.1669991388433 -0.381113501804434 -8.0396121908963 0.869752934886083 -0.00883459187874417 -0.493196032069623 0.0144726014993929
1636513032.47127 1.65160950455632 -0.345533260779374 -7.46779410702525 0.908307609852569 -0.00855989240507657 -0.418043214426951 0.0119952072724888
1636513033.07157 1.13911450376395 -0.306412252077356 -6.66459916446494 0.943846820293262 -0.00906010029824848 -0.330180913813643 0.007187388821519
1636513033.57183 0.802989620235339 -0.269624034680605 -5.9243767483488 0.964613083341411 -0.00991040075760395 -0.263398785648712 0.00666806734992482
1636513034.17214 0.473432510073707 -0.220118496968009 -4.97750222108933 0.980993307630597 -0.0102626861123122 -0.193763369691618 0.00160131929685665
1636513034.67314 0.263740281657713 -0.175377449085664 -4.13799379980448 0.989070500418147 -0.00850446560416167 -0.147170325626629 0.00284860006596963
1636513035.17265 0.0753370086385098 -0.127990018986204 -3.2887763035309 0.9930598449045 -0.00630894663526175 -0.117440069320085 -0.000414425743084971
1636513035.77299 -0.0881085090393983 -0.0839645216761109 -2.24864670807589 0.99591656146782 -0.00308870788552953 -0.0902092145552053 0.00172049034996254
1636513036.27322 -0.182403274721249 -0.0434609495094055 -1.39589888951313 0.997399198767821 -0.00106499690867256 -0.0720593485804759 0.00107441195605876
1636513036.77349 -0.247108894934823 -0.0138095006452462 -0.528797167070892 0.998680562227223 -0.00057358314064877 -0.0512920159129979 -0.00243613125264866
1636513037.37379 -0.23026935285656 0.0213131063020442 0.463096243847045 0.999846212099174 -0.00186371665586924 -0.0174331848870166 0.000403454898842551
1636513037.87405 -0.202945899212212 0.0457215418953478 1.16431406172238 0.9999631425553 -0.00367065590776787 0.0077425790375782 -0.000540634795365572
1636513038.3743 -0.174364834931423 0.0583512725633921 1.54710698042049 0.999766427842536 -0.00382147264950981 0.0212627658939433 0.000617164729664789
1636513038.87457 -0.188935431307775 0.0500619143379413 1.58158960556481 0.999729013422941 -0.00201791763771049 0.0231899718592197 -0.000230073832876544
1636513039.47488 -0.185601066369731 0.0554751434787841 1.58099058463126 0.999738453920813 -0.00186615558930016 0.022792730619779 0.000180682685060836
