1636512749.767580 3.2928396380275764 -0.004718406294328759 2.282466719692602 -0.32148 -0.0197962 -0.946391 0.0245369
1636512749.901648 3.2927490376029147 -0.004725837790913212 2.2825069081346294 -0.321471 -0.019797 -0.946394 0.0245606
1636512749.968718 3.2923894452365405 -0.004738921533896824 2.282546391519209 -0.321488 -0.019817 -0.946388 0.0245483
1636512750.035728 3.2923604614555217 -0.00473721864101225 2.282540310548561 -0.3215 -0.0198049 -0.946383 0.0245686
1636512750.102464 3.2923868940814356 -0.005234212699644004 2.282328078440991 -0.321439 -0.0196912 -0.946403 0.0246957
1636512750.169431 3.293081827537503 -0.0048696055635375265 2.282249062464746 -0.321187 -0.0196471 -0.94648 0.0250659
1636512750.303570 3.2946520380560176 -0.00458409916458785 2.279925336655078 -0.320761 -0.0196776 -0.94661 0.0255771
1636512750.370395 3.2950940250584675 -0.004616641028852049 2.277795071434598 -0.320618 -0.0195804 -0.946657 0.0256921
1636512750.437503 3.2970143714804787 -0.004341890430257142 2.2750678265873026 -0.320253 -0.0195179 -0.94678 0.0257717
1636512750.504468 3.2984383516742883 -0.004830386671272675 2.2722835922927236 -0.31977 -0.0193221 -0.946947 0.0257803
1636512750.638431 3.303119070018013 -0.005103065629353282 2.26486860323263 -0.318669 -0.0192408 -0.947317 0.0258862
1636512750.705300 3.305233358152229 -0.005291454190872701 2.260681446132833 -0.318072 -0.0191894 -0.947517 0.0259471
1636512750.772275 3.3081984111624965 -0.005464354690985522 2.2557879325974137 -0.317382 -0.0191305 -0.947748 0.025992
1636512750.839179 3.3108217927252306 -0.005977956057253982 2.2505963850396524 -0.31661 -0.0190346 -0.948008 0.0260126
1636512750.906309 3.314448611626751 -0.006021419528573263 2.245283773963723 -0.31572 -0.0189525 -0.948304 0.0261085
1636512750.973369 3.3182116638258488 -0.006534780425889248 2.239303567075848 -0.314824 -0.0188063 -0.948603 0.0261781
1636512751.040447 3.3219873166465783 -0.006461054684765615 2.2326896688130824 -0.313958 -0.018762 -0.948888 0.0262788
1636512751.107495 3.326138784677752 -0.007064604932879179 2.2257373976766255 -0.312976 -0.0185664 -0.949214 0.0263397
1636512751.174436 3.330524906797251 -0.007464185271150907 2.218347392384195 -0.311916 -0.0184556 -0.949563 0.0264217
1636512751.241388 3.335371978881059 -0.007438969500108444 2.2103012247206664 -0.31076 -0.0184152 -0.949939 0.0265473
1636512751.308231 3.33971707373723 -0.008097873075057832 2.202145468540805 -0.309558 -0.0183968 -0.950331 0.0265809
1636512751.442238 3.350310529321682 -0.00877866713096593 2.1839194480068245 -0.30695 -0.0183876 -0.951174 0.0266655
1636512751.509356 3.356109357894437 -0.008891857188402266 2.173770450381618 -0.305575 -0.0183581 -0.951616 0.0267368
1636512751.576141 3.362315675764846 -0.009226455940009268 2.163320282410728 -0.304125 -0.0181741 -0.952083 0.0267546
1636512751.643202 3.3690276917449395 -0.009368097771615078 2.1518476857336273 -0.302629 -0.0181267 -0.952561 0.0267282
1636512751.710211 3.3762800526349603 -0.009720991385133129 2.1399630119184265 -0.301104 -0.0180531 -0.953046 0.0266972
1636512751.777359 3.3832671483800287 -0.010094586641839202 2.1274950463653237 -0.299559 -0.0180201 -0.953535 0.026647
1636512751.844270 3.390639739925539 -0.01069577986132319 2.1142922664839188 -0.297935 -0.0179965 -0.954048 0.0265158
1636512751.978184 3.407276443829371 -0.012383153075306245 2.0867908609526182 -0.294338 -0.0180272 -0.955172 0.0261914
1636512752.044992 3.4158062067187047 -0.012982882099251074 2.072380786941159 -0.292609 -0.0181307 -0.955702 0.0261879
1636512752.112071 3.424741133558367 -0.013592714853362184 2.0575943073783747 -0.290918 -0.018124 -0.956215 0.0263031
1636512752.179179 3.4333708754183583 -0.014192494282873157 2.0424761877706876 -0.289231 -0.018054 -0.956724 0.0264483
1636512752.313034 3.4518343059422256 -0.014722457623055093 2.0105879968761533 -0.285783 -0.0179912 -0.957753 0.0266934
1636512752.380105 3.461472302274989 -0.01525742630952212 1.9938810333889554 -0.283923 -0.0179173 -0.958306 0.0267657
1636512752.447232 3.4711778810394565 -0.015772826533074262 1.9767314677287255 -0.282007 -0.0178618 -0.958872 0.0267737
1636512752.580891 3.491467671287797 -0.015981963055570474 1.9404638044193154 -0.278526 -0.0182565 -0.959883 0.0267271
1636512752.647809 3.501505983192342 -0.01609135638682501 1.9213729211264685 -0.276934 -0.0186391 -0.960342 0.0265148
1636512752.781976 3.5218629447822902 -0.017787255103271973 1.8818421050513692 -0.273528 -0.0191038 -0.961325 0.0259195
1636512752.850651 3.533256343521684 -0.018532829785581812 1.8617886698634893 -0.271858 -0.0191074 -0.961802 0.0257779
1636512752.915889 3.5448588720259493 -0.019546812802935784 1.8412473253572832 -0.270315 -0.0190671 -0.962239 0.025741
1636512752.983067 3.5559358117077178 -0.02051881936684764 1.8205454705122712 -0.268792 -0.0189647 -0.962665 0.0258495
1636512753.116879 3.578309669117339 -0.02154178322403879 1.7789238658660813 -0.265377 -0.018217 -0.963615 0.0262411
1636512753.184018 3.589823166769232 -0.021718218940488452 1.7581322524927403 -0.263586 -0.017807 -0.964115 0.0262164
1636512753.251576 3.6024315423103443 -0.022322354097773157 1.7367624225908003 -0.261811 -0.0173951 -0.964611 0.0260281
1636512753.387830 3.625752664496564 -0.02431541817508567 1.6917892333549966 -0.258611 -0.0168841 -0.965496 0.025569
1636512753.451805 3.6373224740231302 -0.025174940803953993 1.6681863606008598 -0.256771 -0.0169493 -0.965991 0.0253369
1636512753.518867 3.649257269755133 -0.02573337580149465 1.6442856009184914 -0.254862 -0.0173215 -0.966498 0.0250308
1636512753.585884 3.660704384482022 -0.026611000053044367 1.619627130112264 -0.253007 -0.017999 -0.966984 0.0245926
1636512753.652946 3.671804617525353 -0.027780836210195368 1.5944628896162092 -0.251156 -0.018757 -0.967462 0.0242007
1636512753.719795 3.6840694420325155 -0.02929386866259111 1.568862840902034 -0.249034 -0.0192956 -0.968002 0.02412
1636512753.786726 3.6957117176884218 -0.03001986972685099 1.543463735982673 -0.246899 -0.0199149 -0.968532 0.0242677
1636512753.853608 3.7072461911878984 -0.030155523396392415 1.518317088835147 -0.244895 -0.0202633 -0.96903 0.0244283
1636512753.920655 3.719493656219349 -0.03076098247300161 1.492558960179078 -0.242949 -0.0200852 -0.969523 0.0244413
1636512753.987733 3.7322213082511957 -0.032207050428711526 1.4664551069684735 -0.240859 -0.0195961 -0.970055 0.0244268
1636512754.054773 3.7459080189273326 -0.03349703784017794 1.439929858402606 -0.238681 -0.0190697 -0.970598 0.0246492
1636512754.188676 3.771649248346505 -0.03507130204272525 1.3865803910749537 -0.234572 -0.0183905 -0.971587 0.0256412
1636512754.255826 3.7835405482266737 -0.035250296280069274 1.3589014782854183 -0.232486 -0.0185692 -0.972072 0.0261036
1636512754.323440 3.7950192106114837 -0.03560798691316829 1.3310653268264236 -0.230268 -0.0186452 -0.972594 0.0262643
1636512754.389729 3.8072772984420062 -0.0361713835444599 1.3023658898266022 -0.228031 -0.0187086 -0.973121 0.0262072
1636512754.456615 3.819701239414159 -0.037279101567104636 1.2735583201426512 -0.225801 -0.0187338 -0.973645 0.026031
1636512754.657594 3.857684522666886 -0.039860069159798985 1.1857064934067552 -0.218693 -0.0169924 -0.975296 0.0261344
1636512754.724751 3.8701959045467023 -0.04056116526742776 1.1557536478641166 -0.216087 -0.0164372 -0.975884 0.0261945
1636512754.791525 3.8822119862342785 -0.04117578503708333 1.1250129550514987 -0.213484 -0.0161322 -0.976462 0.0261978
1636512754.858624 3.893605218450381 -0.0423113456878533 1.0938071140198549 -0.210713 -0.0160292 -0.977065 0.0262023
1636512754.925431 3.9047935230391855 -0.04292731239665648 1.0623338916096656 -0.207615 -0.0161806 -0.977721 0.0263915
1636512754.992449 3.9155960426844922 -0.04337364163685025 1.030498071278287 -0.204329 -0.0164547 -0.978405 0.0265152
1636512755.059438 3.926394570442056 -0.043854381625919044 0.9984932544767506 -0.200921 -0.0167951 -0.979105 0.0264837
1636512755.126523 3.936888167991004 -0.0446666466909877 0.9657998527303838 -0.197434 -0.0168617 -0.979815 0.0264061
1636512755.193393 3.946816666213591 -0.045574957620126665 0.9331896327806144 -0.193741 -0.0170198 -0.980554 0.0262465
1636512755.260410 3.9561595342583327 -0.04675499042280241 0.9003370081235493 -0.189662 -0.0173691 -0.981349 0.026092
1636512755.327599 3.965107598553882 -0.04775983335651449 0.8671666252306067 -0.185342 -0.0175716 -0.982172 0.0260285
1636512755.461509 3.980881697263406 -0.04980481917326399 0.800886419347881 -0.175898 -0.0183312 -0.983889 0.0261833
1636512755.528389 3.988185458311535 -0.050045735389003705 0.7674340390868133 -0.170789 -0.018607 -0.98478 0.0263214
1636512755.662277 4.0020294686052935 -0.05126462428776183 0.7001042357902768 -0.159901 -0.0187241 -0.986605 0.0263017
1636512755.729361 4.009009757160437 -0.05124184931167545 0.6660465956479538 -0.154234 -0.0182274 -0.987521 0.0261093
1636512755.796457 4.01605218317154 -0.05166579663600445 0.6319195868566404 -0.148366 -0.0175622 -0.988444 0.0256482
1636512755.863441 4.023186218335197 -0.05266542399536449 0.597420985447627 -0.142286 -0.0165673 -0.989365 0.0252295
1636512755.997247 4.035035112475368 -0.054913463750572836 0.5279811315029521 -0.129948 -0.0150791 -0.99109 0.0250228
1636512756.131151 4.0424080813687855 -0.055987190738174125 0.4591243930479332 -0.116902 -0.0145759 -0.992719 0.0251186
1636512756.198219 4.0452454717705955 -0.057250719023158425 0.42464124781654383 -0.109917 -0.0145889 -0.993515 0.025157
1636512756.265219 4.048600221951799 -0.0575106579115669 0.3898387568271057 -0.102846 -0.0142675 -0.994271 0.0253996
1636512756.332309 4.050259964930419 -0.05762062339040562 0.3550840356512495 -0.0958156 -0.0142848 -0.99497 0.0254882
1636512756.399367 4.0510100888980025 -0.05814917355162588 0.3207520307118751 -0.0886347 -0.0140363 -0.995642 0.0253684
1636512756.466125 4.051193797414356 -0.058974232996324136 0.28634580755769284 -0.0811698 -0.0137027 -0.996288 0.0251754
1636512756.533150 4.051602533790413 -0.0595522155568916 0.25181949826330935 -0.0733935 -0.0133391 -0.996901 0.0249884
1636512756.600343 4.051700205022058 -0.06052564837674764 0.21757626124020207 -0.0655396 -0.0132076 -0.997456 0.0247235
1636512756.667369 4.050170921880773 -0.06142923579825215 0.18308240042271728 -0.0577701 -0.0132668 -0.997938 0.0246304
1636512756.801036 4.044018619004412 -0.06255929700976398 0.11691553755941683 -0.0414738 -0.0133539 -0.998744 0.0247329
1636512756.935068 4.03746113071589 -0.06335386640617795 0.04975044477036536 -0.0245409 -0.0143246 -0.999294 0.0245863
1636512757.002036 4.032894743696341 -0.06424808282170245 0.017144494762692558 -0.0164037 -0.0145948 -0.99946 0.0244552
1636512757.136002 4.02213040476664 -0.06699524377223307 -0.047407984190680576 0.000386322 -0.0142644 -0.999606 0.0241659
1636512757.203334 4.017457204609072 -0.0686066468310669 -0.0797615598794432 0.00919045 -0.0134378 -0.999573 0.0242769
1636512757.270023 4.0127742908748365 -0.06961808835246133 -0.11143412482140877 0.0179459 -0.0125809 -0.999459 0.024523
1636512757.337086 4.005776846853943 -0.0706319889565956 -0.14314368823346663 0.0265101 -0.012268 -0.999262 0.0249486
1636512757.404094 3.9972043610449424 -0.07073348577747629 -0.1740340599303205 0.0352259 -0.012175 -0.998981 0.025447
1636512757.538078 3.9788048132120704 -0.07116349770015439 -0.23576302622495451 0.0537044 -0.0129394 -0.998134 0.0260313
1636512757.604919 3.9695086173868117 -0.07187663158352059 -0.2658093523052273 0.0629207 -0.0134416 -0.997585 0.0261622
1636512757.672449 3.9583138905817026 -0.0723587859548183 -0.29587654231926497 0.0721216 -0.0138988 -0.996953 0.0262622
1636512757.738976 3.946173424893374 -0.07293505827519797 -0.32598095272254096 0.0815646 -0.0142018 -0.996221 0.0262403
1636512757.805864 3.934518680317777 -0.07344880213307732 -0.3553558580038547 0.0913734 -0.0140802 -0.995374 0.0261317
1636512757.873098 3.9227040352206894 -0.07472567314295114 -0.38498308200909587 0.101435 -0.0137703 -0.994407 0.0260113
1636512757.940021 3.910453557221665 -0.07629091757874584 -0.4138358398634206 0.111556 -0.0129455 -0.993334 0.0260006
1636512758.006850 3.8978241383002086 -0.07639510937248178 -0.4427953504405519 0.121844 -0.0116613 -0.992134 0.0262344
1636512758.073725 3.8852022391197445 -0.0764823967562708 -0.47153822346778174 0.132269 -0.0102682 -0.990816 0.0261504
1636512758.140819 3.871716392301914 -0.07703318128543432 -0.5005622451092592 0.14259 -0.0095928 -0.989397 0.0258885
1636512758.207783 3.856896163956382 -0.07648550358126671 -0.529053333186126 0.152742 -0.00935431 -0.987884 0.0258327
1636512758.274734 3.8410757228263974 -0.07732675829746509 -0.5567450984737264 0.162832 -0.00878863 -0.986281 0.0256452
1636512758.341957 3.8235209421425527 -0.0784310656708221 -0.5825795014973718 0.173177 -0.00864729 -0.984521 0.0255605
1636512758.475753 3.788456078527566 -0.07860765814700729 -0.6354901175668551 0.194734 -0.00824794 -0.980505 0.0249271
1636512758.542789 3.769821676835937 -0.0790374308556398 -0.6613681247430803 0.205329 -0.00872825 -0.978343 0.0246928
1636512758.609616 3.7501790021483177 -0.07774427472399906 -0.6869033640844668 0.215836 -0.0089689 -0.976084 0.0243958
1636512758.677716 3.729162072766315 -0.07865832861231817 -0.7109523775292915 0.22652 -0.0090149 -0.973678 0.0236395
1636512762.494895 2.0383908702293714 -0.06361183623913358 -1.3897985550512346 0.659304 -0.00103531 -0.751618 0.0196631
1636512758.810679 3.6878154106523797 -0.08115483033697274 -0.7593329067180012 0.248784 -0.00883427 -0.968251 0.0227821
1636512758.877790 3.6663442828138497 -0.08131756584103489 -0.7818546991008146 0.259839 -0.00833232 -0.965345 0.022867
1636512758.944781 3.6451005198133593 -0.080735108637838 -0.8031753557179351 0.271136 -0.00802044 -0.962233 0.0229971
1636512759.011713 3.6227207284263296 -0.08029812814499479 -0.8255043155005479 0.282509 -0.00790594 -0.958961 0.02279
1636512759.078855 3.5995895113304264 -0.0795608533443523 -0.8473658588596027 0.293718 -0.00810739 -0.955592 0.0225175
1636512759.145694 3.5757279368450297 -0.07973846432916545 -0.869025667309818 0.304767 -0.00897422 -0.952126 0.0221994
1636512759.212536 3.5501155385264442 -0.08008639800246717 -0.8883246968019545 0.315536 -0.0100774 -0.948602 0.0221354
1636512759.279527 3.5252927263154614 -0.07955988249293669 -0.9077499682177379 0.326426 -0.0103093 -0.944913 0.0219102
1636512759.346483 3.4998467148498267 -0.08034845589095607 -0.9273913287223847 0.337451 -0.0100447 -0.94104 0.0216644
1636512759.413538 3.476163932678933 -0.08071115887131707 -0.9470011494793178 0.348544 -0.0100075 -0.936984 0.0218699
1636512759.480483 3.4526584446328448 -0.0804213451795812 -0.9660482628381768 0.359136 -0.00942893 -0.932981 0.0218714
1636512759.547667 3.428235513217785 -0.07914421508118942 -0.9849350197755882 0.36929 -0.00880439 -0.929018 0.0217327
1636512759.614569 3.402157555455072 -0.07826902983039619 -1.003280769294098 0.379234 -0.0084857 -0.925015 0.0213842
1636512759.681675 3.3760634708929436 -0.07835733665267469 -1.0212131786600278 0.388991 -0.00814174 -0.920972 0.0207264
1636512759.815443 3.323121985289383 -0.07881956133132785 -1.0534269687161153 0.408178 -0.00787376 -0.912652 0.0198835
1636512759.882297 3.2960947706984913 -0.07964043267676711 -1.0694535422025149 0.417557 -0.00757331 -0.908405 0.0197538
1636512759.949410 3.2679977550541204 -0.07919488857995735 -1.084753167885662 0.426725 -0.00724463 -0.904133 0.0199056
1636512760.016448 3.23953225421638 -0.0783134739525697 -1.0989997180442714 0.435718 -0.00677943 -0.899838 0.0199055
1636512760.083575 3.210992039011316 -0.07651863571909652 -1.1137511324039853 0.444737 -0.00701168 -0.895408 0.0200966
1636512760.150497 3.183779219767569 -0.07613115556768174 -1.1284192898104557 0.453561 -0.00717359 -0.890975 0.019875
1636512760.217529 3.1537877060606383 -0.07626959372144684 -1.1409780482217788 0.461971 -0.00755037 -0.886644 0.0197307
1636512760.284384 3.1238796556076203 -0.07568164515394483 -1.1550946900470247 0.470265 -0.00745227 -0.88228 0.0194035
1636512760.351329 3.0934416232198325 -0.07515329175248861 -1.1681911675640486 0.47841 -0.0072364 -0.877902 0.018935
1636512760.418307 3.0634974799936607 -0.07434883243330101 -1.181405734012233 0.486477 -0.00647507 -0.87348 0.0181822
1636512760.485101 3.0324456424335713 -0.07449419339116198 -1.1944935847335145 0.494402 -0.00571482 -0.869041 0.0173834
1636512760.552421 3.0029492765571213 -0.07500713601327624 -1.2067153657987961 0.502339 -0.00549506 -0.864486 0.0170089
1636512760.621043 2.9713012403287404 -0.07450661315701054 -1.2184019050108978 0.510046 -0.00523668 -0.859967 0.0168094
1636512760.686434 2.9398008015335653 -0.07325793556980698 -1.2298217656597032 0.517574 -0.00514256 -0.855461 0.0166525
1636512760.753338 2.909324966957872 -0.07465224279337351 -1.238813089320216 0.524889 -0.00580898 -0.850991 0.0164791
1636512760.820385 2.8768867880163853 -0.07322127357124522 -1.2493393493990226 0.532081 -0.0061563 -0.846519 0.0160461
1636512760.887238 2.8435453468238165 -0.07384124816566456 -1.2581297318663118 0.53915 -0.00594492 -0.842051 0.0152103
1636512761.021322 2.7800482698386784 -0.07619122620132315 -1.2764017092908024 0.553575 -0.00440741 -0.832663 0.0144027
1636512761.088166 2.748986726785472 -0.07568568949835631 -1.2853864113745983 0.560683 -0.00327786 -0.827899 0.0143916
1636512761.155292 2.717111940621739 -0.07506097227617153 -1.2940671129499268 0.567553 -0.00224989 -0.823206 0.014486
1636512761.222113 2.6856154542383313 -0.07407095126990751 -1.3015454785758462 0.574099 -0.00172557 -0.818648 0.014888
1636512761.289124 2.652763620792732 -0.07209379686130221 -1.3087056742759506 0.580341 -0.00224537 -0.814222 0.0155841
1636512761.356267 2.6197130568217823 -0.07142914194754174 -1.3143606429444679 0.586188 -0.00357589 -0.810004 0.01624
1636512761.423854 2.5861462438246523 -0.07229828092444629 -1.3198362562875827 0.591741 -0.00461257 -0.805945 0.0165524
1636512761.490288 2.551306247402313 -0.07247988814059314 -1.3250831483233894 0.597224 -0.00508411 -0.80188 0.0169191
1636512761.557218 2.518459468104328 -0.07223127931368312 -1.3309087719202628 0.602719 -0.00484949 -0.797753 0.0171942
1636512761.624058 2.484907647712529 -0.07089514829372225 -1.3373945820947597 0.608038 -0.00382301 -0.793714 0.0171189
1636512761.691831 2.4525495551040284 -0.07079029077213592 -1.3443541990771566 0.613099 -0.00262909 -0.789827 0.0166059
1636512761.759485 2.41832960849915 -0.06988040761286735 -1.3505116793120457 0.617917 -0.0016815 -0.786075 0.0161793
1636512761.825005 2.3843777300742803 -0.06935019897456537 -1.3562942391607107 0.622717 -0.000901017 -0.782287 0.0158426
1636512761.959111 2.315471162766794 -0.0671209052827897 -1.3650152621306957 0.63189 -0.000324694 -0.774889 0.0161629
1636512762.026109 2.280845881242404 -0.06656049545203449 -1.3686340361590124 0.636093 -0.000808397 -0.771436 0.0164752
1636512762.093228 2.2462140476853514 -0.06666237549186024 -1.3726719306976878 0.639965 -0.00121032 -0.768223 0.0166605
1636512762.160023 2.2110868667862054 -0.06666217833738444 -1.3762042575619484 0.643578 -0.00153433 -0.765189 0.017051
1636512762.227013 2.176782258329971 -0.06693791597280825 -1.3786384095956066 0.646977 -0.00176139 -0.762302 0.017696
1636512762.428044 2.073017580759189 -0.06450816151518529 -1.387857471051462 0.656608 -0.00102996 -0.753983 0.0193818
1636512758.744013 3.708432445076813 -0.0797592984712444 -0.7350362973633146 0.2376 -0.00916232 -0.971045 0.0231035
1636512762.562004 2.0025131467908173 -0.06250582632806159 -1.3914060431895283 0.66193 -0.00121942 -0.749305 0.019736
1636512762.628962 1.9669781649416442 -0.061313031904560514 -1.3936990346800262 0.664649 -0.00131675 -0.746899 0.0195299
1636512762.695939 1.9318526977946011 -0.06081733960402883 -1.397254183936121 0.667258 -0.00138337 -0.744584 0.0189532
1636512762.829916 1.8595875636408026 -0.06032648430808768 -1.4024371601153742 0.671717 -0.00117227 -0.740587 0.0180329
1636512762.896641 1.8232340109147962 -0.060042958328880264 -1.4037077446439918 0.673947 -0.000834642 -0.738568 0.0176836
1636512763.097971 1.7147825712542133 -0.057804175111475425 -1.4079274888487239 0.681232 -0.000541639 -0.73187 0.0170255
1636512763.164948 1.6778769101067552 -0.05700631428441157 -1.4089726170924284 0.683391 -0.000701541 -0.729856 0.0169233
1636512763.231733 1.641652489290225 -0.05656757952268327 -1.4099044934151275 0.685395 -0.00113422 -0.727972 0.0170187
1636512763.365731 1.568369331651893 -0.05527209050556653 -1.4104434562191277 0.688929 -0.00213757 -0.724626 0.0169851
1636512763.432647 1.5311000739427771 -0.05486438025225166 -1.4109792877677876 0.69053 -0.00249406 -0.723098 0.0170562
1636512763.499576 1.4943299296368688 -0.054074831751550645 -1.4110532595976657 0.692006 -0.00269551 -0.721684 0.0171136
1636512763.633739 1.4201993580535694 -0.05240895954681735 -1.4107007147729902 0.694963 -0.00290835 -0.718841 0.0168841
1636512763.700657 1.3832644032974124 -0.05240890572372979 -1.4103482762795336 0.696507 -0.00322024 -0.717348 0.0167281
1636512768.188792 -1.103225011806631 -0.01038247186684536 -1.0365659372909934 0.7812 -0.0033784 -0.623996 0.0185745
1636512763.834657 1.30917454137589 -0.05167036868225786 -1.4069297954767293 0.699405 -0.00425842 -0.714514 0.0168531
1636512763.901724 1.2720609257445694 -0.05176924729948176 -1.4056265348528516 0.70099 -0.00447854 -0.71296 0.0167692
1636512763.968687 1.2347528561698693 -0.05135249590533164 -1.4042745030378652 0.702641 -0.00439732 -0.711334 0.0167487
1636512764.035581 1.1983644680126564 -0.04958851236654167 -1.4041962850693506 0.704323 -0.00399265 -0.709674 0.0166093
1636512764.102508 1.161489640747692 -0.04847775682870742 -1.4037741439762577 0.705882 -0.00345113 -0.70814 0.0160013
1636512764.236557 1.0870618944796842 -0.04748065566452628 -1.403086087687123 0.708785 -0.00283053 -0.705258 0.0150817
1636512764.303663 1.0494091682232936 -0.04649583173527545 -1.4009230671403958 0.710113 -0.00274868 -0.703923 0.0149698
1636512764.370666 1.0122554330582265 -0.04603920523955944 -1.3984113058970247 0.711523 -0.00296487 -0.702496 0.0150327
1636512764.504648 0.9375746153200386 -0.04486364041755825 -1.3928154982127783 0.71459 -0.00369282 -0.699363 0.0154717
1636512768.791712 -1.4359757409598697 -0.0021269752693023926 -0.9431899743755499 0.787685 -0.00332099 -0.615809 0.0179171
1636512764.638480 0.8632998742142906 -0.04381140695688748 -1.3870650767677355 0.717475 -0.00405797 -0.696397 0.0156119
1636512764.705586 0.8256215744963498 -0.04410221346262916 -1.3839907374454912 0.718861 -0.00409879 -0.694964 0.0157045
1636512764.772361 0.78809160911328 -0.043956212829564675 -1.3814313929408666 0.720318 -0.003856 -0.693449 0.015964
1636512764.839420 0.7515832933950403 -0.04396705346479942 -1.3769761846246193 0.721759 -0.00352966 -0.691945 0.0162158
1636512764.906583 0.7139110700130221 -0.04274536026605978 -1.3736685928498178 0.723222 -0.00334751 -0.690404 0.0167507
1636512764.973427 0.6776826581891693 -0.04197713608083612 -1.3700629078677056 0.724675 -0.00337828 -0.688866 0.01728
1636512765.040564 0.6398011637282631 -0.04018348677561285 -1.3655862300016506 0.726071 -0.00354436 -0.687383 0.017676
1636512765.107507 0.6024086412993815 -0.03940131917572863 -1.3613171084853084 0.727491 -0.0038008 -0.685875 0.0177969
1636512765.174331 0.5644479211979493 -0.03839426847502805 -1.3575574818646814 0.728916 -0.00396223 -0.684356 0.017927
1636512765.308324 0.48936906687311044 -0.03673711736441769 -1.3488377408446863 0.731805 -0.00394477 -0.681265 0.017996
1636512765.375134 0.45145942134571254 -0.03579091161956663 -1.344326694183033 0.733268 -0.00391615 -0.67969 0.0179784
1636512765.442328 0.4141077470279221 -0.03510952871678429 -1.3389629180445157 0.734705 -0.00402762 -0.678137 0.0179611
1636512765.509310 0.375976339835111 -0.03458733825247113 -1.335074964229906 0.736238 -0.0039139 -0.676481 0.0176754
1636512765.576414 0.3382483699486106 -0.03435115270387684 -1.3312142648858039 0.737718 -0.00360033 -0.674876 0.0173823
1636512765.643773 0.3007058363866873 -0.03341969221284628 -1.3277342248526436 0.73909 -0.00310745 -0.673379 0.0172072
1636512765.710454 0.2635888504678574 -0.03276748695998169 -1.322695946401013 0.740338 -0.00269437 -0.672011 0.0171106
1636512765.777355 0.22608250663745558 -0.03102507195851398 -1.3171447840715589 0.741659 -0.00266258 -0.67055 0.0172221
1636512765.844135 0.18898326162256524 -0.03018059018620564 -1.311105463132689 0.743033 -0.00321383 -0.669019 0.0174804
1636512765.911227 0.15154133695916602 -0.029632015820288276 -1.3049082995892591 0.744408 -0.00372707 -0.667479 0.0177489
1636512765.977960 0.11471718729015348 -0.029134987781057504 -1.2983531888431332 0.745808 -0.00422689 -0.665899 0.018184
1636512770.533401 -2.3882308940979686 0.017249951092115946 -0.6776276084150822 0.793064 -0.00513337 -0.608936 0.0148052
1636512766.112309 0.04089337755924302 -0.027990341292916613 -1.2869481180048699 0.748563 -0.00424522 -0.662793 0.018488
1636512766.179316 0.00452601201119654 -0.02692919847496695 -1.281528587148842 0.749923 -0.00393619 -0.661265 0.0181096
1636512766.246279 -0.032354103846102045 -0.02663969802521027 -1.276497789165274 0.751201 -0.00371928 -0.659833 0.0174401
1636512766.313158 -0.06880218566337697 -0.026090499180751566 -1.2705567902947505 0.752343 -0.00388085 -0.658541 0.0170111
1636512766.447081 -0.14324124782165057 -0.02600464809519099 -1.2568008547529563 0.754828 -0.00432071 -0.655708 0.0161956
1636512766.514213 -0.1804015255245564 -0.025670076575701653 -1.2510323855078067 0.756223 -0.0044734 -0.654099 0.0161497
1636512766.580975 -0.21663370767197912 -0.025527034002113303 -1.2451286204671121 0.757408 -0.00459634 -0.652723 0.0162711
1636512766.648065 -0.2533934466273695 -0.02552047401170915 -1.2370611107435512 0.758441 -0.00455532 -0.651519 0.0164001
1636512766.715038 -0.2894114731980235 -0.024968202257627036 -1.228666748500802 0.759606 -0.0046718 -0.650148 0.0168702
1636512766.782079 -0.32522188720782363 -0.024927047497788516 -1.2196864765902964 0.760908 -0.00498816 -0.648606 0.017478
1636512766.849051 -0.36146699543387456 -0.02353875984488342 -1.211860080235064 0.762304 -0.00521654 -0.646947 0.0180224
1636512766.916110 -0.39784541438473614 -0.02279073619028764 -1.2049280164563965 0.76357 -0.00535278 -0.645442 0.018348
1636512766.983001 -0.43501454007369467 -0.021546302762039442 -1.1977021790180984 0.764654 -0.00540055 -0.644152 0.0185108
1636512767.050066 -0.47152684297831654 -0.0201114392459434 -1.189659316888761 0.765665 -0.0053023 -0.642954 0.0184016
1636512767.116956 -0.5084676703155708 -0.020002694782512934 -1.1810174936002036 0.766808 -0.00525372 -0.641598 0.0181551
1636512767.183764 -0.5452740281245855 -0.02006010215340644 -1.1740566397283156 0.768062 -0.00517026 -0.640101 0.0180171
1636512767.250864 -0.582047777049886 -0.020187924371609618 -1.1669218348934063 0.769154 -0.00489728 -0.638789 0.0180592
1636512767.317862 -0.6185244177799061 -0.019634411842965355 -1.1585356589848825 0.770088 -0.00443608 -0.637662 0.0182205
1636512767.452070 -0.6918382488785366 -0.016804343076028766 -1.1411572893814625 0.77197 -0.00376576 -0.63538 0.0184419
1636512767.518937 -0.7293307514335925 -0.014887275160773225 -1.1329949564751634 0.772956 -0.00352632 -0.634192 0.0181125
1636512772.676831 -3.5780003242846457 0.03843269029109031 -0.5651315036057597 0.701823 -0.00563305 -0.711973 0.0225315
1636512767.652939 -0.8046869471462413 -0.014165790207971473 -1.1161620696025463 0.774954 -0.0034737 -0.631781 0.0169345
1636512767.719703 -0.8426585826116724 -0.01550082763253241 -1.107967892012119 0.775864 -0.00323925 -0.630678 0.0164643
1636512767.786830 -0.8794056930886962 -0.01568284282071089 -1.0979370528328587 0.776709 -0.00299663 -0.629633 0.0166168
1636512767.853708 -0.9168619692234479 -0.01423525959650344 -1.0884778137160844 0.7776 -0.00279836 -0.628523 0.0170274
1636512767.920771 -0.9537465001942214 -0.01259191962226323 -1.0787624152261834 0.778371 -0.00277043 -0.627557 0.0173807
1636512767.987770 -0.9910914831703979 -0.011919871443816456 -1.0689267576652643 0.779103 -0.00299281 -0.626639 0.0176907
1636512768.054804 -1.02884889951913 -0.01169467721613906 -1.0581428146390877 0.779768 -0.00318171 -0.625807 0.0177859
1636512768.121880 -1.0660550285656862 -0.01160463490169647 -1.0471965852727094 0.780449 -0.00332637 -0.624949 0.0180773
1636512763.767836 1.3465096475092204 -0.05214164668620418 -1.4092157300668602 0.697946 -0.00368479 -0.715944 0.0167554
1636512768.255722 -1.1409487367687907 -0.009202055931975511 -1.025856073860055 0.781963 -0.00340413 -0.623031 0.0188133
1636512768.322803 -1.178565068730027 -0.008202183675720495 -1.0154798957869562 0.782716 -0.00341068 -0.622082 0.0189422
1636512768.389533 -1.2159730714467982 -0.006890666099834793 -1.0053562239713516 0.78339 -0.00351121 -0.621225 0.0191639
1636512768.456759 -1.2533975376280753 -0.004977792474031122 -0.9938551798025326 0.784073 -0.00351494 -0.620361 0.0192394
1636512768.523700 -1.2903462374100618 -0.0038503891013361748 -0.9828585506101113 0.784846 -0.00354628 -0.619386 0.0190994
1636512768.590634 -1.3272058218857006 -0.0038292292464031166 -0.9734788546997295 0.785674 -0.00358163 -0.618347 0.0187311
1636512768.657784 -1.363603618336289 -0.004093465886997896 -0.9642908551991336 0.786396 -0.00351983 -0.617438 0.018429
1636512768.724622 -1.399868025277307 -0.003130693963764003 -0.9534948156203957 0.78698 -0.0034278 -0.616698 0.0182704
1636512764.571507 0.9004022040041859 -0.04442467873729085 -1.3897950004761002 0.71607 -0.00397138 -0.697843 0.0156041
1636512768.925628 -1.5083746974887464 -0.0024466097999475273 -0.9241379904345542 0.78932 -0.00315361 -0.613733 0.017187
1636512769.059649 -1.5802707282138049 -0.0003921103971355165 -0.9048968158941975 0.790375 -0.00249538 -0.612376 0.0172394
1636512769.126656 -1.6160106689239557 0.0016778790163978138 -0.8946013763391762 0.7909 -0.00231512 -0.611696 0.0172959
1636512769.193644 -1.6518650407503048 0.002738934416164726 -0.8835723772868197 0.791534 -0.0027206 -0.610871 0.0174274
1636512769.260590 -1.687672439352414 0.0025630501491184753 -0.8740120577553645 0.792189 -0.00331377 -0.610017 0.017438
1636512769.327624 -1.7240177012160705 0.002132807476810595 -0.8633938665255511 0.792736 -0.00366444 -0.609309 0.0173175
1636512769.394663 -1.7606906524869297 0.0034786974799778762 -0.854031534713421 0.793243 -0.00352921 -0.608665 0.0167086
1636512769.461441 -1.7971024001405942 0.0043946176135830455 -0.8443271744998146 0.793682 -0.00338075 -0.608113 0.0159761
1636512769.528332 -1.8335209297168311 0.004876165156016805 -0.834795892023836 0.794074 -0.00332984 -0.607624 0.0151177
1636512769.595416 -1.8699144092972315 0.005219977706046829 -0.824737753996843 0.794426 -0.00329757 -0.607183 0.0143052
1636512769.662749 -1.9066083768917794 0.006261110282616757 -0.813750052909378 0.794831 -0.00331644 -0.606661 0.0139502
1636512769.729458 -1.9428190883919754 0.006192549910118507 -0.8033330990510519 0.795259 -0.0033838 -0.606104 0.0137644
1636512769.796513 -1.9796739447304217 0.007235190965081479 -0.7928797842486017 0.795599 -0.00347764 -0.605655 0.013853
1636512769.863524 -2.017046128083689 0.00904207289125952 -0.7823839527526928 0.795774 -0.00371019 -0.605418 0.0141368
1636512769.930326 -2.054341047816043 0.010430519281275627 -0.7698971308850124 0.795821 -0.00392721 -0.605351 0.014287
1636512769.997497 -2.0911603920415205 0.011843214742037343 -0.758867594351337 0.795929 -0.00414699 -0.605207 0.0142993
1636512770.064211 -2.128771597643638 0.01256603229022503 -0.7482426119706914 0.796002 -0.00454158 -0.605105 0.014406
1636512770.131364 -2.1663109557436835 0.012612066095508506 -0.7377306589264253 0.7959 -0.00491673 -0.605233 0.0145451
1636512770.198336 -2.203638438348616 0.012775311403632878 -0.7280830682452442 0.79557 -0.0049423 -0.605669 0.0144878
1636512770.265325 -2.240703160589132 0.013277785908164627 -0.7171448791047662 0.79506 -0.00490487 -0.606335 0.0145841
1636512770.332354 -2.2773826134753437 0.014689603683120611 -0.7064937545406644 0.794612 -0.00483371 -0.60692 0.0146944
1636512770.399272 -2.314505060900505 0.015463192074532551 -0.6964237640175828 0.794191 -0.00478122 -0.607475 0.0145854
1636512766.045123 0.07780563487709086 -0.02896568009604586 -1.2929286738059436 0.747223 -0.00440882 -0.664302 0.0184563
1636512770.600274 -2.424810315052682 0.01818109487230768 -0.6676600439936656 0.79227 -0.00528395 -0.609969 0.0147784
1636512770.667202 -2.4613830447179357 0.018347647945407716 -0.659207311312603 0.791479 -0.00537221 -0.610999 0.0145756
1636512770.868078 -2.572409692468092 0.019953162353919026 -0.6328936024182382 0.788763 -0.00502093 -0.6145 0.0147217
1636512771.069173 -2.681844585195208 0.02116622424016533 -0.6102463598402811 0.785033 -0.00395067 -0.619235 0.0159883
1636512771.136265 -2.7178467017432415 0.02265124424525273 -0.6038789425357941 0.783537 -0.00368372 -0.621115 0.0164893
1636512771.203203 -2.7546403076781516 0.022897052739237 -0.5978164692576555 0.781831 -0.00355494 -0.623259 0.0166294
1636512771.269971 -2.791444375777033 0.023027591416676332 -0.5939800155543934 0.779907 -0.00329921 -0.625664 0.0166695
1636512771.336991 -2.828076916322292 0.023663437193136197 -0.590912522659837 0.777611 -0.00292336 -0.628513 0.0168395
1636512771.471209 -2.9021509037031397 0.025618369101233912 -0.5818671380449405 0.771897 -0.0026415 -0.635506 0.0173493
1636512771.538120 -2.9390529557499496 0.02540191068933808 -0.5775033397941295 0.768868 -0.00272633 -0.639157 0.0176786
1636512771.606003 -2.976818520655726 0.025778749793731043 -0.5734751110868608 0.765759 -0.0025507 -0.64287 0.0180241
1636512771.672049 -3.0145691524924847 0.02721379776477635 -0.570364320202661 0.762467 -0.00248331 -0.646757 0.0185071
1636512771.740432 -3.0524433429106943 0.02815741458360925 -0.5670931577868665 0.758954 -0.00263445 -0.650868 0.0187831
1636512771.806064 -3.090824350331968 0.02836810514600701 -0.563537495211222 0.755284 -0.0027853 -0.65512 0.0188926
1636512771.872909 -3.1283587021773265 0.028787585837016544 -0.5612652162628052 0.751596 -0.00290942 -0.659342 0.0190323
1636512771.940027 -3.1663787096771356 0.029278217094014014 -0.5585647511103891 0.74785 -0.00300909 -0.663589 0.0190228
1636512772.006776 -3.2051734183335188 0.030087961317388542 -0.5550843177750867 0.74407 -0.00310248 -0.667818 0.0192261
1636512772.073991 -3.242793771921706 0.029710603437144184 -0.5536473680623435 0.740311 -0.00300192 -0.671976 0.0194664
1636512772.208066 -3.321560292193726 0.033805508092179276 -0.5497739206925949 0.732357 -0.0024727 -0.680603 0.0206671
1636512772.275062 -3.3591866931095926 0.03620983535273259 -0.5496169348545511 0.728271 -0.00241931 -0.68496 0.0211054
1636512772.341910 -3.3957141655839633 0.03670772423652309 -0.5493286942278441 0.724115 -0.00268197 -0.689347 0.0212318
1636512772.408872 -3.4332512336391425 0.03765025893694478 -0.55033954824265 0.720028 -0.00327299 -0.693601 0.021598
1636512772.475821 -3.4696841949173782 0.03814273928383205 -0.5523482254702438 0.715883 -0.003959 -0.697866 0.0218815
1636512772.542808 -3.5057774480677537 0.03776365080586806 -0.5562052699434676 0.711527 -0.00469123 -0.702294 0.0221362
1636512772.609594 -3.5422535853967267 0.03820087718876013 -0.5604984309910228 0.706871 -0.00536687 -0.706965 0.0224751
1636512767.585871 -0.7668606282757965 -0.014252660128682282 -1.1248499985955374 0.773975 -0.00353031 -0.632964 0.0175159
1636512772.743807 -3.6142373861842283 0.03886512194685583 -0.5699278856472639 0.696482 -0.00584931 -0.717192 0.0226729
1636512772.810914 -3.6476891045824384 0.03818232299253038 -0.5771970106466437 0.691016 -0.00612108 -0.722451 0.0228749
1636512772.877936 -3.6817988969285445 0.03940860225455323 -0.5831110271236336 0.685206 -0.00627772 -0.727956 0.023074
1636512772.944828 -3.716184188928765 0.03964552754693444 -0.5909085785963237 0.679264 -0.00626536 -0.733505 0.0230562
1636512773.011773 -3.7487945194387775 0.03943143285555728 -0.5988118809201054 0.673057 -0.00627162 -0.739205 0.0230478
1636512773.078757 -3.7816487123914895 0.040023106147770646 -0.608596917778697 0.666751 -0.00619127 -0.744903 0.0228923
1636512773.145719 -3.8140142372523353 0.03902589861627549 -0.6194876746742519 0.66023 -0.00586431 -0.750709 0.0223158
1636512773.212692 -3.8457051310069823 0.03980611680602529 -0.6304430179561127 0.65344 -0.00558781 -0.756638 0.0220072
1636512773.346673 -3.909349886010647 0.03899236554810773 -0.6534184011599207 0.639161 -0.00590729 -0.768736 0.0219797
1636512773.413692 -3.9407070879358117 0.038886854707043825 -0.6659999855232243 0.63176 -0.00599643 -0.774822 0.0222377
1636512773.480720 -3.970749954407211 0.03916288632286849 -0.680059049839323 0.624226 -0.00618271 -0.780893 0.0225966
1636512773.547656 -4.000622063859272 0.03967559237120309 -0.6949377656303519 0.616295 -0.00652835 -0.787154 0.0229335
1636512773.614653 -4.030102159253684 0.04098131275902647 -0.7106250520455967 0.608114 -0.00693877 -0.793485 0.0230586
1636512773.681669 -4.058905546985168 0.04078111618610228 -0.725876077669878 0.599607 -0.00733547 -0.799936 0.0228025
1636512773.748564 -4.087706810619005 0.04049562961858086 -0.7418505448621598 0.590927 -0.00789518 -0.806367 0.0227057
1636512773.815514 -4.11667310038795 0.04048642151114615 -0.75729966125326 0.582099 -0.0083777 -0.812759 0.0226581
1636512773.882440 -4.1447731139826915 0.04071899677196125 -0.773558477520938 0.573115 -0.00894321 -0.819109 0.0227938
1636512773.949635 -4.171026820765196 0.040333306103287156 -0.7906913000947531 0.564035 -0.00964401 -0.825375 0.0229765
1636512774.083566 -4.223032534273797 0.04007808879306425 -0.826140339438037 0.545214 -0.0108307 -0.837904 0.0232764
1636512774.150573 -4.24843003331264 0.039628924420489264 -0.8437953311578166 0.535603 -0.0110517 -0.844079 0.0232102
1636512774.217538 -4.27335312995368 0.0395677355562908 -0.8631963106846214 0.526075 -0.0110735 -0.850052 0.023131
1636512774.284455 -4.297217924483644 0.039360262721093414 -0.882186985812444 0.516439 -0.0109336 -0.855945 0.0230041
1636512774.351552 -4.320162966365428 0.03965219302842808 -0.9039429907192191 0.50705 -0.0107234 -0.861548 0.0227926
1636512774.418410 -4.343765574707844 0.03880151678069195 -0.9249847800214439 0.49744 -0.0106905 -0.867141 0.0224877
1636512774.485547 -4.3672068253880365 0.038476784757342605 -0.9461840767916936 0.48775 -0.0106267 -0.87263 0.0224445
1636512774.552527 -4.3894437908617245 0.037822418864935634 -0.9680650805915563 0.478007 -0.0105055 -0.878003 0.0225908
1636512774.619535 -4.41111575502026 0.03817525619617429 -0.989450384024608 0.46807 -0.0105713 -0.883329 0.0229869
1636512774.753392 -4.4536548681635475 0.03741851621214984 -1.034409141042821 0.448227 -0.0104368 -0.893557 0.0232133
1636512774.820517 -4.474152777992002 0.037035816584539916 -1.0580124379926776 0.438569 -0.010471 -0.898333 0.0233591
1636512774.887437 -4.494164539451674 0.0370387380966444 -1.0820309868890636 0.428871 -0.0105517 -0.902995 0.0236251
1636512774.954339 -4.51334629722564 0.03664471412843745 -1.1052021234722507 0.419063 -0.0106619 -0.907578 0.0239692
1636512775.021075 -4.5327097897536115 0.03718822277237513 -1.128459311570551 0.409251 -0.0111078 -0.912026 0.0244748
1636512775.088234 -4.552186809644906 0.03799350718582034 -1.15238401459811 0.399552 -0.011573 -0.916302 0.0248004
1636512775.155357 -4.571318603058575 0.038489007015727494 -1.1770856459645465 0.389933 -0.0119089 -0.920426 0.025039
1636512775.289423 -4.605129454061705 0.03849143448420855 -1.2283755442540316 0.370737 -0.0123856 -0.92832 0.024966
1636512775.356349 -4.620077515621072 0.03809338730718981 -1.254133938862196 0.360855 -0.0123385 -0.932215 0.0246293
1636512775.423218 -4.635810320035539 0.036862805355176304 -1.280573890375619 0.350797 -0.0121278 -0.936058 0.0242996
1636512775.490119 -4.650971827586256 0.03572258113553878 -1.308368757707687 0.340931 -0.012089 -0.939698 0.0242468
1636512775.558398 -4.665167918052028 0.035527120392786465 -1.3356755657276045 0.330932 -0.0121157 -0.94326 0.0244394
1636512775.691059 -4.693201074498971 0.03550760406809797 -1.3919601390928595 0.310622 -0.0128379 -0.95013 0.0245382
1636512775.759732 -4.707394821185821 0.03541769849260287 -1.4209455750039242 0.300588 -0.0134549 -0.953344 0.0244966
1636512775.825305 -4.719730353688671 0.03522071096367729 -1.4502671576841368 0.29064 -0.0138491 -0.956422 0.0243453
1636512775.892149 -4.731621436624602 0.033772418884463085 -1.4800688079096305 0.280639 -0.0141989 -0.959405 0.0241327
1636512775.963151 -4.742315338359717 0.03329706119687209 -1.5093267133895498 0.270524 -0.0143896 -0.962302 0.0241792
1636512776.026150 -4.752608920213124 0.03239179290583677 -1.5386168537448743 0.260257 -0.0143879 -0.965126 0.0243308
1636512776.093181 -4.763113221723859 0.03106593860644699 -1.5682010471577612 0.24993 -0.0142691 -0.967844 0.0246806
1636512776.160063 -4.771677191209517 0.030701684595841078 -1.5973375715918647 0.239822 -0.013874 -0.970389 0.0252573
1636512776.226854 -4.779116416924418 0.031339573442739826 -1.6265267365630225 0.22974 -0.013477 -0.972816 0.0258099
1636512776.361072 -4.794384941871334 0.03001767849829315 -1.6845094786865127 0.209047 -0.0134836 -0.97746 0.0262639
1636512776.428069 -4.802257867030786 0.030169962195606415 -1.7138375582510366 0.198601 -0.0133267 -0.979631 0.0265191
1636512776.494987 -4.808816195020636 0.029906284368937247 -1.7439020573817465 0.188459 -0.0132061 -0.981632 0.0265836
1636512776.562031 -4.814791611498548 0.029556605042777462 -1.774545145096372 0.178293 -0.0132171 -0.98353 0.026559
1636512776.629136 -4.820014045415173 0.02780455725682099 -1.8045772521767498 0.168021 -0.0133155 -0.985336 0.026539
1636512776.695976 -4.825157545392866 0.027178436597192546 -1.8339225508726507 0.157504 -0.0137054 -0.987061 0.0267357
1636512776.763041 -4.829616005253959 0.02752546709841927 -1.8647838313387695 0.146996 -0.014234 -0.98867 0.026861
1636512776.829721 -4.834427649877821 0.027468605089959852 -1.8949048316345132 0.136525 -0.0147776 -0.990166 0.0267268
1636512776.896855 -4.8376659008289264 0.026124885576081586 -1.925310384307586 0.126339 -0.0150027 -0.991522 0.0264205
1636512776.963931 -4.8402263781120975 0.025284778608025776 -1.9562206934928734 0.116155 -0.015529 -0.992761 0.0263034
1636512777.030869 -4.841578814192773 0.02439730904691048 -1.9869251841297502 0.105811 -0.0160665 -0.993908 0.0263114
1636512777.097811 -4.843315245589896 0.024650104805350626 -2.018780424138068 0.0952543 -0.0162332 -0.99497 0.0264259
1636512777.165035 -4.84368864139413 0.025151798075485843 -2.050604252501143 0.0848015 -0.0162364 -0.995915 0.0264216
1636512777.298825 -4.84131830321946 0.024725556487323302 -2.113139690513897 0.0642694 -0.0158468 -0.997463 0.0261885
1636512777.365771 -4.8375829059298265 0.024430826756508567 -2.1452115164546344 0.0540062 -0.0154951 -0.998081 0.0260316
1636512777.432709 -4.834905789302062 0.023249138307273598 -2.1771878487566925 0.0434266 -0.0152537 -0.998605 0.0258931
1636512777.566875 -4.827519454106106 0.02233486341264372 -2.238753628217153 0.0223858 -0.0154323 -0.999298 0.0257848
1636512777.633872 -4.822993967845899 0.0225876252598486 -2.2701291120575333 0.0120164 -0.0153421 -0.99948 0.025708
1636512777.700730 -4.816871753837725 0.02244967699901433 -2.3006915985270413 0.00172856 -0.0152343 -0.999561 0.0253515
1636512777.834831 -4.802507334157265 0.020851477033365748 -2.362195767911688 -0.0193734 -0.0152663 -0.999414 0.0237245
1636512777.901717 -4.794971608589133 0.019090595268573596 -2.3930440893136407 -0.0299859 -0.0153856 -0.999165 0.0231094
1636512777.968647 -4.786104767065451 0.018019878705433104 -2.4223730300138575 -0.0406171 -0.0151216 -0.998801 0.0227792
1636512778.102777 -4.765788158449039 0.016268152548689574 -2.4810264833893454 -0.0622769 -0.0152098 -0.997698 0.022121
1636512778.169775 -4.756625648773391 0.015077983993355387 -2.510023505381481 -0.0733137 -0.0153638 -0.996951 0.0218648
1636512778.236563 -4.746693944178944 0.014260516410804364 -2.538900308491137 -0.0842399 -0.015215 -0.996091 0.0217978
1636512778.303757 -4.734827172554379 0.014294869679137692 -2.567255246293076 -0.0949673 -0.0152494 -0.995125 0.0218041
1636512778.437724 -4.709915841282029 0.012744587069068253 -2.622820564395558 -0.11684 -0.0153145 -0.992801 0.0214643
1636512778.504727 -4.697240964024294 0.010930656684465856 -2.6485396944440787 -0.127834 -0.0159759 -0.99144 0.021201
1636512778.571558 -4.685314335067618 0.01114603471389411 -2.676609214291159 -0.13887 -0.0167798 -0.989945 0.0210495
1636512778.705606 -4.658626274294628 0.009985164711106234 -2.730944893555673 -0.160395 -0.0176795 -0.986676 0.020763
1636512778.772473 -4.642930862572719 0.009454921755612924 -2.7568898590469018 -0.170809 -0.0177819 -0.984929 0.0205753
1636512778.839594 -4.626716102599355 0.008779725250875142 -2.7840756057356195 -0.181478 -0.0176467 -0.983026 0.0203628
1636512778.907278 -4.609996003742287 0.0073858441789269105 -2.8085454457541683 -0.192221 -0.0173243 -0.980993 0.0200916
1636512778.974082 -4.593179024258293 0.007303406397750019 -2.834315291312756 -0.203068 -0.0172191 -0.978811 0.0199168
1636512779.040576 -4.576042786355219 0.005936541390149722 -2.859583432354332 -0.213706 -0.0172426 -0.976548 0.0196555
1636512779.107460 -4.5583099297655725 0.004880838450514412 -2.8846502040006134 -0.224168 -0.0174974 -0.974194 0.0197069
1636512779.174410 -4.540421991484003 0.004448396357662192 -2.908778520619213 -0.234594 -0.0184171 -0.971717 0.0198083
1636512779.241370 -4.521661953421785 0.0042422007583730326 -2.9327082203533164 -0.245189 -0.0191462 -0.969083 0.0198512
1636512779.643445 -4.397801959226766 0.00045192339242837096 -3.061561713338929 -0.308044 -0.0199499 -0.950921 0.021443
1636512779.710500 -4.375673106432489 -3.3141216713165195e-05 -3.081192568810792 -0.31836 -0.0200857 -0.947508 0.0217275
1636512779.777344 -4.352563340890978 0.00025412917292204525 -3.1011134239123237 -0.328492 -0.0200525 -0.944043 0.0217588
1636512779.844136 -4.328459092427782 5.039324929734246e-05 -3.1200082315475477 -0.338628 -0.0199754 -0.940462 0.0215155
1636512779.911286 -4.30473003679735 -0.0017752115624324882 -3.1391593345486393 -0.348826 -0.0194474 -0.93674 0.0214534
1636512779.978331 -4.2805960505684775 -0.0027448490131240025 -3.1575394385532216 -0.35886 -0.018722 -0.932951 0.0217296
1636512780.045213 -4.256151518040922 -0.0035839107156296 -3.1742728711500954 -0.368796 -0.018367 -0.929071 0.0218802
1636512780.112260 -4.231027638027878 -0.00417280751396841 -3.1907244316309367 -0.378916 -0.0180104 -0.924995 0.021957
1636512780.179438 -4.205665833185645 -0.004771933050615608 -3.207117185365351 -0.389127 -0.0176539 -0.92075 0.0220825
1636512780.246171 -4.180898975861181 -0.005377779687004862 -3.2237407937037097 -0.399264 -0.0178358 -0.916396 0.0221055
1636512780.313174 -4.154933869483136 -0.005181680603879267 -3.23950234190037 -0.40925 -0.0180931 -0.911975 0.0220926
1636512780.447036 -4.10244709204933 -0.006004487681461328 -3.268194085342513 -0.429284 -0.0187417 -0.902724 0.0212792
1636512780.514276 -4.07619664141601 -0.007256937775208749 -3.28258294552297 -0.439393 -0.0190507 -0.897857 0.0205874
1636512780.581530 -4.0497691155219755 -0.008266116107796817 -3.2961829243609535 -0.449336 -0.0194981 -0.892928 0.0199135
1636512780.648251 -4.022721254947472 -0.009805306696882815 -3.3085560197050463 -0.459189 -0.0198553 -0.887905 0.0193988
1636512780.715289 -3.9953493297690272 -0.010418063119587845 -3.3200142960789263 -0.469123 -0.0202337 -0.882694 0.01912
1636512780.782248 -3.9678256863718384 -0.010404023845510202 -3.330366877481913 -0.479132 -0.0205615 -0.877299 0.0188521
1636512780.849236 -3.9406239561362932 -0.010624665591075264 -3.340399367044407 -0.489267 -0.0203461 -0.871698 0.0186295
1636512780.916083 -3.9123325287610857 -0.0115964631296131 -3.349977425434615 -0.499334 -0.0201693 -0.86598 0.0183688
1636512780.982965 -3.8840834737685426 -0.012158248906835756 -3.3585187086248056 0.509344 0.0200044 0.860137 -0.0182444
1636512781.049892 -3.855627599551339 -0.012143278855514542 -3.3656969724233425 0.519367 0.0196529 0.854131 -0.0181943
1636512781.117000 -3.827071927809711 -0.012253396557183105 -3.372666281730453 0.529374 0.0191043 0.847985 -0.0179086
1636512781.184329 -3.797869861123148 -0.013264834036740322 -3.3787058225009363 0.539272 0.0182004 0.841752 -0.0175726
1636512781.251132 -3.768157635307581 -0.01423607977078141 -3.384019181548505 0.549155 0.0175791 0.835358 -0.0172411
1636512781.385070 -3.7092917046468923 -0.015599038708053306 -3.393185767505171 0.569248 0.0170459 0.821823 -0.0165242
1636512781.451931 -3.679774790124803 -0.016420300456349887 -3.3974245090534394 0.57921 0.0167184 0.814842 -0.016422
1636512781.519005 -3.6498772774146255 -0.016390726136913683 -3.400093422476536 0.588991 0.0167281 0.807805 -0.0161577
1636512781.585963 -3.6207992250800722 -0.016633319231847535 -3.401938038730033 0.598807 0.0164164 0.800568 -0.015838
1636512781.652853 -3.59026589659395 -0.016974767519929948 -3.4042007088287867 0.608567 0.0161149 0.793187 -0.0155381
1636512781.719763 -3.560171420921134 -0.017204850063804428 -3.4054088342277424 0.618116 0.0160992 0.785777 -0.0151082
1636512781.786839 -3.5307772817256002 -0.01718225522161626 -3.405269330527789 0.627555 0.0160803 0.778269 -0.0146124
1636512781.920872 -3.4711671200683947 -0.017268507199969793 -3.403330660998599 0.646343 0.0160717 0.762761 -0.013298
1636512781.988033 -3.4407908531783926 -0.017322812021086875 -3.401732603964657 0.655523 0.0157962 0.754901 -0.0128049
1636512782.055006 -3.4110337377294835 -0.0175727538107837 -3.398281555617482 0.664491 0.0154842 0.747032 -0.0124777
1636512782.122007 -3.380328875501216 -0.017359696580550837 -3.3939470578678015 0.673489 0.015109 0.738941 -0.0123156
1636512782.188926 -3.3495680330386204 -0.016817342721315492 -3.389062453527901 0.682503 0.0147722 0.730633 -0.0120953
1636512782.255682 -3.319723320100153 -0.0168985677330004 -3.3836353778053185 0.691444 0.0143713 0.722189 -0.0118955
1636512782.389701 -3.26016086048599 -0.017009594216606666 -3.3708257650480897 0.70885 0.0134451 0.705136 -0.011569
1636512782.456830 -3.231146695058284 -0.017257603425213583 -3.363178823078014 0.717366 0.0127722 0.696485 -0.0114721
1636512782.523822 -3.2011499718565366 -0.01736567637838915 -3.355317584187013 0.725727 0.0121182 0.687784 -0.0112777
1636512782.590855 -3.1707962832789653 -0.017531928631696586 -3.3470468739841386 0.733838 0.0115934 0.679137 -0.0109898
1636512782.657808 -3.142168500252403 -0.017459549581542305 -3.337722974082761 0.74172 0.0113343 0.670529 -0.0106812
1636512782.724870 -3.1131111629677104 -0.017114831313381568 -3.32798864151959 0.749475 0.0112529 0.661856 -0.0103428
1636512782.791543 -3.084378344226427 -0.016801731036081305 -3.3175148515897726 0.757187 0.0110566 0.653027 -0.0100662
1636512782.858650 -3.054827263138229 -0.016700834586994992 -3.306371234135505 0.764816 0.01079 0.644085 -0.00969847
1636512782.992620 -2.9968342376768167 -0.01678873914248334 -3.2817336714168865 0.779619 0.0100472 0.6261 -0.00958243
1636512783.059679 -2.969396196454503 -0.01645800113478388 -3.2682966851917 0.786787 0.00979833 0.617074 -0.00955203
1636512783.126763 -2.941576220188856 -0.01636690899764534 -3.253985441795013 0.793924 0.00967719 0.607869 -0.0093164
1636512783.260563 -2.886940872411931 -0.014982440699505703 -3.2259945682345914 0.808045 0.0102914 0.588979 -0.00783795
1636512783.327743 -2.859639514995691 -0.014636306325552684 -3.2113140891578196 0.814857 0.0105802 0.579521 -0.00709986
1636512783.394474 -2.8337030044039886 -0.014210727286418937 -3.195385803641206 0.821453 0.0108515 0.570136 -0.0064593
1636512783.461545 -2.8083673183105162 -0.014300553414075268 -3.1793263485790244 0.827995 0.0110856 0.560596 -0.00588188
1636512783.528418 -2.783348433300974 -0.014595304334783815 -3.1623334420785736 0.834494 0.0111222 0.550877 -0.00553918
1636512783.595544 -2.7587489496049904 -0.015413916039587555 -3.1446567297065346 0.840888 0.0112159 0.541066 -0.00537993
1636512783.662465 -2.73547743513759 -0.01449253425998867 -3.1264254923127064 0.847139 0.0113936 0.531221 -0.00546433
1636512783.729562 -2.7117093865488933 -0.014427438108000346 -3.1072801395448977 0.853289 0.0110658 0.521288 -0.00587421
1636512783.930576 -2.6424749093701694 -0.013138486907404018 -3.0444054775664346 0.87071 0.0103059 0.491654 -0.00578705
1636512783.997319 -2.6201228987071334 -0.013396460702157886 -3.0238064101202666 0.87623 0.0107645 0.481743 -0.00539952
1636512784.064491 -2.5994462276749286 -0.013091114022431974 -3.0033727298922384 0.881485 0.0117701 0.472042 -0.00466668
1636512784.131182 -2.577776906087665 -0.013333130570356011 -2.9828496295251448 0.886572 0.0129225 0.462396 -0.00362932
1636512784.198532 -2.557410229396253 -0.013087626678862319 -2.961641669924526 0.891524 0.0138593 0.452752 -0.00282796
1636512784.265528 -2.53714046219735 -0.01249423524943602 -2.9391986402885806 0.896304 0.01437 0.4432 -0.00249073
1636512784.332343 -2.5173841614515946 -0.012477993636647797 -2.915453256511945 0.900886 0.0144824 0.433805 -0.00262749
1636512784.466457 -2.4753535801482207 -0.011017924636795712 -2.8665751732641285 0.909736 0.0143138 0.414925 -0.003544
1636512784.533406 -2.455049456795398 -0.009348844309521251 -2.8412092858388416 0.913956 0.0142187 0.405542 -0.00414065
1636512784.600209 -2.434677558542868 -0.008698738100701653 -2.8165132102225408 0.917999 0.0141899 0.396304 -0.00436955
1636512784.667306 -2.414747022038233 -0.007635326741931028 -2.790551506062619 0.921819 0.0142643 0.38733 -0.00472438
1636512784.734100 -2.394661707194985 -0.006263879691391749 -2.7643781945004777 0.925502 0.0142876 0.37844 -0.0050351
1636512784.801358 -2.374014535910135 -0.0043569656442989935 -2.7377101185331387 0.929032 0.014283 0.369684 -0.00530528
1636512784.868348 -2.3544741342531674 -0.0021787756658074586 -2.711887425389384 0.932407 0.0142768 0.361084 -0.00564748
1636512784.935311 -2.3338785813410063 0.00047028149140458664 -2.68577180481494 0.935542 0.0142576 0.352882 -0.00574082
1636512785.002203 -2.315773947179043 0.001000653028691359 -2.659231827371093 0.938469 0.013915 0.345038 -0.0056104
1636512785.069222 -2.298582087570992 0.0016775187407600672 -2.6324341560146296 0.941314 0.0136783 0.337215 -0.00517129
1636512785.136203 -2.282433522635104 0.0022107746589552085 -2.60449957127848 0.944139 0.0134408 0.329238 -0.00489066
1636512785.203089 -2.266373436091757 0.002081693702989107 -2.576556764295662 0.946966 0.0133596 0.321021 -0.0047993
1636512785.270477 -2.249847255785359 0.002696213202318831 -2.5491182991635206 0.949711 0.0135599 0.312798 -0.00471864
1636512785.337072 -2.23330353109999 0.0034625523571180233 -2.5209406737397835 0.952281 0.0135998 0.304882 -0.00484239
1636512785.404156 -2.2164265166727395 0.004427538118055546 -2.4924386012767314 0.954701 0.013521 0.297216 -0.00511471
1636512785.471056 -2.2013022477293593 0.004525464848084956 -2.4632079382597825 0.956974 0.0134114 0.289819 -0.00516729
1636512785.538109 -2.1862761013638248 0.005402967473457129 -2.433687323016898 0.959192 0.013405 0.282398 -0.00477044
1636512785.605135 -2.1696193513331297 0.005765878702399446 -2.404133468764208 0.961357 0.0135542 0.274939 -0.00430242
1636512785.672260 -2.1520518907754775 0.006276365627575262 -2.3749774061251663 0.96342 0.0139465 0.267608 -0.00366913
1636512785.873073 -2.105934942073799 0.007583145503380684 -2.2844790984116363 0.968879 0.0133964 0.247153 -0.00291785
1636512785.940053 -2.0918394123311894 0.0068673878842495095 -2.2539607527357197 0.970538 0.0131499 0.240569 -0.00306972
1636512786.007102 -2.07891088865016 0.00710941152707098 -2.223576123806687 0.972085 0.0132479 0.234226 -0.00356886
1636512786.074089 -2.063842372957477 0.006233598510832369 -2.193996374756914 0.973522 0.0134717 0.22816 -0.00405831
1636512786.141099 -2.051328298619816 0.006960450696488582 -2.163306098991071 0.974796 0.0138392 0.222621 -0.00457775
1636512786.208007 -2.0385572107374577 0.006847907551169818 -2.1332106018095174 0.976026 0.0141223 0.217128 -0.00536121
1636512786.274991 -2.0255071088710017 0.006689565702564515 -2.102706705382701 0.977233 0.0143242 0.211605 -0.00588642
1636512786.342095 -2.0080763129168027 0.0002705901898644447 -2.076007798930778 0.978422 0.0140054 0.206053 -0.00603537
1636512786.408818 -1.9982238826756582 0.0023328636228867605 -2.043053747725647 0.979402 0.0143174 0.201323 -0.00590496
1636512786.475827 -1.9873402274217535 0.004667899133758105 -2.0098381614889647 0.980292 0.0147357 0.196934 -0.00525789
1636512786.610007 -1.963242274747965 0.00869666622831497 -1.9441348165141314 0.98202 0.0154773 0.188109 -0.00345005
1636512786.676960 -1.9507458647082823 0.009364365663032767 -1.9116168772014281 0.982921 0.0158113 0.183327 -0.00276196
1636512786.743911 -1.9380574256333003 0.010045997159175937 -1.8800813451619176 0.98382 0.0160298 0.178425 -0.00241145
1636512786.877797 -1.917220420941124 0.0071325215392955416 -1.8137025251643932 0.985447 0.0156924 0.169243 -0.00220655
1636512786.944945 -1.9078265221632458 0.006848869549432757 -1.7798568437067899 0.9862 0.0156463 0.164807 -0.00188633
1636512787.011827 -1.8990997642451446 0.007993969705370162 -1.7456811786536783 0.98695 0.0155397 0.160269 -0.00164945
1636512787.078815 -1.8910290637494114 0.008323148595086712 -1.7104751878661106 0.987695 0.0151451 0.15565 -0.00153735
1636512787.145561 -1.8826591212189951 0.008885824447915858 -1.6760830381055436 0.988442 0.0148194 0.150864 -0.00146153
1636512787.212681 -1.874763936607111 0.008051497923067315 -1.6416788088051777 0.989174 0.0145444 0.14602 -0.00129176
1636512787.279742 -1.866437581213888 0.006279936593300908 -1.607574636695711 0.989882 0.0143028 0.141168 -0.00101889
1636512787.346805 -1.8578991379000498 0.007504502203518178 -1.5729252240188785 0.990544 0.0142224 0.136452 -0.000807232
1636512787.413792 -1.8499707596400017 0.007250957924754185 -1.5388931075383918 0.991173 0.013859 0.131847 -0.000369484
1636512787.480682 -1.841537776927162 0.007656067104570438 -1.5049476650986238 0.991802 0.0132306 0.127094 0.000156608
1636512787.547812 -1.8374872715991974 0.0067725426559251956 -1.4683553418054456 0.992397 0.0125055 0.122441 0.000360206
1636512787.681576 -1.8247916592368805 0.002370791320269905 -1.3992884728736652 0.993542 0.0112185 0.112908 4.23743e-05
1636512787.748528 -1.820011743824608 0.0077281516221670635 -1.3632574534935438 0.99404 0.011259 0.108437 0.000113873
1636512787.815665 -1.814386448803686 0.0054493778786205635 -1.328704509226113 0.994522 0.0108291 0.103967 -4.8661e-05
1636512787.882656 -1.8086190317004642 0.005523324311909175 -1.2943318118626712 0.994967 0.0107436 0.0996231 0.000370056
1636512787.949643 -1.8039392562974452 0.002496160910568479 -1.2597688460828382 0.995394 0.0103545 0.0953072 0.000623083
1636512788.083579 -1.7925483095069186 0.010915905490014314 -1.1889306264725772 0.996176 0.0100381 0.0867825 0.00102339
1636512788.150655 -1.7882528227038073 0.006495982915995676 -1.1531295147943534 0.996524 0.00923493 0.0827837 0.000797557
1636512788.217580 -1.784473923858538 0.006035864068921235 -1.1179342020394285 0.996837 0.00886546 0.0789708 0.000239701
1636512788.284510 -1.7809441629484761 0.0050435657160687285 -1.0824297410550743 0.997114 0.00862586 0.0754209 -0.0002196
1636512788.351287 -1.7776456260580606 0.005386510330941032 -1.0463383071991488 0.997369 0.00857691 0.0719884 -0.000266035
1636512788.418607 -1.7731901165004542 0.003881763385178115 -1.0112145262967243 0.997613 0.00830188 0.0685586 -0.000274225
1636512788.485489 -1.7694999053285294 0.007043194947519794 -0.9747745301083603 0.997829 0.00826034 0.0653344 0.000273355
1636512788.552552 -1.7648470982533462 0.01042289708691934 -0.9388475728868764 0.998025 0.00813517 0.062281 0.0011735
1636512788.619554 -1.7605484129978162 0.01105790188567823 -0.903089757800736 0.99821 0.00773769 0.0592823 0.00154644
1636512788.686419 -1.7573711703264763 0.010301516499116514 -0.866489611242897 0.998381 0.0073061 0.0563796 0.00172156
1636512788.753637 -1.7540004250142465 0.010213850782456842 -0.8300788708971686 0.998536 0.00696891 0.0536086 0.0015843
1636512788.820599 -1.7515745671025131 0.011062659829638164 -0.7932707985306442 0.998675 0.0066673 0.0510153 0.00121798
1636512788.887385 -1.7491925601042173 0.012396475516105931 -0.756144659503771 0.9988 0.00644436 0.0485449 0.000818859
1636512788.954325 -1.7478849977520592 0.011633506034710684 -0.7185124166331269 0.998913 0.00613061 0.046204 0.000682627
1636512789.021271 -1.7443815788567374 0.012076168305877207 -0.6818409271074608 0.99902 0.00593082 0.043855 0.00101301
1636512789.089920 -1.7414310352746394 0.012698634362720604 -0.6442434999014526 0.999116 0.00562683 0.0416476 0.00128421
1636512789.155411 -1.739263935937522 0.013492907784365325 -0.6063720563229571 0.999203 0.00532645 0.0395324 0.00177903
1636512789.223225 -1.7372851045532889 0.015043077900211317 -0.5681321448047765 0.999285 0.00519726 0.0373855 0.00228879
1636512789.289601 -1.7346706831607683 0.017018487734040952 -0.5302867649853814 0.999366 0.00511973 0.0351357 0.00245828
1636512789.356452 -1.7323261289636827 0.017323569276223198 -0.49281735848296593 0.999441 0.00482455 0.0330131 0.00223202
1636512789.423427 -1.730551651851322 0.017222635529352118 -0.45510469713373986 0.999504 0.00444801 0.0311211 0.00194214
1636512789.557030 -1.7293990045426846 0.018060014006392386 -0.3775077946774312 0.999606 0.00384703 0.0277926 0.000777103
1636512789.624175 -1.727931492271931 0.018994132702747645 -0.3390798504271064 0.999651 0.00362206 0.0261613 0.000201755
1636512789.691201 -1.7266721137402814 0.019486699047114815 -0.3008915500383159 0.99969 0.00331364 0.0246762 -0.000248768
1636512789.758647 -1.7249193715321334 0.018683207673752516 -0.26247736203143635 0.999722 0.00304151 0.0233926 -0.000220886
1636512789.825258 -1.722317271258434 0.017482183545901645 -0.22442389998541362 0.999744 0.00295792 0.0224319 0.00016705
1636512789.892287 -1.7190745991838814 0.017753068719828416 -0.18609208246262626 0.999759 0.00312571 0.0217215 0.000746286
1636512789.959237 -1.7160264150611253 0.018916187548276796 -0.14814862545858323 0.999767 0.00330994 0.0212581 0.00155392
1636512790.026107 -1.7132446938570902 0.019784424240288992 -0.10996724050416695 0.999773 0.00347236 0.0209317 0.00193676
1636512790.093120 -1.7108409833798834 0.01953930539564842 -0.07179619653206291 0.999777 0.00364857 0.020707 0.00195005
1636512790.227082 -1.7048738911287025 0.022787154552976963 0.003502765825561943 0.999771 0.00484146 0.0208218 0.00133302
1636512790.294152 -1.7035020857889334 0.02234719728763097 0.041731967509891235 0.999761 0.00499962 0.0212479 0.00107035
1636512790.361267 -1.7008286729556643 0.021940596356149502 0.07937420509472895 0.999749 0.00515205 0.0217741 0.000973409
1636512790.428018 -1.6986716321291084 0.021160060027246488 0.11766731385425126 0.999731 0.00548622 0.0225279 0.000908122
1636512790.495037 -1.6949900307597472 0.02194654290681148 0.15538990777524322 0.999709 0.00607193 0.0233157 0.00129381
1636512790.562220 -1.6918401774575134 0.024071314951382726 0.19288410836355074 0.999685 0.00672385 0.0241611 0.0013518
1636512790.628963 -1.6890822608131002 0.02549551603981639 0.2304960181217011 0.99966 0.00712652 0.0250623 0.00105261
1636512790.697747 -1.6867378434421874 0.026782015088581468 0.2685536148948891 0.999635 0.00732307 0.0259839 0.000686597
1636512790.762911 -1.6837596555342051 0.027339651442767555 0.3064156893890119 0.999611 0.00748415 0.0268618 6.99364e-05
1636512790.830018 -1.6809929310680647 0.02754620538642712 0.3440391798022541 0.999578 0.00768953 0.0279966 -0.000482785
1636512790.897145 -1.6772945891377706 0.02664381001280405 0.3813516114885861 0.999539 0.00783587 0.0293247 -0.000826376
1636512790.963920 -1.6727630327065615 0.02745726268020074 0.41919847602357496 0.999491 0.00810233 0.0308614 -0.000781105
1636512791.031124 -1.668736398032929 0.02787587697962901 0.456650583906435 0.999432 0.00837036 0.0326353 -0.000730753
1636512791.098011 -1.6643105769068252 0.029380801034227133 0.4946281457000756 0.999371 0.00864837 0.0343824 -0.000304952
1636512791.164956 -1.6585509756517551 0.03107200543734946 0.5326022099320256 0.999311 0.00871269 0.0360631 0.000351712
1636512791.231945 -1.653113190079256 0.032166754530804725 0.5703831447327962 0.999245 0.00853886 0.0378997 0.000468491
1636512791.298785 -1.6473505869331575 0.03227657151551916 0.6085229697857533 0.999167 0.00815473 0.0399725 0.000565252
1636512791.432801 -1.6379722867893078 0.03371146319199089 0.68587290989088 0.998984 0.00790314 0.0443647 0.000453158
1636512791.500021 -1.632147689454538 0.03504276970191442 0.7238277432075007 0.998884 0.00774333 0.0465844 0.00026137
1636512791.567013 -1.6261900586949833 0.03563378801175699 0.7622789748594622 0.998772 0.00733981 0.0489967 0.000157977
1636512791.634004 -1.6212338199665364 0.03500274207333387 0.8007717525289497 0.998644 0.0069488 0.0515861 6.74323e-05
1636512791.700905 -1.61520459814256 0.03463168170362666 0.8387909801847682 0.998515 0.00685935 0.0540501 4.55771e-06
1636512791.767759 -1.6083545613352552 0.03615072651492972 0.876324013298183 0.99838 0.00686776 0.0564834 -0.000129459
1636512791.834675 -1.6017624484793607 0.036766531504121264 0.9140987520234457 0.998232 0.00657594 0.0590662 -0.000462756
1636512791.968673 -1.5883267912363979 0.037406905493650194 0.9896895078012246 0.997895 0.00612675 0.0645535 -0.00075267
1636512792.035825 -1.581754756384942 0.03762349087347603 1.0278985473269882 0.997708 0.00607233 0.0673929 -0.000891164
1636512792.169811 -1.5665524059504452 0.03863830363039736 1.10261284879964 0.99733 0.005961 0.0727801 -0.000438636
1636512792.236794 -1.5587383625915876 0.03823987580195185 1.1399065984768795 0.997133 0.00596176 0.0754353 -0.000460006
1636512792.303780 -1.5507485342528282 0.038623258542339445 1.1771982092344606 0.996919 0.00623317 0.0781933 -0.000347352
1636512792.372585 -1.542008348113782 0.0392442823893535 1.2134476045523273 0.996701 0.00653445 0.0808946 -0.000210638
1636512792.437590 -1.5335810358973097 0.04030926558417951 1.2495041316085302 0.996476 0.00673124 0.0836025 -0.000152581
1636512792.504563 -1.52482235573973 0.04096761070940943 1.2863075353258457 0.996245 0.00673859 0.0863112 -0.000329229
1636512792.571584 -1.5167712291773934 0.04152130980646694 1.3232848010397702 0.995997 0.00684135 0.0891225 -0.000809111
1636512792.638737 -1.5085341683045388 0.04213885124582516 1.359762694172296 0.995742 0.00708495 0.0918961 -0.00151977
1636512792.705624 -1.500328512194729 0.043440380641608496 1.3965550312922315 0.995477 0.00732214 0.0946905 -0.00221022
1636512792.772594 -1.4911612967095185 0.04372870921845198 1.4329550444310892 0.99521 0.00733409 0.0974466 -0.00275871
1636512792.839694 -1.4811227404810086 0.04384022177552982 1.4697124772518853 0.994927 0.00730312 0.100291 -0.00283307
1636512792.906596 -1.4701825049192818 0.044307601065100274 1.5060487218123892 0.994626 0.00736782 0.103235 -0.00261999
1636512792.973616 -1.4592139206417016 0.045579710663587195 1.5429584657959985 0.994308 0.00740214 0.106264 -0.00221899
1636512793.040601 -1.4479225423943494 0.04638425208582268 1.5799144479492317 0.993966 0.00732283 0.109433 -0.00179995
1636512793.107638 -1.4364287511830858 0.04695505606566343 1.6164491212467673 0.993602 0.0073152 0.112689 -0.00178272
1636512793.174405 -1.4250866001679239 0.04743920701440518 1.6529382515465398 0.993195 0.00739088 0.116208 -0.00212629
1636512793.241557 -1.4140100970151142 0.04812465830496028 1.6897138720011786 0.992745 0.00753638 0.119968 -0.00270591
1636512793.308589 -1.4026429729023948 0.04894084977550749 1.7262781492086146 0.992283 0.00766532 0.12371 -0.00335128
1636512793.375569 -1.3910418465394203 0.049046154669162775 1.763071827123988 0.991807 0.00764099 0.12746 -0.00369917
1636512793.576488 -1.3506216301666432 0.049342905211461945 1.8704372106757807 0.99024 0.00768199 0.139122 -0.00329879
1636512793.710385 -1.3237394152267343 0.05078636009496072 1.9422732577081425 0.989075 0.00768995 0.147178 -0.00319867
1636512793.777194 -1.3101799673017345 0.05129252151284437 1.9787412122633767 0.988478 0.00766443 0.151139 -0.00322516
1636512793.844394 -1.2958860591262034 0.051798429927477296 2.01387675353819 0.987866 0.00783253 0.155075 -0.00346315
1636512793.911407 -1.2813429690568012 0.05207378763352375 2.048771104134661 0.987217 0.0080817 0.159128 -0.00401049
1636512793.978466 -1.2664117303282152 0.05263916052305434 2.0833152088591347 0.986529 0.00826476 0.163318 -0.00448224
1636512794.045367 -1.251062335607551 0.05314298489675061 2.1178570253978775 0.985827 0.00815947 0.167492 -0.00490304
1636512794.113297 -1.2352747049465527 0.05343849439485308 2.1521446989777075 0.985091 0.00795661 0.171766 -0.00532867
1636512794.179276 -1.2196592584467356 0.05353703843603831 2.1871643535385523 0.984295 0.00792064 0.176259 -0.00577231
1636512794.313343 -1.1855804681318651 0.05318136218621085 2.254279713606533 0.982604 0.00833856 0.185429 -0.00592967
1636512794.380080 -1.1687442678133113 0.053879500059341695 2.287231731089162 0.981694 0.00872253 0.190166 -0.00610509
1636512794.447345 -1.1512071276525135 0.054359693418230395 2.319967238078318 0.980782 0.00898971 0.194802 -0.00616385
1636512794.581170 -1.115412114269849 0.05526794701883394 2.38482888685487 0.978901 0.00938812 0.20401 -0.00673875
1636512794.648355 -1.0970151795150365 0.05558976514388022 2.416970226643085 0.977903 0.00956662 0.208729 -0.00684541
1636512794.715317 -1.0785028551898355 0.05652978328595969 2.448377035118555 0.976862 0.00980793 0.213529 -0.00701611
1636512794.782319 -1.060853947702637 0.0571219610201781 2.4802780630123946 0.975751 0.00996933 0.218532 -0.00741491
1636512794.849082 -1.0425650002213076 0.057037137712861355 2.5119560603234543 0.97462 0.0101116 0.223507 -0.00763734
1636512794.916094 -1.0231762560870248 0.05739602920301895 2.5427810469666907 0.973495 0.0103573 0.228336 -0.00787048
1636512794.982875 -1.0028549237206683 0.05726418140957857 2.5726159218658506 0.97232 0.0104169 0.233275 -0.00819573
1636512795.050226 -0.9824934114774363 0.057677350132205915 2.6030387037402773 0.971022 0.0102844 0.238619 -0.00840935
1636512795.251161 -0.9195825748557491 0.058574896488207726 2.6961909117537113 0.966838 0.010022 0.25503 -0.00911604
1636512795.318119 -0.8969563146388733 0.059030342686566616 2.725270796190112 0.965347 0.0101187 0.260611 -0.0092201
1636512795.385180 -0.8741804053258772 0.05900385604667136 2.7545152048342834 0.963747 0.0101251 0.266454 -0.00955648
1636512795.452102 -0.8512950158941357 0.05900406825090274 2.783837547343449 0.962035 0.010167 0.272559 -0.00982453
1636512795.585792 -0.8053338275109998 0.06046616035665964 2.8427532528998865 0.958567 0.0103339 0.284508 -0.00985697
1636512795.653012 -0.7811189503707401 0.06041951397162266 2.8706622965188124 0.956853 0.0103289 0.290225 -0.00969817
1636512795.720083 -0.7559555078945894 0.06022108390595269 2.8974584922907076 0.955054 0.010421 0.296099 -0.0094692
1636512795.853975 -0.706008913065816 0.06074971989921337 2.9518171299862024 0.951207 0.0109872 0.30823 -0.00889285
1636512802.418602 2.4771363954767107 0.023391532688498785 3.3177164246482187 0.500584 0.0123407 0.865255 -0.0244215
1636512796.054876 -0.6273887541622769 0.0616666405406805 3.028916513986114 0.945444 0.0125495 0.325464 -0.00722878
1636512802.619720 2.55830401234531 0.02191424567929488 3.253067840806052 -0.481254 -0.0126309 -0.876135 0.0249679
1636512796.188749 -0.5753471982971685 0.06301516104815616 3.080697312020506 0.941228 0.0125111 0.337462 -0.00720362
1636512796.255975 -0.5495201367181364 0.06369100057656531 3.1072172261871343 0.939151 0.0121509 0.343206 -0.00758572
1636512796.389893 -0.49425615575195203 0.06361803809258507 3.1567902566314645 0.93489 0.0111131 0.354665 -0.00838837
1636512796.456846 -0.4665767634133382 0.06388031093072344 3.182518665599248 0.932546 0.0105921 0.360792 -0.00869966
1636512796.523832 -0.4385556028396229 0.06353197217691531 3.2084090162851853 0.930165 0.0102405 0.366898 -0.00861806
1636512796.590846 -0.4096765457425542 0.0627300623331887 3.23280452340553 0.927857 0.01005 0.372707 -0.00837294
1636512796.657988 -0.3793634629506193 0.0621904093759384 3.255383548253081 0.925519 0.0102406 0.37848 -0.00786982
1636512796.791498 -0.3185483178871118 0.06345734669593983 3.2982644704579434 0.920327 0.0107426 0.390932 -0.00741678
1636512796.858671 -0.2883217841457497 0.06371845303389534 3.3198957979560717 0.917509 0.0107795 0.397502 -0.00732494
1636512796.925758 -0.2578360577390637 0.06474292351836106 3.3419828683568547 0.914652 0.0107339 0.40403 -0.00755187
1636512796.992690 -0.22737738037972677 0.06489654736889433 3.3630997439315458 0.911738 0.0103258 0.410564 -0.00797975
1636512797.059870 -0.19668751022134434 0.06454114041307843 3.3838342764415543 0.908681 0.00986102 0.417289 -0.00846982
1636512797.126743 -0.16582227579056918 0.06402262459191399 3.4044597001779673 0.905502 0.00948526 0.424139 -0.00906096
1636512797.193650 -0.13463312461003873 0.06382486705006019 3.4245032525350365 0.902221 0.009354 0.43107 -0.00938138
1636512797.260628 -0.1026405955521763 0.0633258266175939 3.4434313242756014 0.898925 0.00920653 0.437907 -0.00931193
1636512797.327698 -0.07092976057653688 0.06419302723821169 3.4622897916510826 0.895563 0.00915921 0.444747 -0.00915751
1636512797.394515 -0.038863914293452595 0.06647160623265595 3.4815883569115194 0.892187 0.00861842 0.451485 -0.0094915
1636512797.462232 -0.006382738214218753 0.06785413866403968 3.500394168871086 0.888843 0.00718952 0.458037 -0.0104252
1636512797.595727 0.05970123229750768 0.06870098057568749 3.538093017387963 0.881574 0.00345783 0.471871 -0.0123997
1636512797.796587 0.16276500226599655 0.06312092055811686 3.5890548221894916 0.870709 0.00280517 0.491635 -0.0123345
1636512797.863743 0.19792961580139146 0.06226798072382146 3.602620872832735 0.8669 0.00390452 0.498329 -0.0117671
1636512797.930503 0.23288000494463224 0.06198006595659991 3.616205577234716 0.862939 0.00517166 0.505157 -0.0112263
1636512797.997477 0.2679404424890621 0.0620385659718107 3.6293124915869868 0.859013 0.00606466 0.511795 -0.0112399
1636512798.064440 0.3026734149977124 0.062145055238982914 3.6419603806507066 0.855007 0.00680874 0.51845 -0.0112189
1636512798.131622 0.33747818731008583 0.06309302787121292 3.6556493282139004 0.850962 0.00713092 0.52505 -0.0116614
1636512798.198511 0.37252709713829457 0.06340225368676816 3.668666733077796 0.84701 0.00678578 0.531384 -0.012619
1636512798.332581 0.44305180905084995 0.062591847701762 3.6933994130533527 0.83889 0.00648281 0.544076 -0.0142505
1636512798.399457 0.478838113013468 0.06171697978573897 3.7042881364662668 0.834756 0.00677177 0.550383 -0.0146877
1636512798.466394 0.5150381526735353 0.06128410658753398 3.7137897267279776 0.830589 0.0076455 0.556644 -0.0145614
1636512798.667246 0.6235049708037004 0.059557370264800145 3.7380283698835797 0.817949 0.0101275 0.575011 -0.0148302
1636512798.734406 0.6595356244883188 0.059373568925033815 3.744770051548983 0.813687 0.0107814 0.581005 -0.015202
1636512798.801312 0.6957094168419447 0.05976436569279016 3.75217725382906 0.809327 0.0110242 0.587038 -0.0159734
1636512798.868434 0.7320571185197876 0.058979575800343034 3.7593825510106424 0.804933 0.0109276 0.593028 -0.0167791
1636512798.935331 0.7687016940313726 0.059365837050930875 3.76616087993329 0.80059 0.0109873 0.598852 -0.0176439
1636512799.070655 0.8416960818715034 0.05810556660845839 3.7763041536381534 0.791693 0.0112977 0.610515 -0.0191217
1636512799.136325 0.8780113393043354 0.05752350969706865 3.7806547886775412 0.786859 0.0116935 0.616694 -0.0201229
1636512799.270266 0.9498978734279672 0.057862976367690916 3.792486472944146 0.777352 0.0122562 0.628489 -0.0239759
1636512799.338212 0.9858765068882317 0.059787862208077705 3.7944946766441143 0.773086 0.0130238 0.633668 -0.0251513
1636512799.404221 1.0219023840395274 0.060874534296012695 3.795022799285411 0.768518 0.0138173 0.639168 -0.0255487
1636512799.471342 1.0575838004352787 0.06107406362084235 3.796022935742171 0.763503 0.0138044 0.645134 -0.0259782
1636512799.538602 1.0942074356154545 0.061071819087975 3.7983677243674965 0.75838 0.0135357 0.651155 -0.0259596
1636512799.605180 1.1314767018985847 0.060180872478594064 3.800108028362224 0.753639 0.0134258 0.656658 -0.0254634
1636512799.672143 1.167861713876543 0.05916046839090894 3.8000849153241956 0.749222 0.0130464 0.661713 -0.0251421
1636512799.739047 1.2037257713166372 0.05770181138488173 3.7986721197741398 0.744641 0.0124053 0.66688 -0.025041
1636512799.806044 1.2395229083352113 0.056310615356275046 3.796714762754874 0.739664 0.0118643 0.672406 -0.0250091
1636512799.873186 1.275284689782753 0.05549550423266407 3.795172590485506 0.734366 0.0115587 0.678196 -0.0249611
1636512799.940202 1.3107192408260588 0.054675182981427636 3.79281527616564 0.729107 0.0113735 0.683853 -0.0248841
1636512800.007051 1.3460160951162023 0.05409310637709824 3.789853279452321 0.723879 0.0112823 0.68939 -0.0247786
1636512800.074054 1.380848506461474 0.05341624901641416 3.7855706074245465 0.718653 0.010899 0.694846 -0.0246753
1636512800.141248 1.4160307242574446 0.052362210786047844 3.7803537937877105 0.713183 0.0106476 0.700474 -0.0243373
1636512800.208205 1.4511523011166598 0.05114798457256396 3.775811221892764 0.70747 0.010256 0.706249 -0.0243597
1636512800.275205 1.4856923648721603 0.04945600757155859 3.7707279976224637 0.701661 0.00986658 0.712014 -0.0247079
1636512800.341931 1.5200518996899097 0.04825337033971579 3.764567762283837 0.695742 0.00980828 0.717786 -0.0251024
1636512800.408875 1.5539540824313947 0.04700067012045506 3.757773887085574 0.689707 0.00975997 0.723572 -0.0255423
1636512800.476059 1.5875867697702661 0.04578355939669454 3.749658361522748 0.683536 0.0099883 0.729395 -0.0257064
1636512800.542899 1.6207211765889626 0.04463164528908593 3.740390176325931 0.677141 0.0104057 0.735336 -0.0255534
1636512800.609941 1.6533635951991685 0.04402015125400381 3.7308072775736667 0.67052 0.0106986 0.74138 -0.0253835
1636512800.677043 1.6864775106759005 0.04306565529255431 3.721602954219238 0.663779 0.010716 0.747428 -0.0251873
1636512800.744087 1.7192580694537845 0.042529102125847616 3.711545978587109 0.657116 0.0107168 0.753299 -0.0249933
1636512800.811108 1.7520973607896393 0.04212413619131781 3.701492966631708 0.65043 0.0103871 0.759085 -0.0249475
1636512800.944962 1.816712057908367 0.039168001671307136 3.6795873510370902 0.637243 0.010337 0.770197 -0.0247274
1636512801.011821 1.847892918291285 0.03825193071610209 3.6672194205714552 0.630746 0.0106439 0.775521 -0.0247558
1636512801.078670 1.8793078207809466 0.03781305631590974 3.654495940672983 0.624274 0.0111747 0.780736 -0.0246677
1636512801.145739 1.9109861840561548 0.03772934498554709 3.64176789532402 0.617875 0.0116906 0.785811 -0.0243832
1636512801.212794 1.9425767223492327 0.03698557409687646 3.6288211412696283 0.611709 0.0119495 0.790627 -0.0240427
1636512801.279784 1.9740358658113553 0.036374167504431294 3.614985634370689 0.605749 0.0122172 0.795206 -0.023797
1636512801.347285 2.0051406161683136 0.03528741905626269 3.600381452894605 0.599721 0.0121262 0.799765 -0.023738
1636512801.413820 2.0360920603689032 0.03461906040637668 3.586031987353855 0.593476 0.0119161 0.804406 -0.0239746
1636512801.614707 2.1283128386892085 0.03184559922703291 3.5411058523683714 0.575219 0.0120113 0.817541 -0.0245888
1636512801.681653 2.1579035574385315 0.03178711305840073 3.5240048108258897 0.569184 0.0125827 0.82175 -0.0244435
1636512801.748703 2.1879232764234993 0.031350212196294296 3.5072643781035744 0.563014 0.0126263 0.825997 -0.0241926
1636512801.815788 2.218368224156786 0.02994727238534399 3.4901046040608925 0.556917 0.0126832 0.830132 -0.0237228
1636512801.882710 2.247916158699088 0.029356328010177034 3.47219702663842 0.550931 0.0129414 0.834115 -0.0236537
1636512802.016654 2.3066793622237083 0.02796838242507549 3.4358423348220484 0.538463 0.0128418 0.842203 -0.0242157
1636512802.083770 2.3360083378616197 0.02716257382770923 3.417498645760716 0.53198 0.0126459 0.846302 -0.0246994
1636512802.351603 2.4491894102581315 0.024611474408385087 3.338831972434384 0.507063 0.0123065 0.861462 -0.0248847
1636512795.921102 -0.6808350503751583 0.06031803237281379 2.9791350990524013 0.949273 0.0114176 0.314137 -0.00824801
1636512802.552547 2.531797292470776 0.02195182419966287 3.2748968147674176 -0.487665 -0.0125797 -0.872593 0.024632
1636512796.121844 -0.6012159778136501 0.062060534565484944 3.0541995863341596 0.94335 0.0126224 0.331483 -0.00713519
1636512802.753420 2.6110448787064877 0.020697422490215105 3.208593424624138 -0.468461 -0.0125553 -0.883031 0.0253532
1636512802.820400 2.6359609648569498 0.01940914491044151 3.1854403967745117 -0.462244 -0.012972 -0.8863 0.0251842
1636512802.887295 2.6608808138840225 0.01864425037634066 3.161744809560486 -0.456137 -0.0134495 -0.889458 0.024954
1636512802.954378 2.685093320848038 0.017599575606699013 3.137502056330958 -0.449987 -0.0138153 -0.892588 0.024632
1636512803.088589 2.7347234846550124 0.016248833022535387 3.08974093742831 -0.437802 -0.0145426 -0.89864 0.0237629
1636512803.156121 2.7601018699427913 0.015568120946277622 3.065559372068445 -0.432262 -0.0147742 -0.90132 0.0235301
1636512803.222491 2.7840336691138763 0.014721124423902325 3.0411375083197436 -0.426996 -0.0146948 -0.903823 0.0237242
1636512803.290246 2.8075000223886506 0.013603831869059047 3.016525206083562 -0.421588 -0.0141948 -0.906352 0.0242338
1636512803.423332 2.8535542713149797 0.011126810649846094 2.9662764530867913 -0.410003 -0.0139216 -0.911637 0.0249571
1636512803.490216 2.8767454803811057 0.010569431119598367 2.94055698170865 -0.404433 -0.0145733 -0.914112 0.0249333
1636512803.557317 2.899284298168869 0.010272216974609305 2.9139888369538802 -0.399303 -0.0156527 -0.916356 0.0245726
1636512803.624362 2.920829564283781 0.009397335374728758 2.8865870452484055 -0.394421 -0.0165691 -0.918464 0.0241089
1636512803.691354 2.9433893122786103 0.009026603037031417 2.859650961610247 -0.38939 -0.017149 -0.920605 0.02383
1636512803.758281 2.966243892216507 0.008892081819242016 2.8330927377755533 -0.384482 -0.0172729 -0.922666 0.0237087
1636512803.959190 3.035955972077569 0.006642376421343337 2.753054220044724 -0.371693 -0.0159473 -0.927917 0.0236619
1636512804.026259 3.0575950520050683 0.005393065533540631 2.7254861244864887 -0.367628 -0.015644 -0.929542 0.0235716
1636512804.092977 3.0792774010641315 0.004233597015923382 2.6976873601424853 -0.363406 -0.0154656 -0.93121 0.0233528
1636512804.160234 3.1009620721722486 0.0030585541933041693 2.6695617933392053 -0.359191 -0.01552 -0.932851 0.0230421
1636512804.227165 3.1220549199721694 0.0019393115269374667 2.6406165076549257 -0.355208 -0.0162241 -0.934376 0.0224606
1636512804.294344 3.1428382127270833 0.0008333055270047709 2.611306068008356 -0.351432 -0.0172953 -0.935798 0.021867
1636512804.361221 3.162853577766778 -0.0005454501037266959 2.5814737200598636 -0.347815 -0.0184098 -0.937138 0.0213922
1636512804.428277 3.1833455091932126 -0.0015006228185853038 2.552066899406538 -0.344219 -0.0194608 -0.938449 0.0211661
1636512804.495300 3.2045724326097123 -0.0020436083667017425 2.5232918926598384 -0.340789 -0.0199544 -0.939686 0.0213136
1636512804.562034 3.226144334382046 -0.0026328231665306116 2.494841071246337 -0.337608 -0.0196064 -0.940828 0.0219086
1636512804.695895 3.270463024230746 -0.0037950178147004385 2.438423560945988 -0.331612 -0.0179709 -0.942956 0.0233382
1636512804.763049 3.2924624318053577 -0.004787842455473503 2.409442162257002 -0.328888 -0.0172614 -0.943913 0.0237074
1636512804.830166 3.313825242752588 -0.006243279739617505 2.37967188819654 -0.326262 -0.0172235 -0.944822 0.0238257
1636512804.897182 3.3343218218490396 -0.00731333474393037 2.3491650470449277 -0.323746 -0.01796 -0.945674 0.0238278
1636512804.964133 3.3542456224004167 -0.008436939838246022 2.3188450899861506 -0.321302 -0.0188318 -0.946489 0.0238621
1636512805.031134 3.37447374598548 -0.009249044143121906 2.288685875014744 -0.318938 -0.0196548 -0.94727 0.0239321
1636512805.098136 3.395084888873675 -0.009467518415454098 2.259228526131009 -0.316861 -0.0199465 -0.947955 0.0241417
1636512805.164881 3.4166352745190514 -0.009654790399699388 2.2302801709119633 -0.315057 -0.0194633 -0.948556 0.0245376
1636512805.231880 3.4379668794100384 -0.0101031876872456 2.2010884968875004 -0.313456 -0.0186729 -0.94909 0.0249967
1636512805.298767 3.459208782920532 -0.010660861952228907 2.171936652802206 -0.31188 -0.0179145 -0.949614 0.0253411
1636512805.366086 3.480476402382244 -0.011329805559373015 2.142524525355038 -0.310417 -0.0175742 -0.950098 0.025411
1636512805.433097 3.5021459185631376 -0.012099357043926891 2.1125612634599853 -0.309239 -0.0177403 -0.950484 0.0252226
1636512805.499887 3.522961615575589 -0.013254196580363049 2.082481280355177 -0.308386 -0.0183453 -0.950758 0.0249172
1636512805.566863 3.5423245299868573 -0.013708492516212804 2.052248529134152 -0.307831 -0.0192596 -0.950927 0.024623
1636512805.633933 3.562494771979164 -0.01459367181867964 2.0223130680228394 -0.30733 -0.0199699 -0.951085 0.0242283
1636512805.767785 3.602685647307184 -0.01660858738555249 1.9639544247119272 -0.30671 -0.0210106 -0.951273 0.0238199
1636512805.834886 3.6219382113259573 -0.016995095560609734 1.9360485880466556 -0.306704 -0.0208729 -0.951278 0.0238059
1636512805.968858 3.6604675317127433 -0.018888498708880368 1.8829011109389118 -0.306679 -0.0194172 -0.951322 0.0236233
1636512806.035747 3.679716008485879 -0.019930663253117528 1.857536084343125 -0.306616 -0.0184865 -0.95136 0.0236319
1636512806.169872 3.71568421845342 -0.021468693830234697 1.809223549532474 -0.306545 -0.0173268 -0.9514 0.0238523
1636512806.236735 3.7316595874029344 -0.02201846417191125 1.78591291556486 -0.306557 -0.01737 -0.951398 0.0237465
1636512806.303721 3.7464441517826566 -0.022555444022369933 1.7633155459026526 -0.306542 -0.0178261 -0.951404 0.0233251
1636512806.370723 3.760756970111317 -0.02323329597501534 1.7409608382113975 -0.30653 -0.0185406 -0.95141 0.0226811
1636512806.437824 3.774187676049046 -0.024405387342508217 1.7199718438095162 -0.306425 -0.0193574 -0.951445 0.0219427
1636512806.504569 3.786339451216949 -0.025167691721223802 1.7000502303692326 -0.306416 -0.0202054 -0.951444 0.0213575
1636512806.571685 3.7981450714828227 -0.025713953123047105 1.681849138016756 -0.30644 -0.020706 -0.951432 0.0210522
1636512806.638807 3.8089934094870426 -0.026706572068947658 1.6657954827462063 -0.30638 -0.020662 -0.951454 0.0209732
1636512806.705755 3.819072209682756 -0.026980247526788584 1.6514255749470208 -0.306336 -0.0203661 -0.951471 0.0211137
1636512806.772663 3.8282045599459638 -0.027140619102799003 1.639104238208045 -0.306249 -0.0199032 -0.951507 0.0212162
1636512806.839774 3.835909772424193 -0.027418975599068904 1.6285951825511469 -0.306211 -0.0194118 -0.95153 0.0211818
1636512806.906737 3.8427113205091916 -0.028054694558100793 1.6198857260608115 -0.306179 -0.0189143 -0.951553 0.021057
1636512806.973562 3.847942159308488 -0.028396228984663353 1.6131069307669663 -0.306169 -0.0186679 -0.951563 0.020981
1636512807.040467 3.8511444054330823 -0.028599573355310923 1.6083548460152812 -0.30617 -0.0186445 -0.951563 0.0210034
1636512807.107424 3.852616044829409 -0.0287479209898368 1.6059220960427587 -0.306149 -0.0187005 -0.951568 0.0209956
1636512807.174634 3.8526508445351957 -0.028550515596864084 1.6054728833221077 -0.30614 -0.0188244 -0.951569 0.0209939
1636512807.241521 3.8524369523370545 -0.029111383488985218 1.606317695831648 -0.306124 -0.018893 -0.95157 0.0210946
1636512807.308474 3.851977374599946 -0.03011644527276048 1.6076809460542303 -0.306144 -0.0190432 -0.951548 0.0216518
1636512807.375694 3.851389518635367 -0.030480537826843422 1.6087799468289918 -0.306241 -0.0192763 -0.951488 0.0227157
1636512807.442642 3.8504357611611253 -0.030002688255688276 1.6091396479473619 -0.306297 -0.019498 -0.951444 0.0235991
1636512807.509696 3.849823752027075 -0.029266941688531757 1.6092430608600006 -0.306229 -0.0195401 -0.951459 0.0238343
1636512807.576438 3.849732777794931 -0.028975334917553747 1.609111128786417 -0.306182 -0.0194318 -0.951484 0.0235247
1636512807.643585 3.850103572849687 -0.029092740116864232 1.6089938702138924 -0.306222 -0.0193303 -0.95148 0.023247
1636512807.710277 3.8503016975558477 -0.02925095949848905 1.6089048560510735 -0.306279 -0.0192703 -0.951462 0.0232891
1636512807.777508 3.849984068691354 -0.02944661695954528 1.608848441971836 -0.306297 -0.0193017 -0.951453 0.023374
1636512807.844622 3.849989804014098 -0.02923061030269418 1.6088364754435376 -0.306218 -0.0193525 -0.951477 0.0233887
1636512807.911571 3.849967013057976 -0.02920216015223427 1.6088644042795943 -0.306206 -0.0193847 -0.951484 0.0232397
1636512807.978560 3.8500242543762533 -0.02935594909070493 1.6087416521657434 -0.306265 -0.0193509 -0.951467 0.0231762
1636512808.045573 3.8500734533686893 -0.029596242429731273 1.6088178600618201 -0.306287 -0.0192861 -0.95146 0.0232251
1636512808.179417 3.8498705728391927 -0.02930777851803048 1.6088476297188699 -0.306247 -0.019312 -0.951473 0.0232332
1636512808.246406 3.8499982175687775 -0.029359925620926673 1.6086989806639984 -0.30628 -0.0192807 -0.951464 0.0231853
1636512808.380327 3.849930101213608 -0.02967910723693696 1.6088024311982276 -0.30629 -0.0192423 -0.951463 0.0231207
1636512808.447292 3.8498339319615265 -0.029399322107448583 1.6088386237192511 -0.306276 -0.0192957 -0.951466 0.0231198
1636512808.514328 3.849909253145557 -0.029655380648473388 1.608862230076665 -0.306283 -0.019258 -0.951467 0.0230237
1636512808.581434 3.8502736337350845 -0.029639118133649583 1.6089209298829337 -0.306259 -0.0192708 -0.951476 0.0229723
1636512808.648350 3.8503476266017183 -0.029707930213035832 1.6089946510208162 -0.306236 -0.019221 -0.951485 0.0229436
