1636513559.493186 -3.182335276272365 0.10812657456005857 1.6613688089523047 0.9871 0.000806822 0.160098 -0.00148427
1636513559.560174 -3.182266413406497 0.10796772122930119 1.6613693058888774 0.987099 0.000795072 0.1601 -0.00149862
1636513559.627017 -3.1822274971627236 0.10818087654122537 1.6613721857701755 0.9871 0.000810575 0.160099 -0.00148442
1636513559.693869 -3.1824844456927575 0.10824987735840857 1.6613795490363543 0.987096 0.000809549 0.160119 -0.00148665
1636513559.760798 -3.182284314290603 0.10844535930473269 1.6615475129806168 0.9871 0.000853542 0.160097 -0.00150236
1636513559.827910 -3.1822767511545678 0.10845251923809711 1.661714560519078 0.987101 0.000860646 0.160092 -0.00150434
1636513559.894928 -3.1822947084806645 0.1082631989496776 1.6614167515787768 0.987101 0.000851996 0.160089 -0.00150797
1636513559.961962 -3.1825586049468724 0.10901080756266456 1.6616101905884304 0.987096 0.000914952 0.160118 -0.00148186
1636513560.028968 -3.1822282070349344 0.10873715410219029 1.6616101355075905 0.9871 0.00087676 0.160095 -0.00148014
1636513560.095963 -3.1825795388170692 0.10879736556196422 1.662021190145877 0.987096 0.00088939 0.160119 -0.00147617
1636513560.162889 -3.1822515066069523 0.1083465162016061 1.6614809345031762 0.987102 0.000846037 0.160086 -0.00152763
1636513560.229829 -3.1822013853471467 0.10823566985250956 1.6614377236917894 0.987103 0.000848694 0.160079 -0.00152589
1636513560.296839 -3.182220636590631 0.10888388956258024 1.6615649640033314 0.987101 0.000900286 0.160089 -0.0015243
1636513560.363702 -3.1823822290954293 0.10875034905172945 1.6613076157257454 0.987098 0.000870898 0.16011 -0.0014904
1636513560.430706 -3.182329369183735 0.10834811876760671 1.6614293768210804 0.987099 0.000836493 0.160102 -0.00149486
1636513561.636503 -3.1535860768372226 0.11321380146526877 1.7377959743180535 0.986865 -6.96874e-05 0.161447 -0.0056174
1636513560.564734 -3.182003183046554 0.10790526265482178 1.6611994040978053 0.987105 0.000787454 0.160063 -0.00147884
1636513560.631830 -3.1823235137764874 0.10819277624415947 1.6613860921238488 0.9871 0.000805104 0.160093 -0.00148985
1636513560.698884 -3.182391162630347 0.10796201159647294 1.6612841962755334 0.987098 0.000769584 0.160111 -0.00147426
1636513560.765896 -3.1822124687840683 0.10796775749574662 1.661317774493694 0.987097 0.000769448 0.160117 -0.00148428
1636513560.832608 -3.182238275455918 0.10797927370543882 1.6613922623702844 0.987097 0.000804039 0.160116 -0.00150528
1636513560.899476 -3.1822379913812124 0.10793731606435344 1.6615493404214732 0.987103 0.000927131 0.160077 -0.00160497
1636513560.966769 -3.181797461073293 0.1068075927028005 1.6624281010248267 0.987116 0.00107774 0.159994 -0.00178248
1636513561.033806 -3.180952479014075 0.10856258757589184 1.6644896279072472 0.987122 0.00148471 0.159951 -0.00197291
1636513561.234849 -3.1763187474793435 0.10953142756607866 1.6774310135807537 0.987109 0.00160672 0.160023 -0.00246353
1636513561.301774 -3.174108146262533 0.10926071514931616 1.6843762945907472 0.987108 0.00142808 0.160029 -0.00263598
1636513561.368672 -3.171052736533466 0.11001822336035214 1.6924949151352995 0.987105 0.00129349 0.160043 -0.00284898
1636513561.435452 -3.167510908995164 0.11049175290916681 1.7013882108487794 0.987089 0.00106569 0.160138 -0.00320083
1636513561.502496 -3.1635354979817722 0.11128445377823236 1.7118587136107362 0.987051 0.000747771 0.160363 -0.00379453
1636513561.569669 -3.159004895360608 0.11225833390248677 1.7242302194550074 0.986975 0.000379099 0.160808 -0.00465478
1636513560.497719 -3.1823208176542184 0.1079833997763594 1.6613369489748067 0.987102 0.000809802 0.160083 -0.00149199
1636513561.770556 -3.141810280521056 0.11433889449139856 1.769832803237511 0.986557 -0.00109478 0.163266 -0.00693419
1636513561.837605 -3.1341341951021153 0.11375111267134748 1.7871000360064713 0.986379 -0.00165866 0.164335 -0.00689887
1636513561.904521 -3.1252746490142798 0.11313570041754362 1.804172984091092 0.986159 -0.0020404 0.165661 -0.00656994
1636513561.971687 -3.1154085732092014 0.11185296055187907 1.8212791770783063 0.985877 -0.00220775 0.16734 -0.00630023
1636513562.038420 -3.106027849927527 0.11195856362334512 1.840316428027221 0.985512 -0.00204634 0.169489 -0.00593658
1636513562.105305 -3.0960412496985983 0.11307985862699203 1.860210821582507 0.985121 -0.00179539 0.171763 -0.00554803
1636513562.172528 -3.085410601950496 0.11404603101566362 1.8808428053182356 0.984714 -0.00169347 0.174088 -0.00537621
1636513562.239401 -3.072636337168344 0.11474594929836696 1.9010870363808885 0.984269 -0.00173405 0.176587 -0.00529282
1636513564.114953 -2.387138959685429 0.1316907824837861 2.69155003861357 0.929084 -0.000454344 0.369373 -0.0191392
1636513562.373518 -3.046657541379348 0.11502688137784832 1.9458649562845907 0.983057 -0.00224364 0.183204 -0.0055704
1636513562.440331 -3.0336248673155515 0.1146606238722587 1.9702744520026236 0.982337 -0.00240879 0.187021 -0.00552062
1636513562.574328 -3.0056523216313895 0.1163514100544682 2.021268182146553 0.980814 -0.00236137 0.194855 -0.00539447
1636513562.641319 -2.989115393885686 0.11719242742995709 2.0477478689138495 0.980021 -0.00245647 0.198798 -0.00567391
1636513562.708056 -2.972065853180695 0.118930058627165 2.074795351920338 0.979118 -0.00260425 0.203179 -0.00633747
1636513562.775219 -2.9546200331376262 0.11916399993364746 2.1025006498432277 0.978086 -0.00299066 0.208055 -0.00722454
1636513562.909383 -2.9151195220851513 0.1191780158420711 2.1586782256623525 0.97568 -0.00341804 0.219021 -0.00812171
1636513563.043242 -2.8714881494728006 0.12026205350441842 2.2166711677622684 0.972691 -0.00339788 0.231932 -0.00826859
1636513563.110327 -2.8480385208827967 0.12267542759358532 2.246383670973073 0.971022 -0.00324102 0.238837 -0.0078768
1636513563.177243 -2.8241904273983396 0.12366971049199918 2.2771681598740754 0.969275 -0.00344929 0.245838 -0.00754014
1636513563.244123 -2.7992621374843427 0.12443844960888353 2.3077613547245446 0.967445 -0.00368142 0.25294 -0.00760446
1636513563.311087 -2.7735716105023487 0.12468882089661437 2.3390863402865283 0.965499 -0.00377485 0.260259 -0.00790621
1636513563.378082 -2.7476101372183117 0.12466596960229905 2.370340926272367 0.963419 -0.00372803 0.267836 -0.00861827
1636513565.789593 -1.317215294395511 0.12458310367620623 2.9669783049127236 0.761125 0.00702925 0.647897 -0.0294772
1636513563.512749 -2.691832771740934 0.12634492119285262 2.4331364129333366 0.958921 -0.00329273 0.283476 -0.0100577
1636513563.646444 -2.6297948961942317 0.12740845213507326 2.4936970396435716 0.953829 -0.00272532 0.300152 -0.010598
1636513563.713073 -2.5969857725689267 0.12815414093355215 2.5227789029856518 0.950994 -0.00235582 0.309005 -0.0110045
1636513563.779992 -2.5629711139973756 0.12816585892812307 2.5519255214391237 0.94793 -0.00197106 0.318278 -0.0111796
1636513563.847001 -2.5285987026683356 0.12769261137806828 2.5811038920699105 0.944633 -0.00147213 0.327928 -0.011419
1636513563.981167 -2.4584167594627604 0.1295775960411943 2.6364731811441207 0.937394 -0.000947527 0.347986 -0.0140654
1636513564.048154 -2.423104213757442 0.13046813681990801 2.6649937405452504 0.933327 -0.000703023 0.358662 -0.0161765
1636513562.306314 -3.059507545129183 0.11555214614128699 1.9228611221909193 0.983721 -0.00194233 0.179607 -0.00552978
1636513564.182166 -2.350094970543581 0.1334341847082262 2.7170485458206004 0.924646 -6.94735e-05 0.3802 -0.0218324
1636513564.248961 -2.3102169828604273 0.13487760778561525 2.740042957578218 0.919893 0.000538471 0.391499 -0.0229134
1636513564.315963 -2.2692972876924005 0.13591946169337293 2.761778658739855 0.914847 0.00102987 0.403128 -0.0232733
1636513564.449929 -2.192954994066256 0.1342906889013988 2.8023889089790064 0.903958 0.00103807 0.426957 -0.0238227
1636513564.583934 -2.1066982016499116 0.13181131287060915 2.8379280403745044 0.892426 0.00173256 0.450545 -0.0241226
1636513564.651044 -2.0636515118700136 0.13386477058178564 2.854092889431359 0.886274 0.0023259 0.462502 -0.024605
1636513564.719644 -2.02128849569342 0.13345964347739855 2.8695672922311855 0.879888 0.00263005 0.474528 -0.0247754
1636513564.784876 -1.977435948794399 0.13347205754810626 2.8846207467551586 0.873436 0.0032888 0.486299 -0.024765
1636513564.852054 -1.9343162618784708 0.1325929591592358 2.8964911532968496 0.866905 0.00402457 0.497849 -0.0246093
1636513564.919785 -1.8904690418426684 0.1326039005699674 2.9085888009064824 0.860157 0.00465539 0.5094 -0.0248846
1636513565.052729 -1.8045937051997347 0.13301972353665048 2.931496837770696 0.845951 0.00529483 0.532564 -0.0267321
1636513565.186718 -1.7173869012981333 0.13550130667063034 2.950969113519695 0.831721 0.00599373 0.554437 -0.0283495
1636513565.253709 -1.6723670081266933 0.13467764616158442 2.955788769403394 0.82452 0.00578964 0.565071 -0.0287626
1636513565.320758 -1.6274062449078455 0.13593567582864072 2.9607761250728526 0.816952 0.00545218 0.575953 -0.0289485
1636513565.387881 -1.581486045275951 0.13556599811969614 2.9668235605571827 0.809191 0.00447888 0.58681 -0.0290701
1636513565.454841 -1.5355327324045618 0.13367870003690893 2.9727856216758766 0.801303 0.00364901 0.597552 -0.0288359
1636513565.521927 -1.489891613859737 0.13085108672210083 2.979149025620195 0.793648 0.00368286 0.607705 -0.0283618
1636513565.588768 -1.4445574952333688 0.1281800218178335 2.9806768582635903 0.786298 0.00451452 0.617191 -0.02811
1636513565.655689 -1.4012622814838305 0.12607469607378685 2.9751704510043884 0.778672 0.00531742 0.626759 -0.0285525
1636513563.445087 -2.7203021402317327 0.12594103876511112 2.4021504260872573 0.961236 -0.00348771 0.275541 -0.00945209
1636513565.856750 -1.2749292174376232 0.126789014169224 2.9666976756575636 0.752375 0.00797832 0.658 -0.0300655
1636513565.923587 -1.2328367502405417 0.12824121458094095 2.9617982227096102 0.744213 0.00861433 0.667184 -0.0306254
1636513565.990777 -1.1903619550764293 0.12899209660407715 2.9546314203359914 0.735956 0.00882807 0.676268 -0.0308534
1636513566.057591 -1.1487924475621372 0.12784436441098623 2.9463004764804936 0.7274 0.0082684 0.685461 -0.0310361
1636513566.124803 -1.1069315154605346 0.12715231715139502 2.9375269303748257 0.718567 0.00775345 0.69473 -0.0308575
1636513566.191612 -1.0649234052818606 0.12387451990089438 2.9286672311901163 0.7095 0.00733233 0.704012 -0.030382
1636513566.258460 -1.0238654590336704 0.12244740821946441 2.9190641860426467 0.700597 0.00710385 0.712887 -0.0300979
1636513566.325366 -0.9823056250941998 0.11989246632182692 2.9077987932240537 0.691915 0.00689225 0.721336 -0.0296806
1636513566.392513 -0.9409363981037997 0.11885816902809643 2.892804534156182 0.683276 0.00716372 0.729544 -0.0291136
1636513566.459453 -0.9015104791155801 0.11707003735199614 2.877479344697485 0.674214 0.00745674 0.737943 -0.0286489
1636513566.527873 -0.8631590807631415 0.11444109033441091 2.8626710470849392 0.664806 0.00757299 0.746433 -0.0285305
1636513566.593503 -0.8240787983376078 0.1134983873245419 2.8477826849314303 0.655244 0.00765075 0.75482 -0.029032
1636513566.660629 -0.7852169196879342 0.11268114049872992 2.831474474580974 0.645643 0.00780623 0.763022 -0.0296787
1636513566.727484 -0.7477111440700611 0.11104470512311045 2.8151270394516623 0.635864 0.00766586 0.771171 -0.0302272
1636513566.794483 -0.7102616134811032 0.11025038086162975 2.7983306541388644 0.626024 0.00737295 0.779163 -0.030739
1636513566.861365 -0.6736113694096711 0.10869525471721819 2.780225428434909 0.61608 0.00727732 0.787032 -0.0311993
1636513566.928263 -0.6373944232716219 0.10595052100883562 2.761876319088337 0.605966 0.00735713 0.794831 -0.0315276
1636513566.995358 -0.6011515525554153 0.106715216212426 2.7414578068326283 0.595774 0.00746059 0.802478 -0.0320544
1636513567.062459 -0.5666222100628885 0.1043477901553291 2.7207272256144623 0.585303 0.00732714 0.810141 -0.0322368
1636513567.129403 -0.5313957832004129 0.10274487165584896 2.6996616620196816 0.574719 0.00725773 0.817675 -0.0324463
1636513567.196470 -0.49736873809614657 0.10043238867371312 2.6782895592694516 0.564155 0.00732464 0.824992 -0.032612
1636513567.330543 -0.4305533648340355 0.09838189191396404 2.630133987819347 0.54304 0.00737142 0.839026 -0.0330031
1636513567.397424 -0.3981418147912412 0.09566750138241667 2.6038515800141697 0.532249 0.00724602 0.845917 -0.0328985
1636513567.464289 -0.3655959131580109 0.09394730898526532 2.577409474773919 0.521313 0.0070222 0.852698 -0.0330099
1636513567.531095 -0.3338798119084455 0.09139363922786559 2.54932707710137 0.510376 0.00701324 0.859283 -0.033178
1636513567.598243 -0.30251813113429304 0.09021750377099208 2.5212215689437256 -0.499372 -0.00709529 -0.865717 0.0333454
1636513567.665295 -0.2721817730385332 0.0882536414565831 2.4912374613066692 -0.488316 -0.00707472 -0.872 0.0333652
1636513567.732242 -0.24297441904058448 0.08632683822671844 2.4596537055630736 -0.477161 -0.00711437 -0.878152 0.0334113
1636513567.799416 -0.21279314806925198 0.08480703588993427 2.4269325444500915 -0.465883 -0.00726129 -0.884178 0.0336219
1636513567.933237 -0.15703687783087594 0.08214280956118522 2.358882610297724 -0.44324 -0.00754424 -0.895719 0.0341909
1636513568.000096 -0.12992656852143614 0.08085153808187175 2.3232494640695354 -0.431784 -0.00759908 -0.901295 0.0342375
1636513568.067147 -0.10521425693410325 0.0791943713677823 2.287686427032586 -0.42036 -0.00783651 -0.90668 0.0341593
1636513568.134189 -0.07977158923168792 0.07753643838705129 2.2534089212633255 -0.40884 -0.00778761 -0.911931 0.0342188
1636513568.201277 -0.05496929395972172 0.07413240591674272 2.217897500404024 -0.397406 -0.00784428 -0.916969 0.0342734
1636513568.268512 -0.03134945406582901 0.0734162530297076 2.182759379079302 -0.386023 -0.0082293 -0.921807 0.0345002
1636513568.335248 -0.008385270586046545 0.07261292430574057 2.1467327806462437 -0.374826 -0.00884431 -0.926409 0.034538
1636513568.402067 0.013929047056144839 0.0695682974654983 2.1113950071381034 -0.363931 -0.00950696 -0.930742 0.0343836
1636513568.469283 0.036800450218208436 0.067350984786403 2.074669299994274 -0.353411 -0.0100793 -0.934781 0.034407
1636513568.536195 0.05759140196874557 0.0659560061108179 2.036767521575692 -0.343072 -0.0104959 -0.938617 0.0344898
1636513568.603050 0.07734861283051941 0.06550742869402865 1.9986183410122762 -0.332743 -0.0107402 -0.942327 0.0344553
1636513568.670112 0.09755074758468063 0.06336609138627144 1.960165007464858 -0.322357 -0.0108435 -0.945939 0.0341698
1636513568.736805 0.1168855437928904 0.061356613972640216 1.9205133811182948 -0.312108 -0.0111699 -0.949377 0.0338743
1636513568.803946 0.13616150975276708 0.059197604335161524 1.8801887262149206 -0.30199 -0.0117116 -0.952646 0.0336337
1636513568.870975 0.15399099856965803 0.05712796569553318 1.8386993608833662 -0.292093 -0.0122521 -0.955725 0.0334932
1636513568.937982 0.17110795993462102 0.05471215829443224 1.7972691444933284 -0.282259 -0.0127638 -0.958667 0.0335217
1636513569.005077 0.18731913901496766 0.05278336548402216 1.7547034955466698 -0.272438 -0.0131195 -0.961491 0.0337714
1636513569.072094 0.20373861171294294 0.051477722232678456 1.7133423076370247 -0.262539 -0.0129002 -0.964227 0.0342487
1636513569.139146 0.22021985233758345 0.049894671283992914 1.6711331723544942 -0.252681 -0.0123293 -0.966846 0.0347706
1636513569.205992 0.23576729693625975 0.04912377317922962 1.6294144661362966 -0.24289 -0.0117429 -0.969341 0.0352702
1636513569.272985 0.25153989301803725 0.04759790088482381 1.5866671276693618 -0.233301 -0.0108499 -0.971691 0.0356337
1636513569.339781 0.2652547417767256 0.047077009988703074 1.542796158145014 -0.223895 -0.0101578 -0.973905 0.0357461
1636513569.474018 0.28940929021867134 0.0427398928989385 1.454908511816619 -0.205335 -0.00997788 -0.978014 0.0350269
1636513569.540940 0.3004189911515496 0.04088630679847303 1.4091055251512872 -0.196279 -0.010462 -0.979875 0.0347768
1636513569.607919 0.31034043324750776 0.038355986734553704 1.3648621101435494 -0.187365 -0.0111345 -0.981617 0.0346276
1636513569.675044 0.3202281747294315 0.036509042615414766 1.3201665728864722 -0.178477 -0.0116365 -0.983264 0.0346874
1636513569.741893 0.3280343473808422 0.035862617342456965 1.2734370110612379 -0.169684 -0.0120313 -0.984811 0.0347778
1636513569.808918 0.337693524750364 0.03472331089300522 1.2280106745228154 -0.160959 -0.012287 -0.986271 0.0347918
1636513569.875737 0.42244820257758564 0.05616383778691268 1.1632342230896462 -0.151025 -0.0128994 -0.987796 0.0358321
1636513569.942704 0.43078544077466485 0.054255501667936065 1.1195028377162854 -0.143021 -0.0127491 -0.988988 0.0358394
1636513570.009900 0.4387652510725335 0.05284922973734081 1.0725924247219627 -0.135268 -0.0126089 -0.990082 0.035789
1636513570.076852 0.44631178742762256 0.05090955232608078 1.0256700599253405 -0.127645 -0.0126565 -0.9911 0.0355969
1636513570.143846 0.45375925224963665 0.04788507228888119 0.9789961061644746 -0.120247 -0.0128237 -0.992032 0.035331
1636513570.210750 0.4607909246483579 0.044688263189283844 0.9317062520676034 -0.113202 -0.0131133 -0.992858 0.0352956
1636513575.837554 1.8499033748749187 -0.1162995977574621 -2.92580514328452 -0.361478 -0.0201829 -0.931646 0.0310193
1636513570.411566 0.4764406451123335 0.04090515174643454 0.789186314131557 -0.0940348 -0.0144298 -0.994789 0.0366687
1636513570.478745 0.4827208884382839 0.04052523470099751 0.7417519046574881 -0.0881045 -0.0145938 -0.995318 0.0369766
1636513570.545619 0.48876775302865777 0.04012228096864804 0.6938816926414912 -0.0826364 -0.0145688 -0.995785 0.0370348
1636513570.612700 0.49539343974580324 0.038248896096229994 0.6449465280447784 -0.0776692 -0.0143422 -0.996195 0.0368413
1636513570.679752 0.5020232452688793 0.03583670029916827 0.5962101148146512 -0.0731991 -0.014203 -0.996546 0.0365536
1636513570.746738 0.5075958561718943 0.03374327425842054 0.5462773109528338 -0.0692406 -0.0139484 -0.996843 0.0362705
1636513570.813647 0.5139600210566351 0.030549499666512422 0.49786985616133034 -0.0656542 -0.0135387 -0.997098 0.0360928
1636513570.880544 0.5186160932854809 0.02867693027338846 0.4475114389975495 -0.0622824 -0.0136041 -0.997316 0.0359961
1636513570.947586 0.5246154313184195 0.027061436327318417 0.3981107039595732 -0.0591928 -0.0137684 -0.997505 0.0359196
1636513571.014471 0.5301437399773039 0.023620269639007284 0.3483491483801247 -0.0566369 -0.0140739 -0.997651 0.035872
1636513571.081491 0.5376357300700727 0.021465904540840918 0.29914184676439587 -0.0546324 -0.0146259 -0.997748 0.0360468
1636513571.148531 0.5436709896319765 0.018833264356990315 0.2501189104189281 -0.0534232 -0.0152383 -0.997796 0.0362961
1636513571.215605 0.5488792375245906 0.017733119873333786 0.2003744916397807 -0.0528351 -0.0157492 -0.997807 0.036617
1636513571.282470 0.5547787455409575 0.017127266490881886 0.14998706269467527 -0.0525922 -0.0157495 -0.997813 0.0368043
1636513571.349604 0.5620348753496216 0.015654910296003216 0.09936052282562702 -0.0525512 -0.0155214 -0.997821 0.0367394
1636513571.416446 0.5683328747911491 0.013560302186877734 0.05009939323673713 -0.0527824 -0.0149825 -0.997822 0.0366187
1636513571.483446 0.5753503581164879 0.010710824746666816 -0.0009694527034403849 -0.0531855 -0.0144558 -0.997813 0.0364975
1636513571.550535 0.5807143261499369 0.008285157796975792 -0.05113139629249172 -0.0537077 -0.0142128 -0.997787 0.0365299
1636513571.617414 0.5858118373732101 0.0058921766346155535 -0.10086077348560599 -0.0542443 -0.0140566 -0.997757 0.0366248
1636513571.684328 0.5919610148011216 0.003626358252826676 -0.15125129378044633 -0.0547749 -0.0141045 -0.997724 0.0367029
1636513571.751205 0.5976908573676792 0.002416939080960908 -0.20130742169050153 -0.0554666 -0.0145791 -0.997679 0.0367127
1636513571.818473 0.6050049622802678 0.0011131579492608921 -0.2530611514258295 -0.0563643 -0.014971 -0.997628 0.036573
1636513571.885335 0.6117572681136139 -0.001883444643367118 -0.30359903460833937 -0.0575654 -0.0153332 -0.997561 0.0363624
1636513571.952533 0.6187208612799657 -0.003854532718392284 -0.35461828647080673 -0.059023 -0.0157901 -0.997472 0.0362909
1636513572.019326 0.626497465279071 -0.0058648935013865325 -0.4052646656795257 -0.0607386 -0.0160205 -0.997365 0.036293
1636513572.086652 0.6347137674352272 -0.008456334650719304 -0.4552009384769241 -0.0626827 -0.0159155 -0.997252 0.0361428
1636513572.153398 0.6434134563142923 -0.01005196887871937 -0.5067646725949019 -0.064811 -0.0158484 -0.997122 0.0359975
1636513572.220191 0.6509465788756362 -0.013123208596802612 -0.558432522631059 -0.0669717 -0.0155969 -0.996985 0.0359558
1636513572.287351 0.6596326081611373 -0.016140396222896862 -0.6091647817884642 -0.0689651 -0.0152457 -0.996847 0.0361527
1636513572.354272 0.6701045457467417 -0.016984818681785065 -0.6595820206983838 -0.071004 -0.0153513 -0.996694 0.0363942
1636513572.421382 0.6803144878675877 -0.01862233589739916 -0.7100085834100156 -0.0734361 -0.0156892 -0.996511 0.0364183
1636513572.488322 0.6913161729739694 -0.020457368377071697 -0.7609611930778714 -0.0762675 -0.0160355 -0.9963 0.0362385
1636513572.555377 0.7011707783385942 -0.023207934397066615 -0.8115254826695459 -0.0793657 -0.0167557 -0.996056 0.0359629
1636513572.622378 0.710672793330564 -0.026485502203883626 -0.8617490449413572 -0.0825959 -0.0172242 -0.995792 0.0357694
1636513572.689335 0.7216824804566909 -0.029307527757213167 -0.9108967284180053 -0.0858037 -0.0172821 -0.995522 0.0357177
1636513572.823211 0.7463685233875204 -0.034042637738933 -1.0091690865530332 -0.0927592 -0.0169968 -0.994892 0.035997
1636513572.890164 0.7599695781392231 -0.036003323551286166 -1.0585063002020432 -0.0964706 -0.0165835 -0.994537 0.0362481
1636513572.956933 0.7737783001556243 -0.03807104808674613 -1.1075613022691997 -0.100301 -0.0165352 -0.994157 0.0362956
1636513573.024184 0.7874103218013587 -0.040642348293657524 -1.1558251512815951 -0.104291 -0.0167564 -0.993744 0.0362635
1636513573.092845 0.8013633783367538 -0.04244989275678693 -1.2047873172225625 -0.108643 -0.0171187 -0.993272 0.0362644
1636513573.158210 0.8144912040362078 -0.044529553914431454 -1.2537531888443418 -0.113163 -0.0176683 -0.992761 0.0361725
1636513573.225276 0.8282146011030206 -0.046023249981782186 -1.3014806796673737 -0.117698 -0.0181692 -0.99222 0.0362721
1636513573.292256 0.8439525227601035 -0.04895331579356341 -1.3482390839362517 -0.122249 -0.0185598 -0.99166 0.03636
1636513573.426064 0.8771549962623127 -0.05148752211014902 -1.4428892484980098 -0.132075 -0.0185812 -0.990385 0.0367275
1636513573.492868 0.8945509137610481 -0.053044327584663736 -1.4894291419544565 -0.137242 -0.0184497 -0.98968 0.0368567
1636513573.559958 0.9106871234010365 -0.05532764809896577 -1.5363230373650725 -0.142456 -0.0180346 -0.988948 0.0369165
1636513573.627144 0.9287433012020746 -0.05854126352021857 -1.5827298566402188 -0.147495 -0.0177907 -0.988213 0.036928
1636513573.694282 0.9483417004956907 -0.05939585048863881 -1.6280064491123203 -0.152601 -0.0175742 -0.987437 0.0370306
1636513573.761084 0.9680695857619641 -0.06020467556570172 -1.6744203164938654 -0.158056 -0.0175999 -0.986588 0.0367908
1636513573.895163 1.00607897941061 -0.06386573045843107 -1.7670107755663584 -0.169266 -0.01749 -0.984753 0.0361076
1636513573.961977 1.025977086157365 -0.06639709721583899 -1.8125553802715835 -0.17461 -0.0177303 -0.98383 0.0357199
1636513574.029014 1.0472724265688895 -0.06999485226703084 -1.8571001871292825 -0.179903 -0.0179887 -0.982882 0.0354103
1636513574.095720 1.069633321943602 -0.07204547738980246 -1.902525327859107 -0.185481 -0.0181828 -0.981841 0.0354245
1636513574.162836 1.0915145414759961 -0.07428678087166041 -1.9466973934040948 -0.19129 -0.0186264 -0.980721 0.0353087
1636513574.229782 1.1154606840721364 -0.07626575832396701 -1.990636270770108 -0.197318 -0.0188376 -0.979527 0.0351875
1636513574.363915 1.1636058312104705 -0.08011502241684221 -2.07658086464307 -0.209909 -0.0190134 -0.976919 0.0347326
1636513574.430895 1.19052726694786 -0.08180435427776811 -2.1201903074517263 -0.216439 -0.0190732 -0.975503 0.0344089
1636513574.497898 1.2166512022500346 -0.08264785848681255 -2.162876023251891 -0.223203 -0.0190125 -0.97399 0.0341087
1636513574.564961 1.2430677832078194 -0.08480069654294983 -2.204976831632722 -0.230007 -0.018775 -0.972426 0.0336559
1636513574.631840 1.2700237235326195 -0.08715471735332106 -2.24787807992588 -0.236704 -0.018404 -0.970835 0.0333361
1636513574.832767 1.3536450398346314 -0.09132776805066445 -2.3725231369234563 -0.256584 -0.0179461 -0.965796 0.0328813
1636513574.966700 1.4143636871020295 -0.09641575682404777 -2.453975430070508 -0.269588 -0.0179181 -0.962272 0.032155
1636513575.033795 1.4436585741967642 -0.09749904246506534 -2.493845121929499 -0.276408 -0.0182941 -0.960331 0.0320776
1636513575.167753 1.5029687202785516 -0.10185429949555347 -2.574465295714025 -0.289932 -0.0192785 -0.956318 0.0319907
1636513575.234584 1.5343711190853537 -0.10307877870055093 -2.613218073968424 -0.296463 -0.019311 -0.954301 0.0323416
1636513575.301528 1.5673192592980492 -0.10378442692645456 -2.649889799475063 -0.303036 -0.0189721 -0.952229 0.0326851
1636513575.435560 1.6368728886586659 -0.10669230094472856 -2.7229281801964262 -0.31672 -0.0181332 -0.947781 0.0327269
1636513575.502743 1.6704199204025494 -0.10779402902847496 -2.7586879056360507 -0.323885 -0.0176676 -0.945366 0.0326965
1636513575.569545 1.7060078917875923 -0.10958665454173377 -2.7943456507678106 -0.330965 -0.0178385 -0.94292 0.03235
1636513575.636693 1.741255571475511 -0.11113498374708908 -2.829154644185033 -0.33825 -0.0183776 -0.94033 0.0320609
1636513575.770433 1.8130394948983164 -0.11382114592722478 -2.894208032157115 -0.353472 -0.0195842 -0.934712 0.0314251
1636513570.344691 0.47126064094046616 0.04117879384455108 0.8368503986919058 -0.100208 -0.0141869 -0.994208 0.0361557
1636513575.904339 1.8865794156646687 -0.11767230187906441 -2.957196135170868 -0.369717 -0.0204418 -0.928404 0.0309238
1636513575.971494 1.9237769394192794 -0.11890456484763592 -2.9873210204508283 -0.377909 -0.0204192 -0.9251 0.0309649
1636513576.038481 1.9633448524540513 -0.1217311430663082 -3.0156404446734837 -0.38602 -0.0203793 -0.921748 0.0309017
1636513576.105709 2.0024081078992593 -0.12268380848972629 -3.043594773674914 -0.39436 -0.019833 -0.918214 0.0311361
1636513576.172572 2.0425131134227037 -0.12345287107723876 -3.0701916353294414 -0.402767 -0.0185535 -0.914575 0.0314032
1636513576.374704 2.1683282859224926 -0.12777657441895585 -3.144798804263104 -0.428132 -0.0148461 -0.903054 0.0312312
1636513576.440338 2.210075541353206 -0.12980489945897164 -3.169375970275076 -0.436874 -0.0147954 -0.898865 0.0310362
1636513576.507178 2.2515413273683675 -0.13154701203483968 -3.1928088008081743 -0.445684 -0.0153429 -0.894536 0.030584
1636513576.574397 2.293817891299115 -0.13399414988060457 -3.2168312499309653 -0.454575 -0.0154646 -0.890053 0.0304568
1636513576.641434 2.3353188558760545 -0.13404061426944264 -3.2399339774189153 -0.463312 -0.0158774 -0.885535 0.0302995
1636513576.708482 2.378313136810426 -0.13529902144855036 -3.259662357149883 -0.471901 -0.0162817 -0.880998 0.0297968
1636513576.775397 2.4224753262899794 -0.13707681331500132 -3.278878377853352 -0.48081 -0.0160563 -0.876181 0.0295105
1636513576.842375 2.4667932955312097 -0.13863450479129444 -3.297033164935516 -0.489839 -0.015674 -0.871179 0.0292952
1636513576.909337 2.511051571870678 -0.13991572304621724 -3.3148430761786902 -0.498935 -0.0154079 -0.866018 0.0289794
1636513576.976349 2.555510721504408 -0.14220081458812914 -3.33095159747769 0.507994 0.0147666 0.860749 -0.0288979
1636513577.043278 2.599915804415289 -0.1436141751598346 -3.3454762182861333 0.51702 0.0144157 0.855366 -0.0288578
1636513577.110214 2.645735895390014 -0.1445498283615959 -3.3593313173485995 0.526141 0.0143622 0.849793 -0.0286493
1636513577.177320 2.6906119768360997 -0.14691946755162746 -3.371675559988567 0.535393 0.0143786 0.844015 -0.0280487
1636513577.244292 2.735730208308407 -0.14878057768291275 -3.3848137912449543 0.544837 0.0144759 0.837968 -0.0274238
1636513577.312698 2.779666577262674 -0.15091660182489325 -3.396626344143345 0.554174 0.0145581 0.83184 -0.0268521
1636513577.379094 2.824663694742561 -0.15236205052553725 -3.405996232366406 0.563386 0.0143473 0.825643 -0.0265416
1636513577.445394 2.8709929443478797 -0.1534815416963305 -3.4135558944653095 0.572569 0.0137854 0.819313 -0.0264744
1636513577.512324 2.9164432520499437 -0.1542885757822194 -3.4200923416318716 0.581747 0.0130551 0.812838 -0.0263577
1636513577.579054 2.962457900580525 -0.15627235900217457 -3.4266018993497767 0.590835 0.0121607 0.806277 -0.0261499
1636513577.646080 3.0090559330391464 -0.15940149406596912 -3.4337986670713416 0.59974 0.0115318 0.799688 -0.0260437
1636513577.713115 3.0555977459165637 -0.1610325609964345 -3.4384510711031977 0.608216 0.011872 0.793259 -0.0259067
1636513577.780275 3.1022678195985747 -0.1606626039623476 -3.4410318804511757 0.616629 0.0122682 0.786727 -0.0260355
1636513577.847268 3.148967160414994 -0.16075277251516243 -3.4418686859850824 0.625129 0.0124086 0.779986 -0.0261039
1636513577.914256 3.1958924066379963 -0.16120574022895814 -3.441755173222845 0.63375 0.0123292 0.772999 -0.0261214
1636513577.981188 3.241479633254779 -0.16204304311778778 -3.443279811592547 0.642536 0.0122149 0.765708 -0.0262644
1636513578.115166 3.3335749588669867 -0.16444692386296655 -3.4400493422237255 0.659443 0.012117 0.751195 -0.0263674
1636513578.248910 3.42564425090713 -0.16589674111524066 -3.433006131109014 0.676639 0.0120018 0.735761 -0.0259315
1636513578.315815 3.471103666475777 -0.16716197587124884 -3.4290634827696502 0.685192 0.0118523 0.727815 -0.0256401
1636513578.383148 3.5168957390462596 -0.1677690718159076 -3.423002640751067 0.693644 0.0118633 0.719775 -0.0253232
1636513578.517081 3.6056043298994016 -0.1691149617011819 -3.4068067391156833 0.710446 0.0117887 0.703205 -0.0251284
1636513578.584053 3.649477894520916 -0.168475306606982 -3.397599604844924 0.718836 0.0119498 0.694626 -0.0250397
1636513578.650936 3.693494493926783 -0.1684615523127539 -3.388007034518754 0.727078 0.0119188 0.686002 -0.0248485
1636513578.718028 3.738401190489052 -0.1685399689936129 -3.378190848602608 0.735087 0.0119558 0.677424 -0.0245098
1636513578.784778 3.783071779809859 -0.1693814507472319 -3.36789929602416 0.742769 0.0121616 0.669006 -0.0240334
1636513578.851804 3.8273991405442 -0.17003585998098447 -3.3560440940999636 0.75012 0.0123219 0.660753 -0.0239314
1636513578.918661 3.8704265021655506 -0.17010711764539171 -3.343256246458765 0.757174 0.0125808 0.652661 -0.0237164
1636513578.985940 3.9128722379265577 -0.17043512620497836 -3.328485044782065 0.764094 0.0127636 0.64456 -0.0232388
1636513579.052871 3.9552410807123355 -0.17156114704075492 -3.311555140663815 0.771005 0.0126104 0.63629 -0.0229508
1636513579.119923 3.9971876937421063 -0.17227994634213467 -3.2945929726819565 0.778 0.0126002 0.627725 -0.0227715
1636513579.186895 4.039151822380746 -0.17241450078778503 -3.277415782856222 0.784917 0.0128292 0.619058 -0.0225261
1636513579.253981 4.0810129852050405 -0.1716700756884822 -3.2591032629768746 0.791676 0.012981 0.610395 -0.0223397
1636513579.320925 4.121944373092958 -0.1719123075837339 -3.239764597102427 0.798262 0.012871 0.601763 -0.0222217
1636513579.387794 4.163130310592952 -0.17187862872164592 -3.218584917701044 0.804671 0.0126653 0.593176 -0.022063
1636513579.521539 4.243979842143225 -0.1727089345197603 -3.173939872735596 0.817288 0.0121303 0.575716 -0.0211023
1636513579.588715 4.284659860942314 -0.17359288221766492 -3.1507812177178653 0.823485 0.0119096 0.56684 -0.0205568
1636513579.655730 4.324923362152191 -0.17440896038770243 -3.126801479096609 0.829546 0.0116866 0.557942 -0.0204389
1636513579.789809 4.40014132018247 -0.17555038622063332 -3.074950627499277 0.841254 0.0116557 0.540132 -0.0203348
1636513579.856868 4.4370450384708775 -0.17404211355058571 -3.0488329927985474 0.847132 0.0118265 0.530873 -0.0200287
1636513579.923836 4.474135464419579 -0.17375445843601023 -3.0227700789679033 0.852973 0.0116003 0.521458 -0.0196158
1636513579.990601 4.511016002486679 -0.17467768075502454 -2.995525207149354 0.858644 0.0114009 0.512085 -0.0192334
1636513580.058202 4.546636385457802 -0.17535709126223745 -2.968235811177527 0.864068 0.0116377 0.502893 -0.0186927
1636513580.124475 4.5814094695939245 -0.17592460796291937 -2.9398148897020064 0.869335 0.0119722 0.493737 -0.0183846
1636513580.191581 4.615263663402331 -0.17524026840554674 -2.9103335617065365 0.874502 0.0126624 0.484522 -0.0180123
1636513580.258657 4.647836770082886 -0.17430189294488735 -2.8805387597801273 0.879683 0.0131897 0.475052 -0.0175721
1636513580.325740 4.680871576143122 -0.17268114958596364 -2.8499982188927655 0.884849 0.0131112 0.465358 -0.0176447
1636513580.459624 4.7451348182330815 -0.172530449059432 -2.7867376583424717 0.894427 0.0123887 0.44669 -0.0177098
1636513580.526566 4.776004780043273 -0.1711664060068111 -2.7538912469500034 0.898957 0.0121504 0.437494 -0.0180964
1636513580.593538 4.805760588253861 -0.17048951020640532 -2.7200940064684036 0.903401 0.0118418 0.42825 -0.0181047
1636513580.660563 4.835622189066745 -0.17006055250117053 -2.685694622781088 0.907865 0.011655 0.418728 -0.0176777
1636513580.727484 4.865119746254184 -0.16835032760779273 -2.6513764523789787 0.912355 0.0113896 0.408866 -0.0175122
1636513580.794577 4.894487503757896 -0.1666584362453733 -2.61659551116152 0.916703 0.0110154 0.399045 -0.0172414
1636513580.928401 4.951430572925302 -0.16428271005774922 -2.5441860705667954 0.924896 0.0098286 0.379744 -0.0163045
1636513580.995587 4.980101767232508 -0.16322686260537642 -2.5070806171685174 0.928844 0.00933134 0.370017 -0.0157507
1636513581.062559 5.007208629775022 -0.16295480747202015 -2.4695187171441333 0.932651 0.00910361 0.360367 -0.0146641
1636513581.129420 5.034054680749184 -0.16272988489392898 -2.4321558506233267 0.936375 0.00908389 0.350619 -0.0136185
1636513581.196388 5.060670906001752 -0.1623216631417596 -2.3941972291605356 0.939942 0.00926333 0.340967 -0.0128044
1636513581.263399 5.0856003582760305 -0.16059694124410384 -2.355870127519682 0.943281 0.00941966 0.331629 -0.0124232
1636513581.330189 5.109039209703948 -0.1588450373071309 -2.316214039885273 0.946446 0.00921574 0.322502 -0.0121395
1636513581.397480 5.130157058266815 -0.15854469764565626 -2.27555391329256 0.949523 0.00871368 0.313358 -0.011711
1636513581.464383 5.151405960887549 -0.15840396205193125 -2.234427813312842 0.952568 0.00816677 0.304003 -0.0114037
1636513581.531307 5.172655723016215 -0.15800352131901935 -2.1936122597807923 0.95551 0.00763631 0.294646 -0.0111865
1636513581.598297 5.192384673234552 -0.15808802944980627 -2.1526974411314077 0.958246 0.00720112 0.285646 -0.0109108
1636513581.665293 5.210527489809956 -0.15718165387899857 -2.1111117749374286 0.96082 0.00673029 0.276877 -0.0108687
1636513581.732286 5.227932403360165 -0.1567510595529115 -2.0686848049870417 0.963273 0.00627322 0.26823 -0.0108502
1636513581.866215 5.261201275958446 -0.15645506933347117 -1.9849893213345868 0.967961 0.00592867 0.25079 -0.0109702
1636513581.933152 5.276326896726469 -0.15417015293884717 -1.9425217582272403 0.970156 0.00575985 0.242156 -0.0111975
1636513582.000278 5.290491008157394 -0.15227085501084842 -1.8988746771390774 0.972268 0.00525201 0.233524 -0.0115415
1636513582.134228 5.321234702658354 -0.14996177801312613 -1.8105513666342445 0.976149 0.00477282 0.216746 -0.0114779
1636513582.201281 5.335394596769253 -0.14891464951114508 -1.7667248595946263 0.977896 0.00463443 0.208727 -0.0114525
1636513582.268309 5.349947812815314 -0.14746166962772553 -1.7214187877114329 0.979513 0.00469699 0.201023 -0.0110738
1636513582.335240 5.36388778467036 -0.1451812674608385 -1.6779679337739568 0.981055 0.0049042 0.193398 -0.0102526
1636513582.402184 5.376837628649167 -0.14286580208995986 -1.6335083093433673 0.98254 0.0048784 0.185736 -0.00965548
1636513582.469254 5.389269954206147 -0.1408777050283483 -1.5878376543976562 0.98398 0.00470991 0.177979 -0.00917553
1636513582.536085 5.401354586228368 -0.13978118497360129 -1.5421970697909928 0.985352 0.0045199 0.170264 -0.00841386
1636513582.603034 5.412329690985363 -0.13827490210573262 -1.4958092728951762 0.986645 0.00433613 0.162631 -0.00798913
1636513582.670088 5.421968397874593 -0.1380890750346408 -1.449221366589678 0.987881 0.0039573 0.154965 -0.00777197
1636513582.737234 5.4300574955378185 -0.13713562291790357 -1.4027754895319284 0.989102 0.00359921 0.146979 -0.00779266
1636513582.804132 5.436990216463138 -0.1361455853649992 -1.3555302524370954 0.99031 0.00310771 0.138631 -0.00758815
1636513582.871242 5.443645347261521 -0.13516106543194434 -1.3082395957940944 0.991499 0.00276304 0.129874 -0.0074536
1636513582.938190 5.449741828517625 -0.13374502414536107 -1.2604130643740432 0.992592 0.00248285 0.121238 -0.00745523
1636513583.072076 5.459042493277583 -0.1321676384132211 -1.1646179732964053 0.994519 0.00180029 0.10431 -0.00697223
1636513583.138788 5.463480818475834 -0.13173520456134932 -1.116221333592247 0.995402 0.00159462 0.0955493 -0.00645955
1636513583.206087 5.466857655107884 -0.13120829320141839 -1.0684472534852427 0.996214 0.0016825 0.086694 -0.00619462
1636513583.272998 5.467712953417684 -0.13023264692566028 -1.0218898198815916 0.996944 0.00182272 0.0778892 -0.00576094
1636513583.339931 5.468017837413242 -0.1289837912797517 -0.9747023774188465 0.997618 0.00163545 0.0687547 -0.00525073
1636513583.473980 5.464542912670576 -0.12660644710494462 -0.8814390662058765 0.998736 0.000938092 0.050022 -0.00476303
1636513583.541068 5.462546743353622 -0.1249367747484216 -0.8353698207638796 0.999171 0.000662298 0.0405317 -0.00362856
1636513583.608547 5.45958913470198 -0.12430543013081359 -0.7887125160030746 0.999524 1.19732e-05 0.030754 -0.00253279
1636513583.674765 5.456183566619505 -0.123086274971196 -0.7418869464400205 0.999783 -0.000714183 0.0207877 -0.000851536
1636513583.741740 5.452504174068364 -0.12173327914034784 -0.6939131763188777 0.999941 -0.00139852 0.0107681 0.000631071
1636513583.808839 5.447053267463652 -0.12010809283644756 -0.6456439634036121 0.999996 -0.00197052 0.000935352 0.00150357
1636513583.875885 5.440298923339921 -0.11842114896197024 -0.5977965323467083 0.999956 -0.00235487 -0.0087976 0.00229366
1636513583.942901 5.43152076345612 -0.11804628898690545 -0.5515124043707338 0.999817 -0.00287544 -0.0186602 0.00296728
1636513584.009882 5.4216013201707645 -0.11817459804430118 -0.5052240657656218 0.999565 -0.00353313 -0.0290298 0.00369846
1636513584.076996 5.410996486295236 -0.11662843575889319 -0.4595804409149884 0.999185 -0.00414607 -0.0398931 0.00457952
1636513584.143938 5.399903380592938 -0.1142086618728012 -0.41396992054557413 0.99867 -0.00479665 -0.0510082 0.00585494
1636513584.210897 5.388078953653026 -0.11215106573710458 -0.3675935597957368 0.998017 -0.00561686 -0.0623152 0.00688093
1636513584.277720 5.374003401067748 -0.11008202086411908 -0.32174504580362084 0.997233 -0.00642013 -0.0737187 0.00705247
1636513584.345037 5.3575812770633435 -0.1089798970740456 -0.2778581296353656 0.996311 -0.00709134 -0.0852461 0.00682895
1636513584.411757 5.3404121023150495 -0.10823161891404798 -0.23411773211222187 0.995217 -0.00754003 -0.0971268 0.00721331
1636513584.478750 5.32295068737389 -0.10781367713001103 -0.19076737661193133 0.993923 -0.00776072 -0.109545 0.0075008
1636513584.545834 5.302846356367321 -0.1055575020947769 -0.14954726168425836 0.992493 -0.00749388 -0.121862 0.00711254
1636513584.612700 5.282100867216826 -0.10228251950538027 -0.10916224501320992 0.990941 -0.00709387 -0.133926 0.00698613
1636513584.679740 5.26072290416528 -0.09930063777695328 -0.06845759835540122 0.989258 -0.00684052 -0.145876 0.00649024
1636513584.747446 5.238250972766177 -0.09612856436952635 -0.027901681908587994 0.987503 -0.00678958 -0.157346 0.00582803
1636513584.813530 5.215939442008229 -0.09381437994514027 0.013285409555726213 0.985711 -0.00685009 -0.168214 0.00555105
1636513584.880727 5.192403313923143 -0.09163177048559226 0.0532466959728648 0.983867 -0.00700749 -0.178693 0.00507747
1636513584.949624 5.168902884562755 -0.08968544295033715 0.0933349477139036 0.981929 -0.00739079 -0.189028 0.00544827
1636513585.014699 5.145331132792318 -0.08748772075672209 0.1327927030687739 0.979876 -0.00779073 -0.199349 0.00654506
1636513585.081771 5.121118542977375 -0.08525303387605984 0.172981492954128 0.977664 -0.0080715 -0.209881 0.00762495
1636513585.148597 5.095196323979984 -0.08290895742864018 0.21224837013730036 0.975327 -0.00815404 -0.220449 0.00852624
1636513585.215527 5.06797928444884 -0.08069239915153578 0.24881823323352248 0.97285 -0.0082986 -0.231096 0.0094129
1636513585.282687 5.039539465263971 -0.07820405764297116 0.2852726054136616 0.970177 -0.00854895 -0.24204 0.010005
1636513585.349545 5.011383834015629 -0.07623575719496144 0.3214664980474269 0.967326 -0.00903107 -0.253153 0.0105566
1636513585.416435 4.982209354150395 -0.07463864177742345 0.35714587724446223 0.964347 -0.00954935 -0.264227 0.0112701
1636513585.483454 4.952327628592037 -0.0736217808596461 0.39000417144252064 0.961214 -0.0100808 -0.275344 0.0123452
1636513585.550486 4.921425932841547 -0.0715565909380827 0.4234991428663606 0.957876 -0.0105187 -0.286697 0.0129296
1636513585.617418 4.88968201880305 -0.07094499324874744 0.45547654434590323 0.954372 -0.0108641 -0.298133 0.0131083
1636513585.684561 4.855537401557698 -0.06992290357952993 0.48674204632211393 0.950772 -0.0107896 -0.309429 0.0130723
1636513585.751513 4.820251425517461 -0.06800640066891546 0.5157513840452697 0.94697 -0.0102939 -0.320913 0.0125323
1636513585.818496 4.785150948657132 -0.0660920725279462 0.5443289078005038 0.942977 -0.00983076 -0.33248 0.0124683
1636513585.886259 4.749642416307012 -0.06325058794567873 0.5720961705536309 0.938849 -0.0095137 -0.343957 0.0128862
1636513585.952512 4.713055633755538 -0.060425770263254436 0.5995126659413312 0.934607 -0.0095069 -0.355294 0.0136427
1636513586.019441 4.676489767727693 -0.05874312181436457 0.6262514520800686 0.930183 -0.00963377 -0.366697 0.0141125
1636513586.086132 4.638707601202048 -0.056283598445762834 0.6518024657740058 0.925569 -0.00982055 -0.378176 0.0144288
1636513586.220433 4.560286588484953 -0.054389432607169774 0.6977289260746813 0.915662 -0.0107113 -0.40154 0.0146424
1636513586.287313 4.520908014088752 -0.05290838928723078 0.7200658958099335 0.910325 -0.0109213 -0.413491 0.0146415
1636513586.354381 4.481797433571935 -0.05193601061572062 0.7412492932433894 0.904816 -0.0112044 -0.425389 0.0150619
1636513586.421257 4.441525495604228 -0.05057242316013767 0.7602021863946999 0.899164 -0.0114208 -0.437189 0.0154749
1636513586.488446 4.401393134277049 -0.048410041244775256 0.7790225798066344 0.893294 -0.0116931 -0.449036 0.0160109
1636513586.555391 4.361691763159982 -0.046600355993234574 0.796955786844104 0.887253 -0.0124179 -0.460804 0.0169705
1636513586.622164 4.321034371579975 -0.045607814686743076 0.8159494846695494 0.881063 -0.0131637 -0.472484 0.0177251
1636513586.689198 4.2806142036665715 -0.04488462112652499 0.8339358220318445 0.874799 -0.0135723 -0.483957 0.0181117
1636513586.823357 4.197396823649091 -0.04401961988931288 0.8633591688785311 0.862255 -0.0136825 -0.505949 0.0185518
1636513586.890288 4.1543943096809715 -0.042415227917651614 0.8760836101819041 0.85584 -0.0132289 -0.516742 0.0184519
1636513586.957273 4.111902947805147 -0.03929192643197117 0.8878568679602259 0.849382 -0.0129052 -0.527306 0.018253
1636513587.024313 4.0686479597831555 -0.03774301428588454 0.9001312946236473 0.842944 -0.0132563 -0.537527 0.0182773
1636513587.091290 4.024356301629966 -0.03716326753620005 0.9123101973413563 0.836556 -0.0135319 -0.547408 0.0183062
1636513587.158237 3.9801761187539144 -0.03653123933813664 0.9219888133085112 0.83022 -0.0137701 -0.556948 0.0188238
1636513587.225445 3.9360051877046827 -0.03434239407105719 0.9307630627281878 0.823792 -0.0142661 -0.566368 0.0197579
1636513587.291903 3.891725728656564 -0.03214655907276893 0.9385795832997339 0.817153 -0.0149866 -0.575858 0.0205986
1636513587.359015 3.8474321930375757 -0.03119982681142397 0.9461332454429854 0.810346 -0.01571 -0.585358 0.0211786
1636513587.425998 3.8030536132459054 -0.030612391325114018 0.9520070281909143 0.803442 -0.016316 -0.594764 0.021696
1636513587.493088 3.7574047984260415 -0.029189985341170385 0.9559725169955158 0.796391 -0.0164426 -0.604164 0.0218403
1636513587.560203 3.713030932620737 -0.028796501467975664 0.960757577114587 0.789155 -0.0167992 -0.613558 0.0223219
1636513587.627064 3.6677938563224837 -0.028205579729011263 0.9623251269149329 0.781937 -0.0167802 -0.622725 0.0225081
1636513587.694245 3.622192760265829 -0.028968550515484005 0.9625042878074794 0.774596 -0.0161559 -0.631857 0.022291
1636513587.761043 3.5768417834139696 -0.028323121372447652 0.960810250996104 0.767096 -0.0155872 -0.640949 0.0224939
1636513587.827914 3.5297264505663684 -0.026164267849656073 0.9575497032579278 0.75939 -0.0146436 -0.650085 0.0224253
1636513587.894855 3.483051871311375 -0.025032809683965405 0.9537908400856241 0.751585 -0.0138851 -0.659112 0.0223274
1636513587.962008 3.4363622299207686 -0.02322606834527092 0.9492254936979008 0.743792 -0.0135906 -0.667888 0.0226869
1636513588.028991 3.3902057498112517 -0.021330880786587 0.9441109365569966 0.735865 -0.0134375 -0.676604 0.0230134
1636513588.096070 3.345803311673197 -0.019707230253022096 0.9395828790234774 0.7278 -0.0137453 -0.685251 0.0234506
1636513588.165086 3.3013548569733073 -0.01911136650714118 0.9348289946774351 0.719676 -0.0142044 -0.693752 0.0239303
1636513588.229958 3.255475121881019 -0.018388685470731393 0.9272099484772766 0.711561 -0.0145148 -0.702055 0.0242859
1636513588.297039 3.2105241319898803 -0.017818497225170857 0.9195249384087554 0.703318 -0.014906 -0.710284 0.0248435
1636513588.363850 3.1654731571039108 -0.01812231831728555 0.909694112958073 0.694948 -0.0149874 -0.718461 0.0252255
1636513588.497782 3.0794469102279454 -0.017781716055968795 0.8900934916061377 0.677758 -0.014612 -0.734664 0.0264588
1636513588.631988 2.9971318535717844 -0.016737014201320635 0.8719048924990356 0.660645 -0.0143324 -0.750052 0.027676
1636513588.698887 2.9544826315103165 -0.015813319060261538 0.8592062063453698 0.652295 -0.0145311 -0.757292 0.028439
1636513588.767914 2.9124397771857597 -0.015278777893728737 0.8452883391183726 0.643893 -0.0148794 -0.764419 0.0290309
1636513588.832931 2.8687466239823247 -0.014777232551205999 0.8297408225553221 0.635419 -0.0153492 -0.771454 0.0294082
1636513588.899806 2.825628829565398 -0.014843787029704764 0.8143855795096108 0.626881 -0.015847 -0.778382 0.0298595
1636513588.966799 2.7821052889961386 -0.015250169671811864 0.7973431060560864 0.618435 -0.0158499 -0.785103 0.0299965
1636513589.033680 2.7394778135859874 -0.014844516449935036 0.7788138273115223 0.610173 -0.0153614 -0.791558 0.0298146
1636513589.100585 2.697760203190362 -0.01404251004605768 0.759500989909388 0.602012 -0.0150303 -0.797792 0.029713
1636513589.167760 2.6569351695375207 -0.014673213416226544 0.7395391413104331 0.59379 -0.014996 -0.803935 0.0296044
1636513589.234789 2.6170394087527105 -0.01543152787665529 0.7207657731869286 0.585518 -0.0148734 -0.809982 0.0296149
1636513589.301741 2.577198349092735 -0.016859047665786137 0.7011474379557122 0.577334 -0.0150413 -0.815819 0.0299906
1636513589.435755 2.497758184592724 -0.016144240617470856 0.6575507412055741 0.561044 -0.0155065 -0.827061 0.0309587
1636513589.502784 2.4581273075394674 -0.015750369755252944 0.635230090167161 0.552811 -0.0156956 -0.832573 0.0312528
1636513589.569652 2.418051561804316 -0.015129507573938022 0.6122262288624976 0.544652 -0.0155079 -0.837933 0.0313269
1636513589.636712 2.3778155700233587 -0.015055011708564922 0.5884936961136051 0.536767 -0.0150165 -0.84302 0.0312008
1636513589.705595 2.3397671019657302 -0.014718328367505043 0.5633347907687755 0.529245 -0.0147218 -0.847774 0.0310375
1636513589.772046 2.301744587827763 -0.015131379427363936 0.5364494152047591 0.521824 -0.0147348 -0.852365 0.0309166
1636513589.837695 2.263269153347757 -0.016291109580228377 0.5095164530063743 0.514253 -0.0150753 -0.856946 0.0310058
1636513589.904751 2.2246096080912277 -0.017098832432394795 0.4830587446551253 0.506546 -0.0154133 -0.861504 0.0313703
1636513589.971612 2.18683574180758 -0.017561075815818117 0.4556669203886218 0.498938 -0.0155058 -0.865921 0.0316373
1636513590.038551 2.1479598938304676 -0.017646555863231314 0.4281203288565588 0.491483 -0.015785 -0.870163 0.0317944
1636513590.172542 2.071276232121736 -0.01922409504883872 0.36958622865446156 0.477148 -0.0158416 -0.878104 0.031828
1636513590.239548 2.034329803519513 -0.020339611815205397 0.3396270815497393 0.470156 -0.0159639 -0.881855 0.0321081
1636513590.306483 1.997992888978522 -0.019978767654739618 0.3078359129549021 0.463208 -0.0159023 -0.885519 0.0322724
1636513590.373377 1.9614435534610113 -0.021033352828012275 0.27621413262151173 0.456162 -0.0160159 -0.889168 0.0322391
1636513590.507465 1.8864967248029572 -0.02268299365739221 0.2136448133335903 0.442631 -0.016298 -0.895976 0.0322481
1636513590.574526 1.8505601362978128 -0.021432019232528896 0.17897416379479747 0.436349 -0.0163373 -0.899058 0.0320595
1636513590.641392 1.8152752597782755 -0.020318487564278787 0.1425872620437798 0.430057 -0.0165373 -0.902095 0.0316498
1636513590.708488 1.7809898244945626 -0.02704779832682809 0.1117395192888141 0.423539 -0.0169242 -0.90519 0.0309661
1636513590.776999 1.7441925685845128 -0.028143390695119494 0.07733319961148899 0.417235 -0.0170425 -0.908113 0.030927
1636513590.842678 1.7095967481295204 -0.030574759535108263 0.04336186449086887 0.411232 -0.01694 -0.910839 0.0312059
1636513590.909235 1.675647989329942 -0.031238907791610572 0.008736622563315422 0.40536 -0.016671 -0.91345 0.0318372
1636513590.976279 1.643396903871679 -0.03171812789478055 -0.026776575154865756 0.39956 -0.016552 -0.915985 0.0323767
1636513591.043309 1.6087792682922064 -0.03130898157205111 -0.06248347867578552 0.393797 -0.0166236 -0.918461 0.0328094
1636513591.110335 1.5752053228609735 -0.031823058284334856 -0.09942637330189985 0.388356 -0.0165321 -0.920772 0.0329479
1636513591.178360 1.5411256544986123 -0.032402529599775104 -0.136950846751406 0.383225 -0.0163984 -0.922921 0.0329561
1636513591.244925 1.5081277810649258 -0.0336599278727078 -0.17430488041952374 0.378308 -0.0162971 -0.924951 0.0329034
1636513591.311423 1.4755132560923645 -0.03501485893791862 -0.2122415297334712 0.373483 -0.0161642 -0.92691 0.0329685
1636513591.445224 1.4106837279132614 -0.03738701663234185 -0.28801020858351134 0.364074 -0.01576 -0.930646 0.0331507
1636513591.512216 1.3782150435210578 -0.03769676799898827 -0.32649162948329535 0.359728 -0.0153993 -0.932334 0.0333577
1636513591.579240 1.3470693635991549 -0.03921135233226378 -0.3652233444853646 0.355693 -0.0149469 -0.933887 0.0333865
1636513591.646280 1.3168356917487216 -0.04018919364134556 -0.4042535242973927 0.351706 -0.0147049 -0.935394 0.0335294
1636513591.713236 1.2863898245011054 -0.04108377324971226 -0.4440539386090553 0.34762 -0.0147385 -0.936912 0.0337606
1636513591.780247 1.2537737913307128 -0.04179818715623729 -0.4830413359526775 0.343492 -0.0147117 -0.938428 0.0338991
1636513591.847265 1.2214039625414266 -0.04243176836997714 -0.5228970605703225 0.339728 -0.0147751 -0.939795 0.0339542
1636513591.914331 1.1913298858241006 -0.04438743686697981 -0.5622057846881375 0.336289 -0.0150255 -0.941024 0.0340205
1636513591.981004 1.1602221911375474 -0.044969089373684434 -0.6029197932428912 0.332774 -0.0152768 -0.94226 0.0342635
1636513592.048238 1.128999588695646 -0.04642026066627769 -0.6435566043863215 0.329225 -0.0153476 -0.943497 0.0344721
1636513592.115045 1.098098701625258 -0.04666455264808023 -0.6831582909164556 0.325894 -0.0155652 -0.944638 0.0347761
1636513592.182136 1.0677118599535633 -0.0467385281960109 -0.7241346933867512 0.322804 -0.0158208 -0.945689 0.0349202
1636513592.250879 1.0357611060880378 -0.048896157090629465 -0.764456588822156 0.31988 -0.0161843 -0.94668 0.0348183
1636513592.316216 1.003925498275675 -0.051008311517758344 -0.8060633844328816 0.317221 -0.0168577 -0.947559 0.0349041
1636513592.383136 0.9736530505051177 -0.05127115017288711 -0.8479613332135356 0.31482 -0.0172349 -0.948342 0.0351804
1636513592.450135 0.9436806749244893 -0.05238539317695218 -0.8888908285243775 0.312491 -0.0171395 -0.949114 0.0351882
1636513592.517034 0.9134192248472459 -0.05332635174119671 -0.9302539919876074 0.310302 -0.016975 -0.949831 0.035294
1636513592.583984 0.8820182666786891 -0.053279760535039376 -0.9733646051384929 0.308362 -0.0165573 -0.950469 0.0353215
1636513592.651091 0.8513171090675447 -0.053796448132220884 -1.014640771971406 0.306837 -0.0157477 -0.950987 0.0350366
1636513592.717838 0.8201995447604052 -0.05481602737733879 -1.057827398372897 0.305784 -0.0152162 -0.951348 0.0346547
1636513592.784878 0.7874651364188237 -0.0556864325726542 -1.0988381477577036 0.305085 -0.0148311 -0.951594 0.0342412
1636513592.921059 0.7245017529847111 -0.058808671070444685 -1.1825937232591692 0.304889 -0.0147155 -0.951682 0.0335866
1636513592.985870 0.6927572573244433 -0.060256400275394986 -1.2243646593112416 0.305024 -0.0146637 -0.951651 0.0332519
1636513593.053051 0.6605129226519213 -0.062189447222923196 -1.2660812015599605 0.305401 -0.0148278 -0.951531 0.0331657
1636513593.120008 0.6270108738230726 -0.06322288156458855 -1.307045398282717 0.306054 -0.0147643 -0.95132 0.0332162
1636513593.186896 0.5948090863038282 -0.06449844418562539 -1.347711535981467 0.307205 -0.014411 -0.950956 0.0331785
1636513593.253788 0.5628861548262913 -0.06466447818292179 -1.389201154800498 0.308677 -0.0143126 -0.950475 0.033329
1636513593.320720 0.5302319810021994 -0.06435292072352705 -1.4296880464787494 0.310217 -0.0143402 -0.949976 0.0332579
1636513593.454842 0.46382680927887066 -0.06684020735418197 -1.5106788553842652 0.3138 -0.0149264 -0.948805 0.0327899
1636513593.521848 0.4303011092219279 -0.06776425500380352 -1.5510790263613101 0.315842 -0.0152547 -0.948125 0.0327045
1636513593.588850 0.39803561024333456 -0.06882675524983331 -1.5907809712262966 0.317832 -0.0157272 -0.947455 0.0326127
1636513593.722830 0.3291578812057795 -0.07013623836094787 -1.6702469290794475 0.3216 -0.0161283 -0.946186 0.0323201
1636513593.789858 0.2937603104864446 -0.07112494176761883 -1.7100048831580383 0.323944 -0.016096 -0.945395 0.0320706
1636513593.856735 0.25854034238042245 -0.07248616325013661 -1.7482022463269469 0.326613 -0.0157252 -0.944494 0.0317382
1636513593.923540 0.2241323996333453 -0.07340953875446593 -1.7874149788854823 0.329546 -0.0154071 -0.943487 0.0315402
1636513594.057738 0.15159239210083963 -0.07412969475701153 -1.864255652592489 0.335956 -0.0150168 -0.941246 0.0310409
1636513594.124807 0.11292572903537146 -0.0750429169668256 -1.9006278441752027 0.339639 -0.0148464 -0.939936 0.0307385
1636513594.191788 0.07558054195213415 -0.07604377638867588 -1.936608832460169 0.343796 -0.0145544 -0.938435 0.0305377
1636513594.258793 0.03697558491939179 -0.076961931785578 -1.9724023144270086 0.348305 -0.014495 -0.936772 0.0305242
1636513594.325809 -0.0017390372879915184 -0.07633837375054962 -2.0070605481630968 0.35318 -0.0144204 -0.934945 0.0305621
1636513594.459517 -0.0813801470802632 -0.07786599259654772 -2.072619241863041 0.364071 -0.0145226 -0.930775 0.0299787
1636513594.526474 -0.12153483158633038 -0.07825018170444249 -2.104822252405892 0.369892 -0.0144083 -0.928485 0.0297996
1636513594.593692 -0.1609451753571669 -0.07830804844509673 -2.1372810590250095 0.375863 -0.0144069 -0.926087 0.0297116
1636513594.661994 -0.20076217479652803 -0.07845030008006425 -2.1689365036604116 0.382114 -0.0146434 -0.923525 0.0295887
1636513594.727582 -0.24224825001392636 -0.07900461284366565 -2.198573659743938 0.388392 -0.0146095 -0.920906 0.0295037
1636513594.995503 -0.4023791819714745 -0.07627466154384807 -2.316567835186079 0.414622 -0.0143761 -0.909387 0.0299549
1636513595.062454 -0.4431498205366353 -0.0771813002802313 -2.345401470022755 0.421341 -0.0141933 -0.906306 0.0296609
1636513595.129446 -0.48475079508058283 -0.07578058444355562 -2.374005529938848 0.428136 -0.0142094 -0.903123 0.0294295
1636513595.196368 -0.5265293341138446 -0.07613441906874004 -2.400344503874475 0.434935 -0.0143963 -0.899874 0.0291695
1636513595.263505 -0.5697737918345586 -0.07688829647933193 -2.426877949533091 0.441809 -0.0145478 -0.896522 0.0290112
1636513595.330361 -0.6131015344094367 -0.07780460837899046 -2.4521978311024544 0.448676 -0.0147984 -0.8931 0.0290479
1636513595.397480 -0.656228787799603 -0.07770613405482718 -2.478307000644433 0.455451 -0.0151673 -0.889646 0.0293804
1636513595.465554 -0.7000084374499655 -0.07717285182460212 -2.50305177768315 0.462084 -0.0154323 -0.886205 0.0296771
1636513595.531600 -0.7451178955734928 -0.07712937286875314 -2.525709173324498 0.468638 -0.0155927 -0.88275 0.0298071
1636513595.598308 -0.7912438778329934 -0.0761245203841064 -2.5486944481982716 0.475257 -0.0158824 -0.879198 0.0298434
1636513595.665395 -0.8373188506357468 -0.07728455287367184 -2.5702060621860614 0.481873 -0.0161144 -0.875591 0.0296368
1636513595.732131 -0.8851732935384599 -0.07864409462633037 -2.591989414983769 0.488514 -0.0160483 -0.871905 0.029643
1636513595.802572 -0.9320807204679377 -0.07846059542245173 -2.6127430970023506 0.495169 -0.0157283 -0.868141 0.0298372
1636513595.866360 -0.9773698192470933 -0.07676622538444927 -2.6332172423424263 0.501975 -0.0154032 -0.86423 0.0298261
1636513595.933444 -1.0244949298296182 -0.0765356634689479 -2.6521747442338066 0.508795 -0.0153402 -0.860242 0.0295859
1636513596.067436 -1.1211738777064253 -0.07569015242902949 -2.687098314169775 0.522515 -0.0153249 -0.851996 0.0290715
1636513596.135143 -1.1689826217036436 -0.07483267768735083 -2.7024013752263194 0.529467 -0.0153422 -0.847706 0.0287097
1636513596.203290 -1.2195023804796912 -0.07425519588525004 -2.7175774089119713 0.536613 -0.0155388 -0.843206 0.0284377
1636513596.268342 -1.2686175028421882 -0.07395260857202471 -2.7305191543524683 0.543844 -0.0156097 -0.838574 0.0279859
1636513596.335132 -1.318863393017688 -0.0742337975017255 -2.7417318201293748 0.551195 -0.0156791 -0.833776 0.0274883
1636513596.402118 -1.3689415349426735 -0.07469738656234867 -2.7538365841095738 0.558734 -0.0154412 -0.828763 0.0270044
1636513596.469321 -1.4192777256713047 -0.07538751462610682 -2.763929799109443 0.566324 -0.0149027 -0.823616 0.0266829
1636513596.537506 -1.4697906894831743 -0.07405616363555378 -2.7739050937617504 0.574012 -0.014049 -0.818294 0.0266211
1636513596.603145 -1.5220751291978578 -0.0728758146068249 -2.7809143761399815 0.581766 -0.0132233 -0.812817 0.0264896
1636513596.670300 -1.5715594078287771 -0.0710103800007849 -2.7887515708475443 0.589809 -0.0125895 -0.807016 0.026304
1636513596.737144 -1.6218927039056663 -0.06975197926390674 -2.7952970235252073 0.597876 -0.0123672 -0.80107 0.0260393
1636513596.871114 -1.7230519153361956 -0.06775399025264225 -2.805044672096458 0.613698 -0.0120405 -0.789045 0.0252376
1636513596.937891 -1.7738645302231457 -0.06704857545122736 -2.8070159212590218 0.62151 -0.0117798 -0.782929 0.0246609
1636513597.005131 -1.8246756547425873 -0.06733639925573656 -2.8092050306888035 0.629535 -0.0114468 -0.776517 0.0240014
1636513597.072128 -1.8749908373251905 -0.06659113793157717 -2.811029065702166 0.637581 -0.0107206 -0.769956 0.0233276
1636513597.139161 -1.9239744056147075 -0.06568306915827518 -2.811882692215246 0.645626 -0.0100792 -0.763243 0.0229357
1636513597.206097 -1.9726467669057062 -0.06418398128702435 -2.810998111756654 0.653615 -0.00981085 -0.756418 0.0228726
1636513597.273217 -2.0208504809551457 -0.06258781093649149 -2.808567004658884 0.66162 -0.00974483 -0.749435 0.0226268
1636513597.340083 -2.069821278766636 -0.06238494546589836 -2.80351887174851 0.669592 -0.0100318 -0.74232 0.0225122
1636513597.406935 -2.116678573527979 -0.06282699303456682 -2.7964473035391926 0.677553 -0.0102834 -0.735058 0.0224713
1636513597.473886 -2.163498639966866 -0.0631311113222077 -2.7893798029044237 0.685589 -0.0102196 -0.727574 0.0223691
1636513597.540820 -2.210535801003591 -0.06288081961222107 -2.7807961886856147 0.693765 -0.00992949 -0.719781 0.0225031
1636513597.608036 -2.257613312299543 -0.061149852580600246 -2.772425551447958 0.702019 -0.00935269 -0.711738 0.0225815
1636513597.675066 -2.303940686574917 -0.05884363361503066 -2.7626052424393914 0.710309 -0.00881407 -0.703479 0.0223808
1636513597.741858 -2.350515070656156 -0.05723955435293779 -2.751951646568106 0.718683 -0.00853861 -0.694942 0.0218277
1636513597.810037 -2.396261024285283 -0.056869035223341226 -2.739740664724409 0.727082 -0.00836238 -0.686171 0.0212306
1636513597.943496 -2.488444550461184 -0.056123801839941145 -2.714035299154361 0.744195 -0.00708211 -0.667643 0.0194167
1636513598.009766 -2.531962118308113 -0.0549960276519893 -2.6972601904364826 0.752807 -0.00645635 -0.657943 0.0187095
1636513598.076756 -2.5755979971415823 -0.05345378151783864 -2.6801160442928613 0.761632 -0.00592315 -0.647731 0.01803
1636513598.143798 -2.6181048929255373 -0.05181611685953032 -2.6609269421144366 0.770411 -0.00555677 -0.637284 0.017466
1636513598.210748 -2.6605227988848195 -0.049143834889540335 -2.641512069093524 0.779172 -0.00563162 -0.626545 0.0173377
1636513598.277899 -2.7021621377328637 -0.047878443310992246 -2.6208964271332107 0.787615 -0.0061433 -0.615897 0.0172027
1636513598.344867 -2.742705005767799 -0.046898185860244065 -2.598264486089679 0.795776 -0.00680513 -0.605308 0.0172287
1636513598.411771 -2.7824734769005754 -0.046549182342396606 -2.5733580437187453 0.803775 -0.00734474 -0.594636 0.0173263
1636513598.478740 -2.821318254894104 -0.045368815983229914 -2.5486277299681834 0.811751 -0.00739286 -0.583707 0.0170791
1636513598.545879 -2.858631897736398 -0.04424218407809207 -2.5238430722617844 0.819623 -0.00734326 -0.572621 0.0164202
1636513598.612659 -2.8969210185780057 -0.043414015324697956 -2.499568471722286 0.827397 -0.00720931 -0.561354 0.0156351
1636513598.679501 -2.9336396848084836 -0.041965582426769385 -2.473677363663483 0.834783 -0.00704549 -0.550334 0.0148348
1636513598.747546 -2.9702190582269803 -0.04107963725554465 -2.446898407586062 0.84198 -0.00700221 -0.539282 0.0139746
1636513598.813812 -3.005150263782238 -0.040364851470926846 -2.4186219781123417 0.849001 -0.00701758 -0.52818 0.013166
1636513598.880665 -3.039066501612396 -0.03937041249822801 -2.389686673604765 0.855934 -0.00713509 -0.516881 0.0126816
1636513598.948164 -3.0729766017812503 -0.039671052337141466 -2.36148371958849 0.862822 -0.00733588 -0.505302 0.0124291
1636513599.014836 -3.1040721022517754 -0.03888388324695821 -2.33035203746471 0.869409 -0.00718184 -0.493892 0.0120765
1636513599.081825 -3.1347494381236567 -0.038092777465555394 -2.2995989132878454 0.875979 -0.00695537 -0.482158 0.0116941
1636513599.148766 -3.165592901408793 -0.036197742445988494 -2.2685663374707494 0.882454 -0.00671203 -0.47021 0.0114575
1636513599.215544 -3.1968771514862477 -0.03375473548207573 -2.2367335658661425 0.888686 -0.00652724 -0.458337 0.0110279
1636513599.282514 -3.2271114239742213 -0.03257502562317902 -2.2033524027680924 0.894622 -0.00653362 -0.446659 0.0102417
1636513599.349731 -3.2564404797119315 -0.03192219110750139 -2.1693187460677508 0.900389 -0.00655519 -0.434932 0.00951856
1636513599.416609 -3.284623777208547 -0.030484725461014134 -2.1338240251102167 0.905976 -0.006467 -0.423186 0.00893152
1636513599.483665 -3.3116234094375328 -0.029464516864807083 -2.0974497346048233 0.911401 -0.00654574 -0.411382 0.00838836
1636513599.617584 -3.363855794583665 -0.0275010398615018 -2.0219607264344326 0.921596 -0.00636208 -0.388017 0.00790814
1636513599.684595 -3.387564696321448 -0.025225372682004855 -1.9834427867905093 0.926395 -0.0060479 -0.376425 0.00772186
1636513599.751601 -3.4103323929303815 -0.022230242213120484 -1.9446163112743866 0.93106 -0.0058975 -0.364742 0.00744226
1636513599.885366 -3.4540979394249263 -0.020228565300253888 -1.865301155197539 0.939908 -0.00637255 -0.341294 0.00712677
1636513599.952487 -3.4746112867668857 -0.01872851970148611 -1.8241037932056015 0.94405 -0.00636202 -0.329661 0.00724063
1636513600.019535 -3.494120552761262 -0.01721130954481575 -1.7825839171524003 0.948002 -0.00626185 -0.318119 0.00728524
1636513600.086861 -3.5125261222455677 -0.01592555987135688 -1.7401492972994772 0.951772 -0.00615216 -0.306652 0.00753609
1636513600.153494 -3.5299407823756175 -0.013750071415863988 -1.6978356608673029 0.955372 -0.00569301 -0.29526 0.00724501
1636513600.220336 -3.5466337058039734 -0.0111754474725509 -1.655092189728384 0.95882 -0.00518626 -0.283892 0.00652085
1636513600.287346 -3.5627439306156807 -0.008724790145696059 -1.6121693580510073 0.962144 -0.0049153 -0.272436 0.00581587
1636513600.354355 -3.5782631770484064 -0.005607510207767565 -1.5680947759071806 0.965319 -0.00486407 -0.260973 0.00530442
1636513600.421368 -3.592461538150094 -0.00498805014727881 -1.5239828288892066 0.968325 -0.00492216 -0.249607 0.0042567
1636513600.488209 -3.6052295475491576 -0.004423497988333538 -1.4794800250712332 0.971202 -0.00492716 -0.238179 0.00356367
1636513600.555253 -3.617344836875697 -0.0016862452641820545 -1.4341183323868143 0.97397 -0.00480331 -0.226598 0.00357817
1636513600.689351 -3.6399287854516813 0.002968049741989792 -1.3420883399703882 0.978928 -0.00474376 -0.204112 0.00386174
1636513600.890403 -3.6643383769958886 0.007587193534499736 -1.2064716427184368 0.984916 -0.00432011 -0.172941 0.00363407
1636513600.957160 -3.6717434340005766 0.00964425486718283 -1.161448441138447 0.986699 -0.00400448 -0.162482 0.00309793
1636513601.024200 -3.6800670040998593 0.011203769339451136 -1.1153083696290365 0.988339 -0.00376491 -0.152207 0.00243727
1636513601.091040 -3.6878970103712128 0.013381177733928482 -1.0677473637933463 0.989803 -0.00352156 -0.142382 0.00222786
1636513601.158255 -3.6938813194093747 0.01591988366962786 -1.0193398553974151 0.991112 -0.00340536 -0.132967 0.00215883
1636513601.225147 -3.69888172856061 0.018122068316330998 -0.9708039208190191 0.992325 -0.00350224 -0.123593 0.00207665
1636513601.292195 -3.7041963290585103 0.02076197121599086 -0.9217018810876704 0.993445 -0.00355901 -0.114239 0.00185419
1636513601.359113 -3.709941353665235 0.02375278119836725 -0.8720554980266548 0.994454 -0.00352915 -0.105102 0.00145597
1636513601.426140 -3.7153776454000553 0.0265143274538408 -0.8223491244128244 0.995353 -0.00336657 -0.0962322 0.000551127
1636513601.493175 -3.7193272769919306 0.02823922899514657 -0.7732710299743797 0.996166 -0.00318912 -0.0874214 -0.000634969
1636513601.560106 -3.7215256294652455 0.02951834889066933 -0.7247764697012312 0.996902 -0.00303053 -0.0785782 -0.00168464
1636513601.626959 -3.7230868238517245 0.03082920127810297 -0.6753461880263246 0.997568 -0.00277814 -0.0696017 -0.00245967
1636513601.693892 -3.7223352528992426 0.03190474549077979 -0.6265831943852425 0.998152 -0.00255007 -0.0606593 -0.00254257
1636513601.761055 -3.7206348451342137 0.03360090424793312 -0.5774570895054576 0.998651 -0.00231576 -0.0518343 -0.00183375
1636513601.828023 -3.7188233968553224 0.03560249792123121 -0.5274814819129178 0.999056 -0.00208182 -0.0433713 -0.000930844
1636513601.895165 -3.71655022474594 0.03819608341316713 -0.4772860682662092 0.999374 -0.0017272 -0.0353431 -3.82608e-05
1636513601.962008 -3.713711463732828 0.040993885314238754 -0.4279223781658511 0.999616 -0.00129745 -0.0276766 0.000428233
1636513602.029001 -3.7105033098784874 0.04336049020194418 -0.3785943564163811 0.999792 -0.000904554 -0.0203566 0.00030234
1636513602.096038 -3.7067331990232746 0.0446861186075712 -0.3300763425735641 0.999913 -0.000600776 -0.0131617 -0.000388684
1636513602.162838 -3.7031487756880144 0.04665729651004368 -0.28064773632795303 0.999981 -0.000386204 -0.00607968 -0.000957529
1636513602.229970 -3.701357770406657 0.04819894136448666 -0.22907478388602676 0.999998 -0.000294026 0.000911377 -0.0014699
1636513602.296793 -3.694151101275701 0.04984738888368011 -0.18065511610456525 0.999973 -0.000223555 0.00714905 -0.00158138
1636513602.363872 -3.688892331491828 0.051358918800659716 -0.13019023683340253 0.999908 -8.94492e-05 0.0134627 -0.00165519
1636513602.431069 -3.682817707538897 0.05255889024968969 -0.07982539547154499 0.999806 0.000162266 0.0196313 -0.00130756
1636513602.498045 -3.677064717733655 0.05453987670120561 -0.028841569916101678 0.999675 0.000482428 0.0254828 -0.000791203
1636513602.565023 -3.669680267783881 0.05639319597731753 0.021406804671635832 0.999523 0.000689555 0.0308756 -0.000528113
1636513602.631869 -3.6623602916124165 0.057841299713166754 0.07174935076225444 0.999348 0.000715871 0.0360893 -6.32158e-05
1636513602.698898 -3.654513342176389 0.060485778283167105 0.12250605103358875 0.999158 0.000818512 0.0410232 0.000415794
1636513602.765785 -3.6476016856730635 0.06217160910371678 0.17378400854751097 0.998958 0.000909262 0.0456339 0.000307266
1636513602.832819 -3.640942266691754 0.06426501972756579 0.22463888556910866 0.99875 0.0011916 0.0499715 -0.000206726
1636513602.899660 -3.632909158149933 0.06604673667614888 0.27459091107850103 0.998541 0.00154547 0.0539663 -0.00119701
1636513602.966841 -3.6255253130539096 0.06781754180361949 0.3250538624887279 0.998319 0.00190649 0.0578909 -0.00222837
1636513603.033926 -3.617737963293299 0.06993003768732603 0.37505794278093346 0.998087 0.00221009 0.061718 -0.00285958
1636513603.100856 -3.609035164331294 0.07191196856086177 0.4259593910519539 0.997858 0.00238352 0.0653035 -0.00313104
1636513603.167732 -3.5999578325815347 0.07256657709253134 0.4764344987145085 0.997625 0.00247431 0.0687681 -0.00317226
1636513603.234959 -3.5903427827885475 0.07502291428715872 0.5270368310092123 0.997394 0.00277303 0.0720379 -0.0028426
1636513603.301703 -3.579861282836232 0.07734732682735207 0.5767782239666825 0.997176 0.00291434 0.0750001 -0.0025349
1636513603.368825 -3.569709307736606 0.07944194967128358 0.6274973174430963 0.99697 0.00291501 0.0776931 -0.00236023
1636513603.435655 -3.5593831973128798 0.08069303626197315 0.6775188322388168 0.996769 0.00275763 0.0802413 -0.00213615
1636513603.569798 -3.5367888067393367 0.08425689711757059 0.7784572089761412 0.996381 0.00236918 0.0849578 -0.00147507
1636513603.636799 -3.5260785532666183 0.08543928754054302 0.829323030410457 0.996178 0.00220686 0.0873094 -0.00121308
1636513603.703622 -3.5146295279530073 0.08672572315001868 0.8802400967935149 0.995985 0.00214432 0.0894875 -0.000793391
1636513603.770772 -3.503717976037515 0.08845776129389794 0.9314149274212921 0.995805 0.00214588 0.0914787 -0.000412618
1636513603.837723 -3.492467741726178 0.08911280343836088 0.9820399248608338 0.995633 0.00223902 0.0933292 -0.000363782
1636513603.904674 -3.4794030873840724 0.09048094745530294 1.0323840800686834 0.995461 0.00246166 0.0951337 -0.000338318
1636513603.971498 -3.4676680773189963 0.09317893066774871 1.0831240378299078 0.995274 0.00261862 0.0970706 -0.000553628
1636513604.038588 -3.4568849909554977 0.09463190599866848 1.134542601201904 0.995084 0.00254773 0.0990025 -0.000890691
1636513604.105565 -3.4463360031245256 0.09654906147062518 1.1863588109177803 0.99491 0.00242341 0.10073 -0.000942817
1636513604.172450 -3.433314778158755 0.09697310259120465 1.237817264252945 0.994769 0.00219604 0.102124 -0.000850679
1636513604.306561 -3.4043216277966453 0.09939048831496956 1.3386119401280347 0.994459 0.00204349 0.105106 2.49787e-05
1636513604.440603 -3.3774048377567834 0.1027292583775972 1.440632480033062 0.994079 0.00180664 0.108638 0.000811591
1636513604.507566 -3.3647253227322675 0.10528622765338189 1.4918306781994408 0.993893 0.00160174 0.110337 0.000639943
1636513604.574321 -3.3519141487506245 0.10812568792008288 1.5430512924228186 0.993724 0.00123132 0.111851 0.000193208
1636513604.641570 -3.338002997805776 0.11037356961090013 1.5937029087530359 0.993562 0.000544145 0.113286 -0.000906338
1636513604.775399 -3.3118253921298018 0.10982457474523008 1.696569876870084 0.993124 -0.000947254 0.11702 -0.00318547
1636513604.842340 -3.2959886653444523 0.11228785331277318 1.7465184545687467 0.992899 -0.000975654 0.118909 -0.00344143
1636513604.909442 -3.280134264163066 0.11571389655384913 1.7971090818212052 0.992659 -0.001114 0.120878 -0.00382375
1636513604.976496 -3.2631019849978884 0.11880684090909757 1.8475660792078865 0.992394 -0.00158348 0.12302 -0.00420238
1636513605.043396 -3.246260121343327 0.12217450229678757 1.8983841895058198 0.99208 -0.00243128 0.125486 -0.00487982
1636513605.110376 -3.2294420965057467 0.12403859660882759 1.949177813168264 0.991702 -0.0035679 0.128374 -0.0058128
1636513605.177300 -3.2124054622487046 0.12412411962198576 2.000313215510766 0.991241 -0.00473313 0.131813 -0.00669793
1636513605.244313 -3.1951862537241023 0.12212609139885305 2.050983591278356 0.990697 -0.00562939 0.135758 -0.00755346
1636513605.311170 -3.175420775299259 0.12032991479728829 2.0992602192058736 0.990093 -0.00592497 0.140064 -0.00794227
1636513605.378289 -3.1542539899510933 0.12139224048909278 2.1470519973309212 0.989402 -0.0057842 0.144886 -0.0076514
1636513605.445325 -3.1330358951464015 0.12296073207770684 2.1958478456445896 0.988608 -0.00580076 0.150238 -0.00703597
1636513605.512303 -3.111455323459434 0.12484943804551299 2.244516557418656 0.987765 -0.00593998 0.155713 -0.00616069
1636513605.579262 -3.0879917954873415 0.12774574203254935 2.2920370532025114 0.986879 -0.00624105 0.161286 -0.00421217
1636513605.646301 -3.0607046289931312 0.13121726813049484 2.33938985704902 0.985919 -0.00677137 0.167078 -0.00172904
1636513605.713423 -3.033793950817187 0.13086711612896645 2.3863316875958707 0.984804 -0.00757765 0.173502 -9.29463e-05
1636513605.780174 -3.008423451928519 0.12874144224025724 2.4333444944245883 0.983538 -0.00767747 0.180535 0.000939479
1636513605.847297 -2.986030550584249 0.13051259958341754 2.481134878565424 0.98221 -0.00670911 0.187662 0.000851311
1636513605.914089 -2.9628909133463734 0.13343233595753648 2.5267408685307897 0.980908 -0.00570659 0.194391 -0.000390078
1636513605.981152 -2.9396088363535746 0.13546384370266176 2.572254300019803 0.979475 -0.00526361 0.201484 -0.00243106
1636513606.048068 -2.9152814918079617 0.1364241629286277 2.6174876734639403 0.97793 -0.00519694 0.208814 -0.00467613
1636513606.115118 -2.8892578592234393 0.1358912787836294 2.6626876327652123 0.976266 -0.00504415 0.216435 -0.00600505
1636513606.249161 -2.831882206710172 0.13451179895560594 2.7474359972791564 0.972612 -0.00292513 0.232338 -0.00604897
1636513606.316275 -2.8016398690395583 0.13661370815136267 2.7878759927372947 0.970605 -0.00112424 0.240607 -0.00567778
1636513606.383163 -2.7721054841591735 0.13913799497384616 2.8289544270703133 0.968499 0.000371573 0.248952 -0.00564587
1636513606.449939 -2.7420125362217505 0.1408264013902339 2.869603901630219 0.96639 0.0014503 0.257019 -0.00553062
1636513606.516966 -2.7115942008767004 0.14267056040325046 2.909824345680961 0.964247 0.00221684 0.264929 -0.00595428
1636513606.583951 -2.679627942518561 0.1437046809696314 2.947814475995018 0.962036 0.0024246 0.272815 -0.00719936
1636513606.650984 -2.6486913754432297 0.14461495573911087 2.9864803973421368 0.959585 0.00250829 0.281269 -0.00882608
1636513606.718044 -2.617774369283861 0.14612871242761194 3.025398124844722 0.957018 0.00262531 0.289827 -0.0104949
1636513606.785177 -2.5854365615988573 0.14950309977696125 3.0632886792938523 0.95444 0.00265016 0.298163 -0.011653
1636513606.851931 -2.5512241102987914 0.1513888532390764 3.1003780176383375 0.95187 0.00220297 0.306259 -0.0119842
1636513606.919070 -2.5157391335136783 0.15321145007989065 3.1369461518574946 0.949304 0.00184081 0.31414 -0.0115874
1636513606.985897 -2.4804604588474484 0.153600270930334 3.172682566828268 0.946731 0.00150155 0.321831 -0.0110432
1636513607.052998 -2.4448670474941263 0.15353480270665437 3.206589879142226 0.944146 0.00152443 0.329351 -0.010623
1636513607.119704 -2.411017939285052 0.15394603274192883 3.2394504224433307 0.941525 0.00177907 0.33677 -0.0106934
1636513607.187057 -2.378255619053952 0.1546778645580002 3.271296278996415 0.938956 0.00212537 0.34385 -0.0111643
1636513607.253824 -2.3461221915596795 0.1555208219576445 3.301813798871521 0.936469 0.00263551 0.350556 -0.0114255
1636513607.321006 -2.3145247569872676 0.15696181437763676 3.330256810637427 0.934122 0.00323161 0.356739 -0.0119969
1636513607.387903 -2.2834152124757616 0.15854371911585052 3.3563086900619714 0.931831 0.00369711 0.362651 -0.0127484
1636513607.455054 -2.252407356961359 0.15956603438477637 3.3807119052986163 0.929495 0.00413391 0.368584 -0.0129189
1636513607.588787 -2.1929816405980653 0.16223635186000765 3.428887883884084 0.924934 0.00453602 0.379889 -0.0127023
1636513607.655749 -2.1633111741211257 0.16260541532940337 3.450157461554337 0.922884 0.00469001 0.384868 -0.0118282
1636513607.722716 -2.134781887259302 0.16287728112859182 3.4703128077022796 0.920878 0.00507295 0.389655 -0.0112758
1636513607.789747 -2.1071069202421704 0.16274955465162494 3.489634151859562 0.918939 0.00555313 0.394198 -0.0113128
1636513607.856672 -2.080668512382505 0.16253141623487163 3.5063953885090458 0.916994 0.00652619 0.398698 -0.0109351
1636513607.923743 -2.055468117317268 0.1629955216452862 3.52209021808119 0.914982 0.00760678 0.403282 -0.0106745
1636513607.990901 -2.0317352053234523 0.16526969675408407 3.5389743965824154 0.912952 0.00833099 0.40784 -0.0107889
1636513608.057734 -2.0091047486656644 0.1655839201001935 3.555999799586047 0.911104 0.00846738 0.411948 -0.0108277
1636513608.191744 -1.9660698233592808 0.16546485579347509 3.5865378124012555 0.90797 0.00795175 0.418812 -0.0111553
1636513608.258685 -1.94668958746789 0.1648290204960861 3.5999529285009633 0.906438 0.00751156 0.422113 -0.0116194
1636513608.325506 -1.928010727833498 0.16548481166265677 3.6128955490889405 0.9049 0.00716616 0.425391 -0.0121365
1636513608.392807 -1.9106002734266134 0.16536947104461977 3.62536855012786 0.903437 0.00687929 0.428484 -0.0124502
1636513608.459635 -1.8937196430234993 0.1660589020841222 3.6376467757717235 0.902178 0.00672019 0.431123 -0.0127577
1636513608.593814 -1.8639945704856025 0.16641929749757156 3.656568065117025 0.900023 0.00656129 0.435599 -0.013016
1636513608.660587 -1.8504405114914717 0.16627257996220315 3.6641648977683117 0.898938 0.00652904 0.437831 -0.0131008
1636513608.727679 -1.8383340404157473 0.16642844414762176 3.6723211259839763 0.897868 0.00673344 0.440024 -0.0129232
1636513608.794644 -1.8273314854062765 0.1667544627479289 3.6795080459585727 0.897016 0.00720286 0.441763 -0.0124882
1636513608.861684 -1.8180939139462453 0.16672549339639098 3.6843930936864506 0.896352 0.00761194 0.443112 -0.012095
1636513608.928519 -1.8095554836423986 0.16698865736434085 3.6884139063844392 0.895743 0.00788671 0.444347 -0.0117419
1636513608.995420 -1.8026901072476582 0.16790784179040838 3.6928756543156958 0.895121 0.00817197 0.445597 -0.011587
1636513609.062567 -1.7979868445530847 0.16696098219331415 3.6963081997525298 0.894616 0.00833541 0.446614 -0.0113607
1636513609.129665 -1.7937482963437383 0.16788702127697955 3.699261478370417 0.894307 0.00865944 0.447228 -0.0113169
1636513609.196648 -1.7917449449743492 0.1674685654347589 3.700985487678655 0.894132 0.00874926 0.447578 -0.0112494
1636513609.263498 -1.790487413920491 0.16759771819758912 3.701990590535069 0.894023 0.00882863 0.447793 -0.0112381
1636513609.330598 -1.7907034336843508 0.16736514270592917 3.7022670966965223 0.893977 0.00882318 0.447885 -0.0112427
1636513609.397541 -1.7911448272776829 0.16645953905609004 3.7022298133355123 0.893993 0.00888845 0.447848 -0.0114008
1636513609.464536 -1.7921541450301093 0.16662267578776765 3.7010343883273453 0.894041 0.00917925 0.447735 -0.0117995
1636513609.531188 -1.7924459163332216 0.1667612810073357 3.7008777014186656 0.894039 0.00954187 0.447723 -0.0121134
1636513609.600357 -1.7926301372686886 0.16683976434478748 3.7008064785622317 0.894018 0.00968971 0.44776 -0.0122271
1636513609.665426 -1.7934623545358543 0.16684253194021573 3.7010416340531016 0.89401 0.00965291 0.447779 -0.0121268
1636513609.732561 -1.792949144228147 0.16699010805482278 3.7006453581269896 0.894035 0.00958753 0.447731 -0.012081
1636513609.866467 -1.7928070641093505 0.1668002390491452 3.700846246601302 0.894014 0.00979813 0.44777 -0.0120858
1636513609.933322 -1.7929093233381215 0.1669207581618666 3.7007937256769 0.894015 0.00983718 0.447765 -0.0120814
1636513610.000351 -1.7922198963736755 0.16733773088994386 3.7010268881912247 0.89403 0.00978082 0.447737 -0.0121053
1636513610.134258 -1.7924968854663326 0.16675787046599183 3.700977864325069 0.894019 0.00970837 0.44776 -0.0121209
1636513610.201190 -1.7924408593615413 0.16675913960759156 3.7009001237611003 0.894052 0.00981272 0.447693 -0.0120431
1636513610.268341 -1.7923328027956118 0.1670173370518055 3.7009302598670843 0.894022 0.00982784 0.447753 -0.0120659
1636513610.335426 -1.7921957692008026 0.16671377055843112 3.7013376243961202 0.894006 0.00981094 0.447787 -0.0120218
1636513610.402182 -1.7924350967166893 0.16675758826128953 3.7008981984552793 0.894015 0.0098031 0.447768 -0.0120166
