1636512861.031230 3.490031983298492 0.002001406404302901 2.061990451376947 -0.333466 -0.0182598 -0.942141 0.0289155
1636512861.098376 3.4902253287372114 0.002342642832836736 2.0620277814266545 -0.333451 -0.0182749 -0.942145 0.0289661
1636512861.299310 3.490049621967613 0.00261408134006353 2.061632155132083 -0.333536 -0.018298 -0.942114 0.0289816
1636512861.366202 3.4897751929880783 0.0024669719476832566 2.0614579088008624 -0.33359 -0.0183024 -0.942096 0.0289403
1636512861.433094 3.4897331172620984 0.002436091009337414 2.06145958148541 -0.333588 -0.0182892 -0.942097 0.0289494
1636512861.499959 3.4890189700228884 0.0025358033399963467 2.0613917295371516 -0.333646 -0.018326 -0.942077 0.0289098
1636512861.567081 3.489017110068154 0.0025283356147027605 2.061336936152652 -0.333669 -0.0183172 -0.942069 0.028901
1636512861.634208 3.488917066933725 0.002503585480034029 2.061487950598044 -0.333679 -0.0182952 -0.942066 0.0288936
1636512862.705768 3.5138196157945085 0.00033852720641605605 2.030597534797577 -0.333811 -0.0183749 -0.941955 0.0308752
1636512861.835321 3.487927006188851 0.0016842883047871113 2.061418151985765 -0.33377 -0.0182904 -0.942033 0.028941
1636512861.902239 3.487573537843398 0.001706830285733582 2.0611306225687858 -0.333823 -0.0183122 -0.942009 0.0290937
1636512861.968995 3.4879941331577977 0.0011775166824527367 2.0608144676716966 -0.333826 -0.0182681 -0.942003 0.0292666
1636512862.036654 3.4885197552109806 0.0013178960363126185 2.0600815312516243 -0.333846 -0.0183204 -0.941986 0.0295514
1636512862.102891 3.4892079800178637 0.001387229724924624 2.0589834037005925 -0.33386 -0.0183742 -0.941972 0.0298144
1636512862.170032 3.4901355750290612 0.001193476666595708 2.0574614753779485 -0.333884 -0.018376 -0.941958 0.0299834
1636512862.237040 3.4917927001186433 0.0011133937028351137 2.0553882448079706 -0.333891 -0.0183834 -0.941952 0.0301021
1636512862.371035 3.496089953455734 0.0010897777083003976 2.0500439627772784 -0.333931 -0.0184029 -0.941931 0.030277
1636512862.438123 3.499379567574696 0.0006448358902793327 2.0470891301651406 -0.333853 -0.0182655 -0.941962 0.0302586
1636512862.504992 3.5027903278496395 0.00021251315069317073 2.0437766803018635 -0.333779 -0.0182082 -0.941989 0.030279
1636512862.638885 3.5096581274172185 0.00022364325631468035 2.0353305740415593 -0.333828 -0.0183387 -0.941955 0.0307134
1636512861.701215 3.488238358714272 0.002150930363020956 2.0614273340029534 -0.33375 -0.0182811 -0.942042 0.0288708
1636512862.772928 3.5179959810070716 0.0006715871964775369 2.0253862479204994 -0.333826 -0.0184691 -0.941945 0.0309672
1636512862.839944 3.5232710688035485 0.00027331613824013723 2.0199238174505454 -0.333745 -0.0184055 -0.941974 0.0309759
1636512862.906835 3.528236870002578 -0.00022739701500977538 2.013957665081766 -0.333727 -0.0184535 -0.941978 0.0310297
1636512862.974610 3.5333171921874045 -0.00020844877356754332 2.0077096014966105 -0.333691 -0.0186244 -0.941983 0.0311528
1636512863.040960 3.539131712443144 -0.0007324735641268051 2.0009740607109023 -0.333611 -0.0186451 -0.942011 0.0311815
1636512863.107834 3.545099530476315 -0.0009996645434305756 1.9936778329468092 -0.33355 -0.0187595 -0.942029 0.0312087
1636512863.174770 3.5516108037209886 -0.0015407785494816473 1.986111576638307 -0.333442 -0.0186855 -0.942065 0.0313089
1636512863.241761 3.558038871379572 -0.001937066851774298 1.978273757097792 -0.333357 -0.0186395 -0.942091 0.031471
1636512863.308787 3.5645648860942516 -0.0019283706216233973 1.9698131085306239 -0.333313 -0.0187461 -0.942102 0.031538
1636512863.375726 3.5714928290039416 -0.002204446453625948 1.9609145962697736 -0.333313 -0.0187154 -0.942102 0.0315674
1636512863.509898 3.5858351513372186 -0.0031725842115946368 1.9419238591465438 -0.333031 -0.0187261 -0.942199 0.0316295
1636512863.576893 3.593333192324696 -0.0036263721652158923 1.9317243837524924 -0.332764 -0.0188021 -0.942292 0.031617
1636512863.712783 3.6082606329850013 -0.004889158246077961 1.9098985815890557 -0.332251 -0.0188345 -0.942468 0.0317707
1636512863.777792 3.6157506767071355 -0.005224196178990705 1.898389669868489 -0.331783 -0.0188627 -0.942627 0.0319121
1636512863.844805 3.6239976988063236 -0.005757853874380547 1.8866375516782716 -0.331092 -0.0187727 -0.94287 0.031964
1636512863.911503 3.6325659101800487 -0.006493119438792654 1.8743896301495386 -0.330344 -0.0185875 -0.943135 0.0319914
1636512863.978796 3.6409750578923625 -0.006946109067242447 1.8617179048014596 -0.32949 -0.0185164 -0.943435 0.0320099
1636512864.045733 3.6496392985080126 -0.007774278446603083 1.8484252787929791 -0.328489 -0.0184402 -0.943789 0.0319047
1636512864.112638 3.658739119355798 -0.008209810080067034 1.8346085004052701 -0.327303 -0.0185881 -0.944202 0.0317764
1636512864.179592 3.6679308738869127 -0.009028950247785418 1.820390968604214 -0.325893 -0.0186897 -0.944695 0.0315567
1636512864.246588 3.6767360587868003 -0.009275394453916272 1.805860128180182 -0.324359 -0.0188652 -0.945223 0.0314363
1636512864.313619 3.685990371604741 -0.009597153952635419 1.7912889188635504 -0.322623 -0.0187966 -0.94582 0.0313925
1636512864.380504 3.6961764209409633 -0.010362100514430254 1.776320238539261 -0.320792 -0.0184349 -0.946451 0.0313639
1636512864.447490 3.70647047830642 -0.011366468691168294 1.7610564939212718 -0.318809 -0.0179744 -0.947128 0.0314059
1636512866.925822 4.038671596625862 -0.043559021568878774 0.9249770302119009 -0.157901 -0.0179863 -0.986826 0.0303179
1636512864.849524 3.766386889377843 -0.01567763161981211 1.662299003551524 -0.302794 -0.0174951 -0.95234 0.0325332
1636512864.916541 3.7756630880004383 -0.0163574985311708 1.6445946297433762 -0.299749 -0.0176667 -0.953296 0.0326495
1636512864.983438 3.7851954512118935 -0.016985426945319973 1.6261434172164657 -0.296547 -0.017953 -0.954287 0.0327639
1636512865.050355 3.795271855196724 -0.017892905031998182 1.6074299675083474 -0.293109 -0.0182542 -0.955342 0.0328068
1636512865.117393 3.8052704005540665 -0.019097676049125274 1.5883464458206482 -0.289641 -0.0185015 -0.956395 0.0327819
1636512865.184359 3.8150765634085877 -0.019958228968648087 1.5687644921007884 -0.286115 -0.0187389 -0.95745 0.0328039
1636512865.318398 3.8355128852160796 -0.022202923040381274 1.5279844145220594 -0.27867 -0.0187044 -0.95965 0.0326437
1636512865.385463 3.845741217452284 -0.02329365088574719 1.5070790525016078 -0.275014 -0.0184637 -0.960706 0.0327234
1636512865.452384 3.8559492695836792 -0.024356585683968535 1.4859814083975826 -0.271276 -0.0179293 -0.961774 0.0328563
1636512865.519325 3.866181186735378 -0.02525655793721341 1.4646337421445659 -0.267282 -0.0172354 -0.962903 0.0328954
1636512865.586257 3.876986934954321 -0.026139263830622206 1.4429531631670898 -0.263082 -0.0165019 -0.964072 0.0328829
1636512865.653820 3.8876740801960743 -0.027112603284041935 1.421001444107155 -0.258868 -0.0158467 -0.965223 0.0328788
1636512865.720104 3.8980376095535756 -0.027963407619641056 1.3985508414104935 -0.254642 -0.0153543 -0.966355 0.032861
1636512865.787184 3.907317072853329 -0.028634375086266796 1.3756804019889133 -0.250331 -0.0151685 -0.96749 0.0326829
1636512865.988382 3.935714061609747 -0.030482112199743804 1.3038007123635749 -0.235851 -0.0152425 -0.971162 0.0314075
1636512866.122275 3.9539755899656974 -0.03251537199846587 1.2531665794281008 -0.226088 -0.0150992 -0.973491 0.0311672
1636512866.189058 3.9623218762934513 -0.0333318828003073 1.2277252974683734 -0.220878 -0.0149397 -0.974684 0.0313093
1636512866.256212 3.970834344464853 -0.034177468536449034 1.201801985101325 -0.215329 -0.0147977 -0.975926 0.0313595
1636512866.323136 3.979821297189102 -0.03496433231073608 1.175770007611089 -0.209678 -0.0145371 -0.977158 0.0314112
1636512866.390059 3.988522897167158 -0.035964177982462625 1.1491358744847946 -0.204164 -0.0144456 -0.978322 0.0315232
1636512866.457186 3.995914953310541 -0.0362775074783275 1.122300840136638 -0.19872 -0.0145552 -0.979437 0.0316378
1636512866.524215 4.002848302583958 -0.037000438255565635 1.0952600878656882 -0.193091 -0.0150674 -0.980559 0.031521
1636512866.591169 4.009207373866945 -0.037892367021533015 1.0674095917483901 -0.187358 -0.0158957 -0.981661 0.0313864
1636512866.725232 4.021458386644027 -0.03977860413305211 1.0112315823562146 -0.175615 -0.0174685 -0.983817 0.0309591
1636512866.791996 4.027802209241867 -0.04095135303187458 0.9824131904028068 -0.169731 -0.0179071 -0.984849 0.0307229
1636512866.859090 4.0337325840434834 -0.04215442650465169 0.9538204889141315 -0.163859 -0.0180911 -0.985845 0.0305334
1636512864.581496 3.726832737758265 -0.013187023340085424 1.7294945228729333 -0.314156 -0.0173732 -0.948685 0.0316502
1636512866.992970 4.044321059212302 -0.04457672833793147 0.896045396223146 -0.151479 -0.0173502 -0.987844 0.0302872
1636512867.060172 4.049793848415629 -0.04554201670786165 0.8667183196087933 -0.144853 -0.0164878 -0.988848 0.0304196
1636512867.127022 4.055097324238683 -0.04640209162607914 0.8372508268808949 -0.138035 -0.0158587 -0.989827 0.0306261
1636512867.194118 4.05917188055336 -0.04694978508405607 0.8076833763895892 -0.131244 -0.0155269 -0.990747 0.0308927
1636512867.261158 4.061971368006202 -0.04754050257999369 0.7783321966524023 -0.124305 -0.0153299 -0.991639 0.0310623
1636512867.328120 4.064456704007468 -0.04827358953969957 0.7485706690728408 -0.116971 -0.0151847 -0.992531 0.0311482
1636512867.461957 4.068609216311314 -0.04977034016347759 0.6900222281307737 -0.101857 -0.0147668 -0.994206 0.0309965
1636512867.529355 4.070016064931742 -0.05106728180841974 0.6603553377593557 -0.094142 -0.01431 -0.994984 0.0306606
1636512867.595989 4.071570753409208 -0.052523264938160494 0.6302722102843034 -0.0861587 -0.0134394 -0.995724 0.0304914
1636512867.662905 4.072117602626903 -0.05296326907780381 0.6005087956754693 -0.0780796 -0.0129244 -0.996391 0.0306833
1636512867.729995 4.072317165576378 -0.05385014308174017 0.5712179745988998 -0.069846 -0.0123839 -0.997001 0.0309479
1636512867.796833 4.072012903928989 -0.054860476034739494 0.5416382739279109 -0.06154 -0.0116433 -0.997547 0.0312706
1636512867.863887 4.071282289802072 -0.0557041963967018 0.5122784964344267 -0.0532047 -0.0113964 -0.998015 0.0317043
1636512867.930851 4.069967516211491 -0.05594652306943611 0.48346044734305543 -0.0449933 -0.0113195 -0.998407 0.0321198
1636512867.997805 4.0678478083790965 -0.05641599991629945 0.45464940005858934 -0.0369176 -0.0110389 -0.998736 0.0322713
1636512868.064835 4.064997666202553 -0.05687378918199175 0.4261752889569696 -0.0287469 -0.010894 -0.999006 0.0322687
1636512868.131614 4.061822668362506 -0.05764207922287867 0.39754070846660916 -0.0204449 -0.0108428 -0.999213 0.0322255
1636512868.265891 4.054246420480276 -0.060102075001910865 0.3408083258108846 -0.00388933 -0.0112925 -0.999413 0.0321054
1636512872.820699 2.8014010080068195 -0.08405604297715871 -1.0506590855774482 0.54271 -0.0136727 -0.839525 0.0218086
1636512868.399722 4.044811292728536 -0.06236077102156551 0.28359133805821474 0.0123305 -0.0111999 -0.999355 0.0318224
1636512868.466768 4.040033371583349 -0.06362333954871127 0.2554715854507268 0.0205429 -0.0108231 -0.999226 0.0317402
1636512868.533797 4.034124575353914 -0.06491125445403145 0.2271950523257369 0.0287287 -0.0102665 -0.999033 0.0316616
1636512868.600749 4.02896830411989 -0.06571061685386338 0.1990964191655314 0.037009 -0.00968614 -0.998764 0.0317234
1636512868.667696 4.022420536610028 -0.0661489409651683 0.17107748075628681 0.0450573 -0.0097406 -0.998427 0.0319053
1636512868.734435 4.01382881952308 -0.06670895985414646 0.14338696525322564 0.052919 -0.0106872 -0.998024 0.032135
1636512868.801753 4.0040571193009455 -0.06808047963665423 0.11611240252722338 0.0609765 -0.0119831 -0.997543 0.032351
1636512868.868654 3.99424668718718 -0.06879785908696934 0.08910778052219026 0.0693962 -0.01316 -0.996969 0.032606
1636512868.935549 3.9844178013813774 -0.06965190429512125 0.06177742598170388 0.0778556 -0.014236 -0.996321 0.0328595
1636512869.002699 3.9752648062619933 -0.07095587282933999 0.03449030618658977 0.0861997 -0.0151411 -0.995611 0.0331445
1636512869.069683 3.9658167161197966 -0.07155966023717102 0.007087417181645517 0.0942716 -0.0155477 -0.994859 0.0335756
1636512869.136652 3.9551130544086903 -0.07194848435928856 -0.019192309743257918 0.102159 -0.0152834 -0.99407 0.033971
1636512869.270642 3.9335643925805313 -0.07262505181927253 -0.07203759167256862 0.119353 -0.0143918 -0.992173 0.0337652
1636512869.337507 3.9240312063787166 -0.07425124005525485 -0.09921429298665474 0.12793 -0.013455 -0.991133 0.0332952
1636512869.471524 3.8994294594320604 -0.07462198115284358 -0.15130225187508695 0.144166 -0.0130097 -0.988921 0.0328955
1636512869.605628 3.8715455716449303 -0.07643677990009684 -0.20178356738950465 0.160913 -0.012807 -0.986371 0.0318584
1636512869.672468 3.85756971230061 -0.07757036376827922 -0.22750047434472087 0.1696 -0.0132744 -0.984918 0.03157
1636512869.739433 3.842336339710004 -0.07792044365569128 -0.2524350017367365 0.178121 -0.0137991 -0.983402 0.0316685
1636512869.806543 3.8272491809525397 -0.0795680935113119 -0.27719941354411404 0.186774 -0.0141199 -0.981787 0.0317941
1636512869.873368 3.8113217432004207 -0.07935839792358372 -0.30120713556293355 0.195332 -0.0144984 -0.980107 0.0320205
1636512869.940367 3.795564731061992 -0.07937548641148914 -0.32597455760874317 0.203881 -0.0147095 -0.978369 0.0317892
1636512875.098303 1.7713709507360123 -0.06709488116542199 -1.1797926478671754 0.684202 -0.00609809 -0.728939 0.0218711
1636512870.074289 3.7640439634046703 -0.0815513070250582 -0.37470623498874445 0.22058 -0.0151675 -0.974768 0.0306882
1636512870.142889 3.746968218609628 -0.08368223196702788 -0.39806932148615215 0.22863 -0.0153369 -0.97292 0.030311
1636512870.208513 3.729353105692116 -0.08477194319863368 -0.4209360859384348 0.236759 -0.0157038 -0.970966 0.0303731
1636512870.409168 3.675521456269406 -0.0855653324286257 -0.4884332240806264 0.261748 -0.0160041 -0.964525 0.0303995
1636512870.543262 3.63793542538242 -0.08536606148934331 -0.5311072901529377 0.277789 -0.0157986 -0.960048 0.0298643
1636512870.610321 3.6182840434984027 -0.0859092840750154 -0.552669760923451 0.285957 -0.0160458 -0.95766 0.0293124
1636512870.677989 3.59922130693458 -0.08690630257322794 -0.5751738861268529 0.294035 -0.0159402 -0.955226 0.0288539
1636512876.103089 1.2982695176205563 -0.06070786283918064 -1.161766865614663 0.715236 -0.0063771 -0.698595 0.0190183
1636512870.878202 3.537164411752835 -0.08755943267206388 -0.6371508234714314 0.317954 -0.015724 -0.947558 0.0281463
1636512870.945251 3.5155272217315376 -0.08769124946300333 -0.6565106545194705 0.326225 -0.0155916 -0.944736 0.0284271
1636512871.013533 3.4944453216978077 -0.08703230497941004 -0.6766108060734544 0.334685 -0.0152124 -0.94177 0.0286992
1636512876.571854 1.076621856774196 -0.05555480058045456 -1.1339437916594723 0.731141 -0.00791926 -0.6819 0.019551
1636512871.145958 3.4526387506519534 -0.0870756909360392 -0.7163413916403358 0.350778 -0.0145693 -0.935907 0.0286564
1636512871.213051 3.4291808719560093 -0.08654639274106543 -0.7351104837773861 0.358347 -0.014593 -0.933036 0.0285898
1636512871.280273 3.4052772868139587 -0.0860432336531961 -0.7520512866190778 0.366162 -0.0144837 -0.930006 0.0283615
1636512871.347090 3.382541883182446 -0.08596529404938336 -0.7686615870645583 0.374435 -0.013897 -0.926736 0.0276664
1636512871.414187 3.359719584030014 -0.08672546597271526 -0.7877013845781344 0.382822 -0.0136272 -0.923329 0.0269366
1636512871.481086 3.3357600173578597 -0.0874989975113582 -0.8055721786972951 0.390852 -0.0137757 -0.919962 0.0267202
1636512871.616254 3.2881409481356085 -0.08758945618007893 -0.8354039704411433 0.406493 -0.0134855 -0.91316 0.0268306
1636512871.682119 3.2626848385038576 -0.08718664577173846 -0.850156283192111 0.414606 -0.0140367 -0.909493 0.0269529
1636512871.748950 3.238210370721001 -0.08701355520966918 -0.8655978856596658 0.422832 -0.0147086 -0.905691 0.0268478
1636512877.576823 0.6055568147182775 -0.04742822653863627 -1.0488825871995726 0.762985 -0.0084397 -0.646065 0.0195598
1636512871.949964 3.1588798534955207 -0.08604895622351759 -0.9042807228099405 0.44594 -0.0172485 -0.894482 0.0272301
1636512872.016921 3.1326704166051034 -0.08618499928484512 -0.9170551717327364 0.453997 -0.0172742 -0.890426 0.027031
1636512872.150928 3.081432215830814 -0.08573870602893274 -0.9455360246197821 0.469543 -0.0160943 -0.882383 0.0259012
1636512872.217983 3.055115212200434 -0.08476537193703192 -0.9590184947067597 0.476902 -0.0151886 -0.878466 0.0251341
1636512872.284910 3.0274759616018962 -0.08408673897281974 -0.9713793602473846 0.484162 -0.0147862 -0.874513 0.0243974
1636512872.351772 2.99950014453702 -0.08425009795328306 -0.9818634773483075 0.491552 -0.0143092 -0.870409 0.0236777
1636512872.418961 2.9719383844233374 -0.08465855454007984 -0.9929033863791816 0.499179 -0.0142228 -0.866069 0.0232911
1636512872.485893 2.94421607334807 -0.0845610560872212 -1.0045870203735696 0.506622 -0.01444 -0.861736 0.023159
1636512872.552797 2.9152704407861956 -0.08392836238183862 -1.0138923319525919 0.513809 -0.015012 -0.857462 0.0230984
1636512872.619951 2.8865033737128396 -0.08412424070782684 -1.0230695746846146 0.521011 -0.0152939 -0.85311 0.0227266
1636512872.686955 2.8576013356476127 -0.08457718961947312 -1.0315763213316465 0.528258 -0.0151222 -0.848655 0.022351
1636512872.753793 2.8294048431613956 -0.08476613596419245 -1.041069102296088 0.535582 -0.0145153 -0.844068 0.0221522
1636512868.332824 4.049804534900609 -0.06130638227421334 0.3121619299911471 0.00419788 -0.0113026 -0.999417 0.0319511
1636512872.887835 2.7740575929712614 -0.0844184118434031 -1.0610496149224087 0.549449 -0.0131429 -0.835149 0.0214231
1636512872.954729 2.7463910460066856 -0.08399512877265927 -1.0694880202045236 0.55555 -0.0128044 -0.831113 0.0212746
1636512873.088683 2.685877699619536 -0.0832240873544646 -1.0822004652671873 0.567249 -0.0129061 -0.823176 0.0210323
1636512873.157309 2.6570877565427553 -0.08298996184491952 -1.089380848380049 0.573445 -0.0126325 -0.818881 0.0208752
1636512873.222856 2.62826877970489 -0.08215081697180701 -1.0961190370065448 0.579392 -0.0122457 -0.814699 0.0205094
1636512873.289927 2.598431888000274 -0.0826244437641098 -1.1021971685895178 0.585045 -0.0125162 -0.810641 0.0206513
1636512873.356882 2.5697090288364066 -0.08240124281016667 -1.1071463181427879 0.590556 -0.0124852 -0.806628 0.0209417
1636512873.423630 2.5391239599024384 -0.08174520811283821 -1.1109341731322684 0.596136 -0.0121927 -0.802516 0.0210081
1636512873.490680 2.5099246180656185 -0.08128206351945252 -1.1154881533083938 0.601946 -0.01229 -0.798153 0.0214999
1636512873.557598 2.48021376312083 -0.08081626993300911 -1.121141121846013 0.60746 -0.0121439 -0.793949 0.0221253
1636512873.624738 2.4495709275639146 -0.07917180705028126 -1.1264024831067492 0.612396 -0.0116211 -0.790144 0.0225549
1636512873.691772 2.4196983849961686 -0.07848215849816927 -1.1305197823240727 0.617065 -0.0112909 -0.786503 0.0227387
1636512873.825562 2.3587339050353973 -0.07827404442762648 -1.1392097046150562 0.626322 -0.0101737 -0.779178 0.0223357
1636512873.892640 2.328513470667525 -0.07788259593685208 -1.1430143975349658 0.630891 -0.00952459 -0.775495 0.022205
1636512873.959566 2.297969258258515 -0.07732191239203981 -1.147364876914752 0.635286 -0.00889631 -0.771906 0.0222037
1636512874.026551 2.266751954276171 -0.07626497049849233 -1.1509950153886097 0.639293 -0.00843333 -0.76859 0.0224309
1636512874.093534 2.2362022766827234 -0.07504702787448227 -1.1537721156130636 0.643113 -0.00810604 -0.765389 0.0228066
1636512874.160356 2.2055435612442005 -0.07494847623345055 -1.1566187827330117 0.646884 -0.00765294 -0.762206 0.0229151
1636512874.227545 2.175059840216149 -0.0738490187917954 -1.158837467653056 0.650517 -0.00719985 -0.759104 0.0231553
1636512874.294644 2.1442002503430984 -0.07332052147830502 -1.1617430098991794 0.653992 -0.00682214 -0.756113 0.0232494
1636512874.361576 2.114233764019243 -0.0725107776693423 -1.1653016561784382 0.65717 -0.00634691 -0.753369 0.0228526
1636512874.428519 2.0833238822797124 -0.07233552504131871 -1.1682071423978668 0.660062 -0.00599128 -0.750859 0.0222017
1636512874.495424 2.0521766168382243 -0.07277215945999632 -1.1704939967241752 0.662862 -0.00552026 -0.748408 0.0216527
1636512874.562580 2.022516887769291 -0.07312150974873072 -1.1721160325065088 0.665592 -0.00468128 -0.746002 0.0211218
1636512874.696335 1.9603923299238701 -0.07104105899009167 -1.1757834066506687 0.670927 -0.00437031 -0.741201 0.0214182
1636512874.763404 1.9296116550025524 -0.06996190540866505 -1.1762089465782841 0.673299 -0.00471501 -0.73904 0.021578
1636512874.830325 1.8978487037495946 -0.06932156790098049 -1.176801867815669 0.675586 -0.00527128 -0.736944 0.0216643
1636512874.897359 1.866211965807126 -0.06898451600836727 -1.1769397646288857 0.677841 -0.00594309 -0.734858 0.0218973
1636512874.964536 1.8349120232618636 -0.06860358726641369 -1.1774647095370459 0.680088 -0.00616399 -0.732777 0.0219224
1636512875.031523 1.8034018520228925 -0.06826926042062753 -1.1788277415258652 0.682238 -0.0061244 -0.730778 0.0218593
1636512870.007342 3.7797491430440524 -0.08021704101853418 -0.35027397745060096 0.212292 -0.0150296 -0.97659 0.0312782
1636512875.165528 1.7394396803078815 -0.065513848937249 -1.180632167710066 0.685932 -0.00583318 -0.727319 0.0216881
1636512875.232285 1.7071648098097427 -0.06461536879393011 -1.1808730567668857 0.687587 -0.00574835 -0.725765 0.021355
1636512875.299293 1.6754696607105068 -0.06382185921679392 -1.1801159856495924 0.689351 -0.00596136 -0.724099 0.0209856
1636512875.433161 1.610646133378499 -0.0648823664825127 -1.1795895512186316 0.69322 -0.00642552 -0.720413 0.0202606
1636512875.567225 1.548002734522448 -0.06548878807623618 -1.1761177113679735 0.697178 -0.0066029 -0.716562 0.0209585
1636512875.635222 1.516743303598739 -0.06539929872547476 -1.1730496768578695 0.69931 -0.00701764 -0.71445 0.0218308
1636512875.768362 1.4549410763506325 -0.0625919064721856 -1.1694075328239317 0.70405 -0.00744886 -0.709751 0.0226376
1636512875.835155 1.4236187678545895 -0.061821766620003216 -1.168080445644949 0.70623 -0.00752622 -0.707597 0.0221302
1636512875.968934 1.3610150698630403 -0.06063698975196929 -1.165283570170382 0.710537 -0.00671501 -0.703342 0.0200583
1636512870.811399 3.5581325085185265 -0.0867925423661977 -0.6165748072409485 0.309811 -0.0156893 -0.950248 0.0282746
1636512876.170260 1.2669275606380501 -0.06049965932184358 -1.1574579270360774 0.717357 -0.00683547 -0.69641 0.0191093
1636512876.237224 1.2347994424064679 -0.05930346457859536 -1.1532319742888477 0.71962 -0.00754432 -0.694051 0.0195595
1636512876.304270 1.2034426027427858 -0.05907564983036548 -1.1481910772263537 0.72196 -0.00832651 -0.691596 0.0199688
1636512876.371105 1.1718781678471768 -0.058379717672892475 -1.144296241359487 0.724368 -0.00883092 -0.68906 0.0202299
1636512876.505125 1.1081950146668542 -0.05718132643271953 -1.1378269467481137 0.728899 -0.00852722 -0.684278 0.0199512
1636512871.079196 3.47412462071398 -0.08743197545697323 -0.6966379875058804 0.342962 -0.0147722 -0.938796 0.02867
1636512876.639005 1.045538205236523 -0.054683424597703235 -1.130120301656843 0.733483 -0.00748798 -0.6794 0.0190257
1636512876.773148 0.9824093420162533 -0.0538823998278434 -1.1219767812828234 0.738139 -0.00745388 -0.674351 0.0185777
1636512876.839981 0.9508446950662535 -0.05356124975608327 -1.116670850373335 0.740331 -0.00793313 -0.67193 0.0188948
1636512876.907154 0.9192364040210369 -0.05295022930701036 -1.1107581605428258 0.742435 -0.00869345 -0.669583 0.0193197
1636512876.974010 0.8881693237621812 -0.05315299204819422 -1.1036126688377417 0.744533 -0.00951356 -0.66723 0.0195966
1636512877.040815 0.8563961881866962 -0.05292487241852439 -1.097521087570057 0.746848 -0.00979032 -0.664629 0.0197657
1636512877.107816 0.8253101273110864 -0.05162238180553526 -1.093855184503788 0.749078 -0.00950608 -0.662118 0.0197798
1636512877.174878 0.7938084432847687 -0.05127056695728702 -1.0881663726705693 0.750974 -0.00922139 -0.659975 0.0196373
1636512877.241794 0.7627709736362324 -0.0501123881644996 -1.0813490189208679 0.75294 -0.00885674 -0.657743 0.0194346
1636512877.308800 0.7314232238074596 -0.049370637157584475 -1.0755848165842221 0.75511 -0.00831829 -0.655274 0.0188573
1636512877.375941 0.699633803113233 -0.04922916258478203 -1.0703918173250269 0.757305 -0.00808979 -0.652748 0.018552
1636512877.442965 0.668206574721535 -0.04853766021306407 -1.0645806151197819 0.759313 -0.00801519 -0.650406 0.0187328
1636512871.882987 3.186146042323961 -0.08681660608329644 -0.8922989915325494 0.438143 -0.016753 -0.898338 0.0271861
1636512877.644772 0.5739995562956279 -0.046637977056930374 -1.0408763810589452 0.764971 -0.00861708 -0.643697 0.0199793
1636512877.779397 0.5094715357367874 -0.0426124302912393 -1.0269358475648587 0.768815 -0.0086641 -0.639094 0.0201622
1636512877.844720 0.4774095313435378 -0.04196128475362712 -1.019638423186957 0.770537 -0.00845849 -0.637032 0.0197783
1636512877.911706 0.4451215166912387 -0.04125548656997269 -1.0117901065433768 0.772265 -0.00815607 -0.634955 0.0193168
1636512877.978881 0.41269077373791685 -0.041008859657690334 -1.0048546194157337 0.774057 -0.0077117 -0.632789 0.0188484
1636512878.045833 0.3806155328328981 -0.04015767496743068 -0.9976878345062644 0.775672 -0.00762712 -0.630812 0.018746
1636512878.112710 0.34811788186138826 -0.03948795665635275 -0.9897918639615324 0.777061 -0.0078428 -0.629096 0.0188004
1636512878.179659 0.3159603754640104 -0.03883210190439731 -0.9809771929447182 0.778356 -0.00822906 -0.627479 0.019076
1636512878.246644 0.283038504568528 -0.03751960400057458 -0.9721566385793775 0.779663 -0.008733 -0.625839 0.0193826
1636512878.313771 0.2506780747923092 -0.037383188720011146 -0.9633401899789337 0.78087 -0.00923065 -0.624318 0.0195909
1636512878.381107 0.218360348455361 -0.0360313856215499 -0.9556735864565787 0.782002 -0.00937562 -0.622891 0.0197832
1636512878.447541 0.18542657228210738 -0.034991386613616456 -0.9478639883014939 0.782995 -0.00922729 -0.621651 0.0195676
1636512878.514595 0.15266584836394173 -0.03421195864875413 -0.9398720889648503 0.783878 -0.00904579 -0.620552 0.0192005
1636512878.648530 0.08691340712784579 -0.03196882576859986 -0.9219500780095832 0.7856 -0.00886449 -0.618403 0.0182134
1636512878.715749 0.05431643992316426 -0.032363714282529536 -0.9130316945085915 0.786536 -0.00877221 -0.617224 0.0178403
1636512878.782658 0.022122480694916874 -0.032059274371460784 -0.9047478093931001 0.787455 -0.00891266 -0.616045 0.0179878
1636512878.849612 -0.010530444453119209 -0.03108211314938305 -0.8951671061132925 0.788203 -0.00929997 -0.615072 0.0183384
1636512878.916595 -0.04285788812289518 -0.030676163605743663 -0.8846305859313988 0.788918 -0.00983592 -0.614132 0.0188172
1636512878.983410 -0.07473334307183835 -0.030571712818053112 -0.8739862422873437 0.789711 -0.0103347 -0.613084 0.0194443
1636512879.050628 -0.1070246219938384 -0.03018297526306774 -0.864447557035513 0.790571 -0.010603 -0.611945 0.0202279
1636512879.119544 -0.13888270710693795 -0.02955136592691515 -0.8558142061808325 0.791256 -0.0106616 -0.61103 0.0210642
1636512879.184596 -0.17108765850150215 -0.028707311903673458 -0.8475631672973447 0.791712 -0.0105684 -0.610413 0.0218299
1636512879.318417 -0.2359383603747236 -0.02481953285587782 -0.8297305442828437 0.792192 -0.00977518 -0.609793 0.0221129
1636512879.385558 -0.2677185535871268 -0.02396550374305884 -0.8200199417473082 0.792474 -0.00944165 -0.609446 0.0216986
1636512879.452460 -0.3004758064366714 -0.023273613584692404 -0.811381297775058 0.792844 -0.0090539 -0.608988 0.0212133
1636512879.519287 -0.3329100060174671 -0.02267525374394945 -0.8039182707230703 0.793174 -0.00879372 -0.608573 0.0208935
1636512879.653472 -0.3977109502204641 -0.020098000915819012 -0.7856193204746756 0.793468 -0.00840322 -0.608218 0.0202269
1636512879.720456 -0.43028762296237827 -0.01987006462157548 -0.7756821492230717 0.793655 -0.00832373 -0.607978 0.0201153
1636512879.787349 -0.4630520565359842 -0.01892149731121269 -0.7664296495752514 0.793906 -0.0080945 -0.607658 0.0199944
1636512879.921339 -0.528448528286811 -0.016438367469711248 -0.7480074410058186 0.79434 -0.00807078 -0.607089 0.0200495
1636512880.189100 -0.6600957423880697 -0.012896142973945146 -0.7099883820814025 0.795113 -0.00861778 -0.606075 0.019838
1636512880.256156 -0.6928046272231241 -0.012171680409757213 -0.6994449419348383 0.795248 -0.00900511 -0.60588 0.0202461
1636512880.323214 -0.7250523143367049 -0.011571027317320438 -0.6885664001793081 0.795453 -0.00927135 -0.605591 0.0206851
1636512880.390295 -0.7575289931542103 -0.010591247318628563 -0.6795098385690814 0.795762 -0.00935469 -0.605174 0.0209757
1636512880.457235 -0.7900527901873616 -0.009689080205503443 -0.6700112437975253 0.795945 -0.00957918 -0.604922 0.0211971
1636512880.524364 -0.8223819263462151 -0.008969389272724178 -0.6605484472505924 0.796035 -0.0100283 -0.604792 0.0213129
1636512880.591264 -0.8548551825117356 -0.00825583906450515 -0.649523941834908 0.796105 -0.0103206 -0.604693 0.0213588
1636512880.726169 -0.9197229421139446 -0.007540475235324091 -0.6304772617709096 0.796691 -0.0103791 -0.60393 0.0210977
1636512880.791958 -0.9524458692232717 -0.0066735339862176 -0.6218777321992165 0.796926 -0.0101092 -0.603632 0.0208617
1636512880.859278 -0.9846242817993485 -0.005680771728525605 -0.6119842375685568 0.796988 -0.00984428 -0.60357 0.0204085
1636512880.993206 -1.0498625926589171 -0.0031404072598929826 -0.5918634728949279 0.797341 -0.00969428 -0.603117 0.0201008
1636512881.127207 -1.1147532056800338 -0.0013976116959973188 -0.574566331766629 0.797776 -0.00915435 -0.602566 0.0195991
1636512881.194147 -1.1471157178096716 7.106400923633828e-05 -0.5657357888189956 0.797808 -0.00897944 -0.602532 0.0194405
1636512881.261054 -1.1800417022693033 0.0014119070402332286 -0.5554684425751824 0.797777 -0.00903789 -0.602577 0.0192678
1636512881.394845 -1.2450954883987608 0.002976131587557865 -0.5347857413745695 0.797969 -0.00901109 -0.602329 0.0190671
1636512881.462106 -1.2770520130368666 0.0035547449303269564 -0.5260103695006706 0.798099 -0.00898187 -0.602153 0.0192052
1636512881.596024 -1.3419721075413895 0.0070691681101872 -0.5077202958291718 0.798095 -0.00886143 -0.602167 0.0190074
1636512881.663126 -1.374559993585498 0.007829466315140348 -0.49799980003020095 0.798064 -0.00898148 -0.602217 0.0186551
1636512881.730016 -1.407132350556215 0.009210525625320485 -0.48808483776815725 0.798097 -0.0089814 -0.602188 0.01818
1636512881.797115 -1.4395394106552741 0.010488240198788643 -0.4797736310254353 0.79821 -0.00897394 -0.602058 0.0175267
1636512881.863948 -1.4719680913285171 0.01020266364841572 -0.4713975684408204 0.798269 -0.00913744 -0.60199 0.0170461
1636512881.930813 -1.5039862004317712 0.010869495421421934 -0.4629242976385036 0.798244 -0.00919005 -0.602029 0.0168517
1636512881.997858 -1.5364049870997534 0.01235757476810753 -0.4532470886187607 0.798172 -0.00913511 -0.60213 0.0166595
1636512882.131887 -1.6006777423665526 0.014776006378791251 -0.4348918623676353 0.798231 -0.00965923 -0.602047 0.0165385
1636512882.265975 -1.665810821312392 0.015639345745814007 -0.4159085764596754 0.798181 -0.0100806 -0.602121 0.0160131
1636512882.332847 -1.6982752393382425 0.016344946976689104 -0.4070063046263749 0.79814 -0.0100511 -0.602174 0.016054
1636512882.399807 -1.7304563664452923 0.017663122203755877 -0.39764558197818084 0.798017 -0.00992718 -0.602335 0.0162387
1636512882.466697 -1.762720097007954 0.01956165918107635 -0.38724799206953986 0.797923 -0.00993924 -0.602457 0.0163305
1636512882.533864 -1.7954006836299743 0.020638765351419508 -0.3768994814645214 0.797952 -0.0102655 -0.602415 0.0162484
1636512882.667830 -1.8609572942056885 0.02105701023796621 -0.35789308618725657 0.798 -0.0108455 -0.602325 0.0168218
1636512882.801686 -1.9258886885972104 0.02387285791853224 -0.33733373514834974 0.797759 -0.0103846 -0.602644 0.017126
1636512882.868869 -1.9585801911109433 0.024647315768770123 -0.32874190569676326 0.797754 -0.0102518 -0.602659 0.0169131
1636512883.002774 -2.024142587407483 0.025749235884158804 -0.3116807559173559 0.797446 -0.0098003 -0.603082 0.0166002
1636512883.069726 -2.0566018997504836 0.026670783876843164 -0.3029141533849631 0.797122 -0.00934271 -0.60352 0.0165173
1636512883.136569 -2.0892541612663322 0.027844060373633104 -0.29357641836896187 0.796786 -0.00909157 -0.603962 0.0167268
1636512883.203494 -2.1214871943817224 0.028559931168914657 -0.2850047089500257 0.796425 -0.00894483 -0.604428 0.0171426
1636512883.270559 -2.153585807020665 0.029512148849571394 -0.2761603574917564 0.795978 -0.0088837 -0.604998 0.0178338
1636512883.337609 -2.185390709110781 0.02920656678234672 -0.2677111963312324 0.79544 -0.00887604 -0.60569 0.0183342
1636512883.404587 -2.2180362126021125 0.031088698796301932 -0.2586120406659571 0.794826 -0.00855438 -0.60649 0.018665
1636512883.471725 -2.2503832843062592 0.031277426749942966 -0.25137378978890645 0.794197 -0.00840429 -0.607315 0.0186806
1636512883.538617 -2.2831045009925655 0.03143326952957375 -0.2441793622031897 0.793427 -0.00801269 -0.608331 0.0185245
1636512883.674087 -2.3480665897745263 0.03349522385865902 -0.22858857137521293 0.791565 -0.00682194 -0.610768 0.0184553
1636512883.739553 -2.380373010855628 0.034644638682211605 -0.22118827204046065 0.790626 -0.00643834 -0.611981 0.0186672
1636512883.806428 -2.412762001187188 0.03556621542603407 -0.21426310541320503 0.789589 -0.00639737 -0.613309 0.0189757
1636512883.873619 -2.445887134985902 0.03678045788415722 -0.20645638609151107 0.78835 -0.00655172 -0.614883 0.0195143
1636512883.940607 -2.478479709241955 0.03736986238430613 -0.19874710884982538 0.786992 -0.00681096 -0.616596 0.0201761
1636512884.074409 -2.5441198595659187 0.0394922593795488 -0.1842203732209683 0.784213 -0.00743422 -0.620067 0.0217079
1636512884.141546 -2.577480645212254 0.03976616064655292 -0.1773271917689282 0.782636 -0.00785084 -0.622038 0.0220776
1636512884.208434 -2.6108140021057986 0.04000554955001354 -0.171085184784314 0.780983 -0.00796013 -0.624101 0.0223546
1636512884.275455 -2.6439219629078483 0.04024414082008901 -0.16585107223426387 0.779236 -0.00780109 -0.626287 0.0222591
1636512884.342363 -2.677317710938161 0.04128333615278102 -0.16013641819507884 0.777377 -0.00766628 -0.628594 0.0222626
1636512884.409286 -2.7107743732047243 0.041912712671951395 -0.15517285826478455 0.775463 -0.00766039 -0.630952 0.0223346
1636512884.543350 -2.7775593044806866 0.043154166481632526 -0.14557984697675097 0.771342 -0.00759791 -0.635983 0.022334
1636512884.610276 -2.8105989963270384 0.04383046363882557 -0.14077059664798652 0.769238 -0.00781112 -0.638511 0.0227028
1636512884.677408 -2.8436014971095602 0.04463267842743416 -0.13597020370997265 0.767096 -0.00820836 -0.641064 0.0230917
1636512884.744473 -2.876819359261799 0.044995185557559235 -0.1322880199349986 0.764953 -0.00856142 -0.643614 0.0231346
1636512884.811291 -2.9102408493745426 0.04458255799361072 -0.12885473103731776 0.762625 -0.00888015 -0.64637 0.0230153
1636512884.878224 -2.9434446017995035 0.04511013183131134 -0.12630061791979447 0.760155 -0.00892131 -0.649277 0.022896
1636512885.079226 -3.042683374537336 0.04648948390390776 -0.1199302652777749 0.751905 -0.00850768 -0.658836 0.0223808
1636512885.146250 -3.0752524239395354 0.0474171885411622 -0.11770691315029363 0.749067 -0.00842114 -0.662048 0.0228029
1636512885.213282 -3.107700737263509 0.04887455348327688 -0.1157817304977598 0.746162 -0.00854038 -0.665303 0.0232642
1636512885.280149 -3.1403868088275524 0.04935815812467333 -0.11457741095704704 0.743157 -0.00898754 -0.668642 0.0235549
1636512885.414248 -3.206722240945521 0.04969910620666263 -0.11270034235101933 0.736713 -0.00997131 -0.675689 0.0244825
1636512885.481085 -3.2394617236772416 0.05091643490925219 -0.11246774604717608 0.733225 -0.0101757 -0.679451 0.0249578
1636512885.548222 -3.2720981416379997 0.05113062466818091 -0.11297084720469724 0.729517 -0.0104124 -0.683421 0.0251373
1636512885.615005 -3.3052105959877207 0.051769130176226835 -0.11390079896863461 0.725647 -0.0107516 -0.687511 0.0254869
1636512885.682049 -3.3382524515322016 0.0523109139433906 -0.11507858531286483 0.721605 -0.0111876 -0.691731 0.0258535
1636512885.749218 -3.370773421102462 0.051475268264962376 -0.11657408177657563 0.717451 -0.011356 -0.696036 0.0258701
1636512885.818128 -3.4038891125724318 0.052187790881114485 -0.11857739119113651 0.713334 -0.0111766 -0.700254 0.025961
1636512885.883089 -3.4360842840375767 0.05236468494618786 -0.120956001624839 0.709238 -0.011056 -0.704406 0.0259195
1636512885.950189 -3.469197482792428 0.05398675887923422 -0.12447557073918618 0.705128 -0.0107923 -0.708522 0.0259744
1636512886.017133 -3.5009810050258565 0.05424302751061867 -0.1279832366959193 0.700939 -0.0106998 -0.712671 0.0258736
1636512886.084073 -3.533117931695331 0.05503583521804935 -0.1323150446624581 0.696703 -0.0105484 -0.716826 0.0255817
1636512886.150964 -3.565285997263609 0.055208804752088406 -0.1365930520615731 0.692341 -0.0107634 -0.721043 0.0254112
1636512886.217881 -3.597264458080977 0.05532736130419487 -0.14183667411464174 0.68783 -0.0113285 -0.725335 0.025507
1636512886.285078 -3.6287479739564636 0.05545970628560144 -0.14724449712419965 0.682999 -0.0118157 -0.729877 0.0255263
1636512886.352086 -3.6612666859697027 0.05590197042380994 -0.15246839916996785 0.677938 -0.0124867 -0.734567 0.0256001
1636512886.418985 -3.6929367613214104 0.05609431673559691 -0.1585150791171436 0.672825 -0.0133357 -0.739233 0.0257523
1636512886.486021 -3.7246148279000253 0.05626601004609762 -0.16550016020145872 0.667581 -0.0142378 -0.743947 0.0260042
1636512886.553102 -3.7566442282759755 0.05641906582465485 -0.17278769714571507 0.662058 -0.0149885 -0.748844 0.0262109
1636512886.619981 -3.787977889054783 0.055656870738958225 -0.1811677245717852 0.656283 -0.0156514 -0.753888 0.0264755
1636512886.686918 -3.818845882639046 0.05570509632548734 -0.18971570314465463 0.650187 -0.0161065 -0.759118 0.02713
1636512886.753776 -3.8487555814730015 0.05632744370096948 -0.1999271900946462 0.643922 -0.0162502 -0.764419 0.0276415
1636512886.887900 -3.9085475660919773 0.05728819013892027 -0.22149485481605025 0.630596 -0.0158311 -0.775438 0.0281807
1636512886.954893 -3.93679718210199 0.05814208443200035 -0.23357323429045274 0.623617 -0.0155595 -0.781065 0.0282433
1636512887.023548 -3.965417043228958 0.05809270400367335 -0.24647532529608773 0.616213 -0.0153007 -0.78693 0.0280665
1636512887.088773 -3.994317300178316 0.058298616579914406 -0.25891276565551546 0.608515 -0.0157205 -0.792886 0.0281911
1636512887.155820 -4.023467178221846 0.05839214856388869 -0.2710325984081383 0.600709 -0.0161215 -0.798808 0.0281804
1636512887.222889 -4.052481637715431 0.05850336720536331 -0.28392085323936755 0.592965 -0.016143 -0.804572 0.0282236
1636512887.289667 -4.080108735311009 0.058651602878007913 -0.29796942588326947 0.585328 -0.0160066 -0.810146 0.0282531
1636512887.423679 -4.133592286807521 0.05844020131899959 -0.32744136766032317 0.569387 -0.0159176 -0.821422 0.0284761
1636512887.490731 -4.159442761866892 0.05875198335580972 -0.3427625373309984 0.561053 -0.0161082 -0.82712 0.0288419
1636512887.557667 -4.186268449884338 0.05840179055045551 -0.3584279152535965 0.552608 -0.0161646 -0.832776 0.0290944
1636512887.691612 -4.2341012883278655 0.05822173781009768 -0.3903727694614938 0.535806 -0.0166706 -0.843632 0.0302965
1636512887.758678 -4.256878581114073 0.05800152064982142 -0.40766257697884156 0.527045 -0.0170713 -0.849107 0.0308184
1636512887.828058 -4.278798254857998 0.05693909962576979 -0.42413682658177554 0.517975 -0.0174474 -0.854647 0.0312381
1636512887.893438 -4.301506612472753 0.057542131334889196 -0.4409212452070874 0.508712 -0.017686 -0.860167 0.0317958
1636512887.959665 -4.322324236249996 0.05713498584385618 -0.4589779368814768 0.499621 -0.0174824 -0.865478 0.0319645
1636512888.026534 -4.342877823983151 0.05734702657417623 -0.47847002973079045 0.490424 -0.017417 -0.87072 0.0320761
1636512888.160732 -4.382959986643083 0.056570863569806534 -0.5182914612133642 0.471344 -0.0171786 -0.881211 0.0317201
1636512888.361541 -4.439903395955495 0.05529554336343151 -0.5803349250168706 0.441765 -0.0177142 -0.89638 0.0321336
1636512888.428651 -4.458983631511449 0.05478987567274318 -0.6010550885097752 0.43168 -0.0182412 -0.901265 0.0322725
1636512888.495577 -4.476703064889182 0.05479806686717026 -0.6226673637145879 0.421767 -0.0183329 -0.905942 0.032329
1636512888.562549 -4.493138496770367 0.05464204865677649 -0.6459773772771422 0.412028 -0.0183469 -0.910418 0.0321636
1636512888.629241 -4.51034011687511 0.054849305441964286 -0.6684179566377066 0.401949 -0.0185262 -0.914923 0.0317886
1636512888.696598 -4.526157277207348 0.053756391993244335 -0.6917493979390379 0.391817 -0.0185289 -0.919328 0.0311884
1636512888.765285 -4.541600542136352 0.05288235694049523 -0.7160220737776928 0.381583 -0.0185171 -0.923634 0.0308632
1636512888.830539 -4.556553508857718 0.05185959068187862 -0.7403095765226435 0.371204 -0.0186961 -0.927856 0.0306717
1636512888.964523 -4.584619984509537 0.0498311583136114 -0.7901149500730325 0.350512 -0.019097 -0.935865 0.0305444
1636512889.031564 -4.598291570504319 0.04959970728310012 -0.8149834796069393 0.339962 -0.0192934 -0.939742 0.0306289
1636512889.165427 -4.623826111791636 0.04870810473455542 -0.8642544851993517 0.317962 -0.0194404 -0.947402 0.0308367
1636512889.232273 -4.636197133490753 0.048523484398031336 -0.888669074267296 0.306847 -0.0194724 -0.951064 0.0307101
1636512889.299392 -4.647930232229786 0.04730056169105892 -0.9134835308700682 0.29592 -0.0192404 -0.954536 0.0303808
1636512889.366477 -4.65984175674794 0.04683568811606273 -0.9398548091987713 0.285223 -0.019413 -0.957787 0.030268
1636512889.433247 -4.670776490833433 0.04599549416066753 -0.9658033387022027 0.274652 -0.0194063 -0.960873 0.0302083
1636512889.500255 -4.681604639995717 0.04484194664054486 -0.9918563082513849 0.264092 -0.0194781 -0.963825 0.0302843
1636512889.567259 -4.691743436424509 0.04407292483568584 -1.0185918280725763 0.25378 -0.019925 -0.966569 0.0307077
1636512889.701442 -4.708420524716969 0.04239720210640263 -1.072020460684501 0.233767 -0.0204194 -0.971574 0.0312894
1636512889.768122 -4.715460453351698 0.04074862894378542 -1.0986942712356593 0.223857 -0.0206849 -0.973887 0.031682
1636512889.835078 -4.722194720028998 0.040689151831527465 -1.1252945136166788 0.213793 -0.0208777 -0.976124 0.0322297
1636512889.902354 -4.729095133236909 0.04007217984850381 -1.1519490436628372 0.203631 -0.0206245 -0.978293 0.0324274
1636512889.970834 -4.736252280521549 0.03901091592842623 -1.1790750686214189 0.193788 -0.0199937 -0.980298 0.0325869
1636512890.036364 -4.742243060216096 0.03834360442300408 -1.205939198216148 0.184505 -0.0196775 -0.982082 0.0329514
1636512890.170345 -4.751288927079562 0.037940230607511644 -1.260978577456836 0.166028 -0.0193186 -0.985371 0.0332606
1636512890.237178 -4.755859392572117 0.03659063827704928 -1.2879026826168047 0.156497 -0.0197089 -0.986926 0.0331234
1636512890.304167 -4.761970518298689 0.035627397104508046 -1.315885134368047 0.147013 -0.0199188 -0.988377 0.033174
1636512890.371151 -4.7668576906021105 0.03407279782250497 -1.3426719673202796 0.138096 -0.0199713 -0.989652 0.0334616
1636512890.437876 -4.7698090277936425 0.033179311781622894 -1.3701747399797732 0.129563 -0.0197059 -0.990794 0.0339426
1636512890.505074 -4.771753046552536 0.03304879311491979 -1.3979737786386752 0.12098 -0.0193773 -0.99187 0.0343702
1636512890.572181 -4.773918847489366 0.032146270619407585 -1.42579879265003 0.112185 -0.018902 -0.992904 0.0346244
1636512890.639133 -4.775174118769401 0.03200881927552876 -1.4539704185462368 0.103457 -0.0178807 -0.993862 0.0348623
1636512890.706023 -4.7775350356723925 0.03103854952164345 -1.4819614032430841 0.0949052 -0.0169829 -0.994724 0.035051
1636512890.773185 -4.778969903785754 0.03017921816040897 -1.5102189215559005 0.0868426 -0.016019 -0.995469 0.0352669
1636512890.907123 -4.77980383241134 0.027713033914459728 -1.5666938147523561 0.0713799 -0.0144658 -0.9967 0.035842
1636512890.973976 -4.77926188776568 0.027619638772352934 -1.595083726240012 0.0634867 -0.0147328 -0.997222 0.0360709
1636512891.108083 -4.781230420530845 0.02703488304282539 -1.6522679780166256 0.0471799 -0.0159881 -0.998121 0.035686
1636512891.175074 -4.78215015608069 0.025557791959175263 -1.6817964700719195 0.0396213 -0.0165687 -0.998451 0.0353817
1636512891.241971 -4.780707754987058 0.024707694828245502 -1.710862759893135 0.0324341 -0.0170191 -0.998704 0.0353328
1636512891.308874 -4.778762687050948 0.023932197979747077 -1.7399937398524254 0.0250644 -0.01681 -0.998926 0.0351577
1636512891.375988 -4.77652862634828 0.023151451785278 -1.7702064344417012 0.0175971 -0.0164972 -0.999102 0.0348362
1636512891.509874 -4.772364903164345 0.021539407663029725 -1.829932250985807 0.00329307 -0.0155753 -0.999277 0.0345192
1636512891.576973 -4.768033986139952 0.021285033438453296 -1.8593340929943774 -0.00341833 -0.0151181 -0.999298 0.0340922
1636512891.643868 -4.763736540838103 0.020391900451458972 -1.889462979825386 -0.0103533 -0.0153153 -0.999273 0.0333361
1636512891.710925 -4.759760991960487 0.019719395102138007 -1.9199832606592806 -0.0175154 -0.0156573 -0.999196 0.0324855
1636512891.777946 -4.756153638637699 0.018207721159837723 -1.9508507722391517 -0.0246162 -0.0158756 -0.999074 0.0315137
1636512891.844783 -4.752132193399256 0.016464346897800047 -1.981332461730513 -0.0315379 -0.0162085 -0.998902 0.03063
1636512891.911782 -4.746236862546292 0.014318845893635468 -2.011439471890713 -0.038302 -0.0163407 -0.998683 0.0299557
1636512891.978725 -4.740312310236852 0.011923124829126386 -2.0406676705723408 -0.0451996 -0.0163419 -0.998406 0.0295922
1636512892.045774 -4.734127876082701 0.010389498175028947 -2.0705462590622137 -0.0522021 -0.0158837 -0.998076 0.0294431
1636512892.112853 -4.72745420635146 0.009268461435766262 -2.0998493584411033 -0.0590528 -0.0152395 -0.997703 0.0294973
1636512892.181226 -4.7199769000106935 0.008150090900919435 -2.129386247526368 -0.0657368 -0.0146603 -0.99729 0.0296027
1636512892.246684 -4.712673100308154 0.006792553691541622 -2.1581151505822356 -0.072359 -0.0143007 -0.996837 0.0295869
1636512892.313673 -4.7051523032727385 0.006219262984521162 -2.187423562493154 -0.0788307 -0.0138026 -0.996354 0.02955
1636512892.380856 -4.697213949789745 0.005087473228656339 -2.2165218759696494 -0.085152 -0.01355 -0.995841 0.0294206
1636512892.447662 -4.688484661904719 0.003938763923247907 -2.244731241242861 -0.0915471 -0.0139027 -0.995277 0.029162
1636512892.514606 -4.680296421251308 0.002647860968183313 -2.2729004677420797 -0.0982184 -0.01433 -0.994642 0.0289087
1636512892.581829 -4.672046267127783 0.0017063138444344678 -2.3025681901913178 -0.104943 -0.0147593 -0.99395 0.0288496
1636512892.648834 -4.662937833332958 0.00035859508593623357 -2.330598560036022 -0.111508 -0.015127 -0.99323 0.0288489
1636512892.715672 -4.652933445432 -0.000661111399217193 -2.358470376885954 -0.117986 -0.0152078 -0.992477 0.0289451
1636512892.782573 -4.642502316016697 -0.0010643694571870338 -2.387185144108523 -0.12449 -0.0153827 -0.991679 0.0289471
1636512892.849535 -4.63152130400491 -0.001998201181240375 -2.4156169648864303 -0.131055 -0.0153658 -0.990838 0.0287753
1636512892.916728 -4.6202698341159705 -0.0026705197190625835 -2.4437886494922942 -0.137641 -0.0151188 -0.989956 0.0285365
1636512892.983680 -4.608704888403359 -0.00441337241773538 -2.4716750366104137 -0.144172 -0.0152856 -0.989031 0.0282478
1636512893.050487 -4.59705838593643 -0.0053785163670608885 -2.500263137269311 -0.150745 -0.0157717 -0.988047 0.0280995
1636512893.117553 -4.584812908560594 -0.006168571528458934 -2.528377914361701 -0.157304 -0.0161339 -0.987019 0.0280812
1636512893.251570 -4.559183013540243 -0.009149157066971503 -2.583162736809094 -0.170393 -0.0161749 -0.984848 0.0279147
1636512893.318774 -4.544834876631481 -0.00948438057820536 -2.6108731295690255 -0.176855 -0.0158213 -0.983707 0.0281448
1636512893.385554 -4.529641450723338 -0.011407078270217669 -2.636041151760275 -0.183365 -0.0151235 -0.982524 0.0281983
1636512893.452464 -4.515054482469336 -0.011121449715565127 -2.6634127664592584 -0.190088 -0.0144019 -0.981255 0.0282438
1636512893.519477 -4.500662833993417 -0.011854108627652751 -2.6907004907363112 -0.196751 -0.0142475 -0.979952 0.0279417
1636512893.586524 -4.485656573939427 -0.013899579546570659 -2.7164448577596914 -0.203248 -0.0139113 -0.978638 0.0276487
1636512893.653389 -4.469849949249947 -0.015136530901695866 -2.742632712242494 -0.209793 -0.0135175 -0.977264 0.027568
1636512893.720403 -4.453694665794416 -0.01695761108284529 -2.768435029155906 -0.216498 -0.0131412 -0.975802 0.0276685
1636512893.787533 -4.437648114315842 -0.01893724247555901 -2.7936398445302566 -0.223323 -0.0130092 -0.974256 0.0279847
1636512893.854608 -4.421177055074976 -0.01953691876761969 -2.818045622549861 -0.230183 -0.0130021 -0.972643 0.0284997
1636512893.921471 -4.405436349582581 -0.02069843667615424 -2.842827666235247 -0.237129 -0.0134179 -0.970961 0.0287125
1636512893.988291 -4.3892854976760525 -0.02064165286604759 -2.8674031694877113 -0.243964 -0.013973 -0.969256 0.0288054
1636512894.055288 -4.372543359558823 -0.02105453499296474 -2.8917896939890557 -0.250807 -0.0145759 -0.967509 0.0284761
1636512894.122291 -4.355398020688558 -0.021877242905265416 -2.9154549212684837 -0.257774 -0.0152678 -0.965684 0.0278199
1636512894.189234 -4.337527835300756 -0.022912314983925174 -2.939465431677955 -0.265047 -0.0155808 -0.963725 0.027222
1636512894.256357 -4.31942119739084 -0.024192634117784096 -2.96301101660306 -0.272437 -0.0159876 -0.96167 0.0266972
1636512894.323328 -4.300511923312988 -0.025134588524958708 -2.98683743074203 -0.279825 -0.0163657 -0.959545 0.0265176
1636512894.390341 -4.281207315952602 -0.026158501809991457 -3.008829242506754 -0.287255 -0.0164027 -0.957343 0.0266362
1636512894.457353 -4.261636638856933 -0.027188829835979873 -3.030158362990964 -0.294844 -0.0163529 -0.955028 0.0268675
1636512894.524323 -4.241308644740938 -0.02777296447048168 -3.0506958407621636 -0.302622 -0.0164501 -0.952585 0.0270397
1636512894.591851 -4.221183035073704 -0.028596233712434072 -3.0711980143307724 -0.310735 -0.0164404 -0.949971 0.0269909
1636512894.658370 -4.200608275473079 -0.029305776720357196 -3.09150555615406 -0.318904 -0.0162486 -0.947264 0.0269707
1636512894.726049 -4.17969040819937 -0.030014987326469178 -3.1122996648386096 -0.327026 -0.0162381 -0.944495 0.026825
1636512894.859343 -4.136798049674705 -0.031978375486264546 -3.150949613641586 -0.343275 -0.0163918 -0.938707 0.0269003
1636512894.926172 -4.114744152182456 -0.032991145374036426 -3.168765848259301 -0.351585 -0.0163227 -0.935622 0.0270608
1636512894.993340 -4.092720871134384 -0.03349532947988358 -3.187413927809949 -0.360084 -0.0163878 -0.932379 0.0272115
1636512895.060323 -4.069909179069315 -0.033914547686182864 -3.2048691332620534 -0.36847 -0.0160799 -0.9291 0.0272752
1636512895.127136 -4.04675077353992 -0.03474376100491719 -3.2222131518541657 -0.376747 -0.0156389 -0.925787 0.0271107
1636512895.194104 -4.023358141796799 -0.035586691457580255 -3.238540044479249 -0.385052 -0.0154064 -0.922374 0.0269153
1636512895.260837 -4.000204682686694 -0.03705183247384168 -3.2537851763112564 -0.393612 -0.0152945 -0.918755 0.0269311
1636512895.328047 -3.97698066376197 -0.03781526473367691 -3.2674982312693084 -0.402409 -0.0155404 -0.914928 0.0270636
1636512895.395080 -3.953320203930354 -0.03841811796693722 -3.2817366626535254 -0.411586 -0.0159656 -0.910833 0.0269241
1636512895.461976 -3.9298888580846003 -0.0386100873268352 -3.296188647482982 -0.420999 -0.0164134 -0.906525 0.0265115
1636512895.529215 -3.9057115262829627 -0.039115915450963316 -3.310787442553944 -0.430343 -0.0169482 -0.902138 0.0257868
1636512895.596107 -3.8807371769445425 -0.040061056747287514 -3.3256210318349537 -0.439552 -0.0174028 -0.897696 0.0251404
1636512895.663013 -3.8557839132548586 -0.040802951682852 -3.3377081090823983 -0.44868 -0.0177197 -0.893175 0.0246954
1636512895.730052 -3.830388137236549 -0.04187090508060602 -3.3487096963248524 -0.457953 -0.0179684 -0.888468 0.0241005
1636512895.796952 -3.8046407416822783 -0.042785592394120164 -3.3602412359126514 -0.467559 -0.0182142 -0.883459 0.0236069
1636512895.863935 -3.778642047170594 -0.043819409750181254 -3.3712480140308907 -0.477197 -0.0184058 -0.878289 0.0234974
1636512895.931044 -3.7524913654442136 -0.04467076370361517 -3.381451760647576 -0.486748 -0.0185737 -0.873022 0.0237574
1636512895.997910 -3.72664317804424 -0.04501262740470145 -3.389059015276869 -0.496209 -0.0186255 -0.867673 0.0239501
1636512896.064930 -3.7006143257787483 -0.04526559817770533 -3.396538884699808 0.505956 0.0187981 0.862026 -0.0238078
1636512896.132017 -3.674651394906949 -0.045639972661864175 -3.4046045829728238 0.515914 0.0192509 0.856105 -0.0233944
1636512896.199037 -3.648973586705834 -0.046335079649889505 -3.4118222773895264 0.525784 0.0192819 0.850087 -0.0230522
1636512896.265989 -3.6224246951528105 -0.04657027963795436 -3.4186821356809025 0.535611 0.0190362 0.843942 -0.0228218
1636512896.333985 -3.5965345455040074 -0.04726827919429083 -3.4232202872249284 0.545376 0.0190316 0.837679 -0.0223045
1636512896.399810 -3.5703693402336008 -0.04799851544981146 -3.4279049458159316 0.555366 0.0190595 0.831103 -0.0217487
1636512896.466799 -3.5438505446927397 -0.048794082787723 -3.4326176898182257 0.565477 0.019016 0.824265 -0.0214845
1636512896.533895 -3.5176262564492333 -0.04917292817668614 -3.436643580442119 0.575376 0.0191019 0.817388 -0.0212992
1636512896.667858 -3.4635132338227983 -0.04965985180193022 -3.4428902037495126 0.594405 0.0187076 0.803678 -0.0208174
1636512896.734899 -3.436204425033778 -0.050873476574540666 -3.4447372296840157 0.603508 0.0180315 0.796876 -0.0210002
1636512896.801831 -3.409370363444612 -0.05137726356933009 -3.445543057461246 0.612362 0.0175698 0.790096 -0.0212669
1636512896.935830 -3.3559283189125346 -0.05227061743743497 -3.4460015214481965 0.62983 0.016736 0.776249 -0.021704
1636512897.002877 -3.328731477890468 -0.05220401510818465 -3.4473316224479893 0.638257 0.0165513 0.769338 -0.0217636
1636512897.069535 -3.300747252960562 -0.052202969471992294 -3.448389054312917 0.64619 0.0164275 0.762692 -0.0216715
1636512897.136775 -3.272666077555641 -0.05195282851937183 -3.4490551427555287 0.653662 0.0163376 0.756305 -0.0214879
1636512897.203758 -3.2446859789065847 -0.05210474621242964 -3.448755733174969 0.66082 0.0163073 0.750073 -0.0210122
1636512897.272233 -3.216531191708359 -0.05270715207512952 -3.4486871339886638 0.667789 0.0160498 0.743894 -0.020535
1636512897.337626 -3.1873411042792594 -0.05306982155303425 -3.4485089146136683 0.674421 0.0156818 0.737904 -0.0202192
1636512897.404696 -3.1581149484283197 -0.05360000927604547 -3.4475297959838147 0.680584 0.0155428 0.732236 -0.0198382
1636512897.471724 -3.1292543839723104 -0.05399329112348944 -3.445691842391016 0.686441 0.0155498 0.726757 -0.0195425
1636512897.538733 -3.1014289542655624 -0.05412736760285736 -3.4429149494489835 0.692191 0.0155686 0.721289 -0.0192622
1636512897.605541 -3.072721259983252 -0.05451057479525395 -3.440381383918331 0.697991 0.0157539 0.715692 -0.0185842
1636512897.806539 -2.987164699961678 -0.05572366516487601 -3.4317648827289937 0.715128 0.0163538 0.698616 -0.0161416
1636512897.873627 -2.958063814942232 -0.056216784691107274 -3.4271067845752365 0.7203 0.0158925 0.693301 -0.0157786
1636512897.940594 -2.9287498391768434 -0.056592921144634434 -3.4215292611023718 0.72539 0.0155553 0.687986 -0.0155719
1636512898.007652 -2.9002086246520666 -0.05665524332533109 -3.415738302151099 0.730607 0.0153955 0.682451 -0.0153951
1636512898.074466 -2.871034235377844 -0.05660470692784764 -3.410023578882729 0.735899 0.014844 0.676754 -0.0153487
1636512898.141603 -2.841425461829716 -0.05675947181026972 -3.404068689647895 0.740951 0.0142075 0.671234 -0.0153157
1636512898.208452 -2.812061417283097 -0.05717380207675077 -3.3975695942196467 0.745655 0.01378 0.666016 -0.0152395
1636512898.275211 -2.7823258284115933 -0.056655004043633383 -3.390462743287482 0.750221 0.0134322 0.660875 -0.0152586
1636512898.342499 -2.7537590800177276 -0.05643921661172774 -3.382437650644816 0.754768 0.0130382 0.655688 -0.015117
1636512898.409348 -2.7242391557760337 -0.05613400128205741 -3.3746505910843148 0.759353 0.0127264 0.650387 -0.0147693
1636512898.545583 -2.6648036419121737 -0.05657286508886149 -3.35960033737566 0.768234 0.0120862 0.639907 -0.0137867
1636512898.677474 -2.605671579000062 -0.05688787742037235 -3.3420055179575656 0.776386 0.0114852 0.630009 -0.0134825
1636512898.811826 -2.5481104510022314 -0.05743047391198901 -3.321892251282505 0.784471 0.0109807 0.619927 -0.0132614
1636512898.878171 -2.518110523767202 -0.05738993414633839 -3.3112737656252307 0.788592 0.0106541 0.614682 -0.0132531
1636512898.945421 -2.4892336760608953 -0.057426029927648975 -3.300708245227349 0.792551 0.0103861 0.609572 -0.0133117
1636512899.079494 -2.430129160728474 -0.05628996395492962 -3.278635413688353 0.79989 0.00989668 0.599916 -0.0133547
1636512899.146317 -2.4006528696906613 -0.05618571974884011 -3.2671128887596503 0.803302 0.00952706 0.59535 -0.013168
1636512899.213377 -2.3713137885228672 -0.055969307289391174 -3.2550631348913055 0.806637 0.00923149 0.590837 -0.0127514
1636512899.280311 -2.341391405450614 -0.05615707413759573 -3.2432220489334704 0.809986 0.00907136 0.586252 -0.0121729
1636512899.347332 -2.3123696276345425 -0.05668406127980287 -3.230874191500803 0.813289 0.00898386 0.581673 -0.0117155
1636512899.414218 -2.2831978195951437 -0.056247741517663735 -3.2178306859350307 0.81653 0.00896968 0.577117 -0.0115517
1636512899.481075 -2.2545943700315103 -0.05561367184127183 -3.2045585470820948 0.819764 0.00886414 0.572521 -0.0113102
1636512899.548260 -2.2260217938231985 -0.05547150062388753 -3.190187243028004 0.82305 0.0082627 0.567798 -0.01125
1636512899.616441 -2.1971915915608444 -0.05550700184926584 -3.176038612153574 0.826338 0.00778699 0.563011 -0.0111412
1636512899.682250 -2.1690201259764796 -0.05531863562739227 -3.161496001653978 0.829558 0.00757008 0.55826 -0.0110038
1636512899.749090 -2.139950158862489 -0.054805161085104206 -3.1462061121624973 0.832767 0.00737256 0.553466 -0.0109658
1636512899.883323 -2.0851314471946942 -0.05429960391448006 -3.1154187632780115 0.839354 0.00748783 0.543435 -0.010364
1636512899.950330 -2.0580974771911658 -0.05438229247642448 -3.0998175111480775 0.842695 0.00753443 0.538243 -0.0101418
1636512900.017182 -2.0307278863311438 -0.05393475574034365 -3.0829813720922608 0.845997 0.00741367 0.533035 -0.010391
1636512900.083952 -2.004766213093507 -0.053125482464026694 -3.065690820417492 0.84936 0.00722922 0.527657 -0.0106272
1636512900.151217 -1.979219207349572 -0.052859133629733684 -3.0477386538092537 0.852834 0.00699921 0.522025 -0.0107278
1636512900.218143 -1.9528833441833122 -0.052832137247936214 -3.0298405740087144 0.856406 0.00653011 0.516138 -0.0112907
1636512900.285073 -1.9271086486031155 -0.05256336781891291 -3.011545358956001 0.859887 0.00621709 0.510312 -0.0117155
1636512900.352077 -1.9020958004133324 -0.052477125018732584 -2.992523547061198 0.863299 0.00613853 0.504515 -0.0119225
1636512900.419127 -1.8769506597061634 -0.05214368551319308 -2.9735032365307648 0.866798 0.00611437 0.498474 -0.0121413
1636512900.486002 -1.8519468385671431 -0.05123455949963089 -2.9542783803041455 0.870367 0.0060895 0.492213 -0.0122916
1636512900.619893 -1.802623742699311 -0.049616527020803866 -2.9149920156600073 0.877501 0.00600976 0.479387 -0.0120017
1636512900.686743 -1.7794980688761697 -0.04951251908559501 -2.8955827121020894 0.881024 0.00614867 0.472891 -0.0115247
1636512900.753824 -1.7554594641552481 -0.049300361271799584 -2.8756047305959926 0.884533 0.00631058 0.466306 -0.0109827
1636512900.822325 -1.7322771348317438 -0.04890745733178242 -2.855353605271778 0.887966 0.00644401 0.459747 -0.0103764
1636512900.955076 -1.6890065134578076 -0.04829837927280575 -2.813177330979201 0.894902 0.00644309 0.446117 -0.00936177
1636512901.088845 -1.64816340341671 -0.04768095901765906 -2.769148377392607 0.901982 0.00619649 0.431618 -0.0097578
1636512901.155824 -1.626299779259345 -0.047236775803090825 -2.7463488986411253 0.905495 0.0060478 0.424196 -0.0100211
1636512901.222770 -1.6061337373613649 -0.04623785447379595 -2.7235426198731867 0.908943 0.00611535 0.416755 -0.0100648
1636512901.289948 -1.5855620793208722 -0.045320512029139254 -2.7007402865845083 0.912373 0.0059841 0.409193 -0.010018
1636512901.356655 -1.566238908964137 -0.04473066058861074 -2.677086792936044 0.915675 0.00538289 0.401759 -0.0100222
1636512901.424874 -1.5456233058685214 -0.04431017957801527 -2.6530403418850717 0.918864 0.0049358 0.394425 -0.00966484
1636512901.490809 -1.525548746735806 -0.04377802679772543 -2.6284784939496393 0.921992 0.00478038 0.387067 -0.0093505
1636512901.557702 -1.505752748888808 -0.04365918112640011 -2.603661377649394 0.925061 0.00466916 0.379682 -0.00907727
1636512901.691738 -1.4691712240048007 -0.04322286726463028 -2.5532632652169838 0.9311 0.00480298 0.364625 -0.0088412
1636512901.758769 -1.451939959859174 -0.04218652274838936 -2.527815021506394 0.934061 0.00491964 0.356968 -0.00891868
1636512901.892596 -1.417241847982452 -0.03963220847343259 -2.4762884740564024 0.939756 0.00545546 0.341685 -0.00897585
1636512902.093652 -1.3692472545377592 -0.037241184459051134 -2.39744225753789 0.947862 0.00609582 0.318504 -0.00872618
1636512902.160764 -1.3534654414126237 -0.03617592937907315 -2.371151257406146 0.950427 0.00607467 0.310768 -0.00866771
1636512902.227687 -1.339484200300175 -0.03551104281397065 -2.3444981364834945 0.952876 0.00613646 0.303193 -0.00799606
1636512902.294713 -1.3247010534089345 -0.03470308148377317 -2.317247987809912 0.955282 0.00615194 0.295537 -0.00758498
1636512902.361720 -1.3110201493132363 -0.03437141844019901 -2.2901255827280225 0.95763 0.0061067 0.287846 -0.00725055
1636512902.428571 -1.297770810533774 -0.033981101249481296 -2.2629541302814786 0.959894 0.00616482 0.280208 -0.00697451
1636512902.495618 -1.2853305942807627 -0.033628318557470414 -2.2342590708459387 0.962101 0.00637475 0.272527 -0.00711273
1636512902.562361 -1.2735926911191748 -0.03271738930490212 -2.2062037482734693 0.964282 0.0067242 0.264697 -0.0071541
1636512902.629589 -1.2620211077598666 -0.03156919376048202 -2.1774240967771332 0.966407 0.00702651 0.256833 -0.00678537
1636512902.696486 -1.2490045226453534 -0.029874572097160934 -2.1488695603692896 0.968494 0.00719198 0.248848 -0.00646223
1636512902.830675 -1.2252639687317664 -0.02770459392711387 -2.091168345154869 0.972294 0.00731231 0.233568 -0.00599486
1636512902.897514 -1.21589074738034 -0.02736217465868572 -2.061422915787008 0.974098 0.00730171 0.225924 -0.00612823
1636512902.964682 -1.2057244092185382 -0.02639414600372495 -2.0315936614011036 0.975885 0.00735199 0.218062 -0.00654475
1636512903.031451 -1.1962728013590667 -0.026223982314652568 -2.0009355250248206 0.977587 0.00740143 0.210289 -0.00687973
1636512903.098570 -1.185824588006846 -0.023095621117565385 -1.9712655576127707 0.979233 0.00770933 0.202467 -0.00708079
1636512903.165347 -1.1759872392024011 -0.020579968720015607 -1.941018577561751 0.980803 0.00806437 0.194717 -0.00674839
1636512903.232486 -1.1676157197618597 -0.019903136764408177 -1.9120742859956907 0.982312 0.00824618 0.186976 -0.00593697
1636512903.366493 -1.1488376243773382 -0.017965823905823144 -1.854643632895594 0.985123 0.00758637 0.171652 -0.00309348
1636512903.433465 -1.1399456245544675 -0.017395001449358394 -1.8252666649336045 0.98639 0.00707321 0.164255 -0.00219115
1636512903.500864 -1.1319764423970715 -0.018183337837982403 -1.79649631914099 0.987544 0.0066641 0.157194 -0.00152579
1636512903.567364 -1.12592924564267 -0.018080014672103517 -1.767176429936081 0.98861 0.00647234 0.150359 -0.00117349
1636512903.634421 -1.119934263081268 -0.01831151235631319 -1.7384206993366798 0.989637 0.0063325 0.143444 -0.0014305
1636512903.701234 -1.1143718019066267 -0.019145461903215092 -1.7090268951251681 0.990595 0.00629782 0.136668 -0.00170525
1636512903.768090 -1.1069274814727856 -0.0169535892893739 -1.6802568859451468 0.991482 0.00654212 0.130069 -0.00165357
1636512903.902295 -1.0952710316697436 -0.017140312951451724 -1.6220414488958819 0.992989 0.00644159 0.11802 -0.00148278
1636512904.103316 -1.0807988095166023 -0.01593223631311256 -1.5326753362978307 0.994963 0.00661854 0.100022 -0.000714733
1636512904.170258 -1.0758482353608843 -0.016399663709202497 -1.5027866157123544 0.995525 0.00657615 0.094269 -0.000753591
1636512904.237249 -1.0710887835802314 -0.016714532981743885 -1.4736650225026466 0.996021 0.00655818 0.0888673 -0.000926279
1636512904.304131 -1.069066822899718 -0.01534748518122844 -1.4428364817537136 0.996464 0.00653809 0.083763 -0.0011927
1636512904.371063 -1.0672190653444342 -0.015413805093787602 -1.4120921199061265 0.996891 0.00634106 0.0785247 -0.00153054
1636512904.438308 -1.06432280862595 -0.014627267293611315 -1.3817557101852551 0.997302 0.00612835 0.0731287 -0.00194194
1636512904.505271 -1.0620491116778483 -0.014579789911915917 -1.3511298627061588 0.997667 0.00581002 0.067976 -0.00237707
1636512904.572284 -1.0591202322546553 -0.013833888338150146 -1.3210128182641168 0.997984 0.00543158 0.0631672 -0.00275794
1636512904.639172 -1.0570759827728684 -0.013474279233821336 -1.2897127235468102 0.998263 0.00492841 0.0586335 -0.00287805
1636512904.706119 -1.0548806960485395 -0.01345821500349526 -1.2583851463553077 0.998519 0.00450597 0.0541501 -0.00253489
1636512904.773317 -1.0537874774529932 -0.013194470364418448 -1.2267002798834297 0.998751 0.00438763 0.0497365 -0.00197499
1636512904.840011 -1.0510817598926192 -0.013049432181448615 -1.1957797331415883 0.998961 0.00441576 0.0453436 -0.00109434
1636512904.973918 -1.0462615651794345 -0.012783279354469716 -1.1334465496433026 0.999315 0.00426554 0.0367504 0.000703227
1636512905.174952 -1.0409213894310176 -0.011905022449363142 -1.039016706343578 0.999681 0.00361884 0.0248405 0.0026307
1636512905.242043 -1.0385905110051397 -0.010590948488425199 -1.0075852766222366 0.99977 0.00338252 0.0209928 0.0029016
1636512905.308946 -1.0380956687473044 -0.009626940340314279 -0.9755516936998263 0.999839 0.00298488 0.0175026 0.00274847
1636512905.443059 -1.0380491139070651 -0.00848647039316672 -0.9118480018088587 0.99993 0.00187705 0.0115789 0.00135185
1636512905.509891 -1.0387304747160664 -0.007925581546008649 -0.8797753361729951 0.999959 0.0012971 0.00897791 0.000181922
1636512905.576931 -1.0391689820696157 -0.008027580461346792 -0.8475281335170384 0.999978 0.000676862 0.00651582 -0.000862199
1636512905.644037 -1.0400261872970196 -0.008093703853826706 -0.8153945184757185 0.99999 7.50143e-05 0.00436633 -0.00136075
1636512905.710918 -1.0374164719481564 -0.008233056219365742 -0.7841825788564207 0.999996 -0.000336811 0.00252698 -0.00156379
1636512905.778008 -1.0360872835604438 -0.009260692598078036 -0.7530160340042891 0.999998 -0.000506838 0.00154239 -0.00142256
1636512905.911838 -1.0347103372796547 -0.00795067040692651 -0.6889136164775108 1.0 -0.000478214 0.00065389 -0.000520827
1636512905.979031 -1.0335859980650286 -0.006663847322507004 -0.6564002307300845 1.0 -0.000669266 5.60765e-06 0.000111617
1636512906.045913 -1.03204629497567 -0.0062741076528674946 -0.6245349567159447 1.0 -0.000770695 -0.000561537 0.000267504
1636512906.179636 -1.028874938135561 -0.004058657812319499 -0.5612870459130463 1.0 -0.000632254 -0.000395201 0.000252438
1636512906.246838 -1.0278959281494726 -0.0033100966966974413 -0.5291231196034051 1.0 -0.000679698 0.000165774 -7.29153e-05
1636512906.313849 -1.027470517926606 -0.0015111503289198772 -0.49613427913177033 0.999999 -0.000682179 0.000915798 -3.15078e-05
1636512906.380711 -1.0254664828355824 -0.000704172282416671 -0.46392149514256553 0.999998 -0.000842771 0.0016714 0.000204821
1636512906.447742 -1.0234930178052417 0.00034165517427665036 -0.43085681272757453 0.999996 -0.00105617 0.00264211 0.000672451
1636512906.514866 -1.0207611686710896 0.0012587446183752234 -0.3977830560863564 0.999991 -0.00135187 0.00386245 0.00127714
1636512906.581749 -1.0184816478618732 0.0022316319456545247 -0.3645345655430207 0.999983 -0.00157361 0.00523697 0.0018818
1636512906.715846 -1.0159939641416345 0.0053785975584054275 -0.2970285026112629 0.999966 -0.00171862 0.00787831 0.00181041
1636512906.849560 -1.0136368397289157 0.008253265434345574 -0.22949910903097395 0.999944 -0.00197337 0.0104305 0.000504928
1636512906.917311 -1.0122611036856028 0.008417589244410776 -0.19632024063725248 0.999927 -0.00201394 0.0118809 -0.000534886
1636512906.983567 -1.00987250689251 0.008854970343770351 -0.16328315182190595 0.999904 -0.0019529 0.0136769 -0.00132905
1636512907.050599 -1.0074835990730078 0.010367751664197261 -0.12980356816683564 0.999873 -0.00180037 0.0157431 -0.001806
1636512907.117628 -1.0048304324852364 0.011691825169258664 -0.09591828360532823 0.999837 -0.00173653 0.0178738 -0.00198576
1636512907.184686 -1.0015750894485673 0.013347904122467395 -0.06275916319963037 0.999796 -0.00187404 0.0199978 -0.00188157
1636512907.251661 -0.9977942044664884 0.014492624094346662 -0.02912329056219015 0.99975 -0.00222775 0.0221534 -0.00179331
1636512907.318588 -0.9950782115556366 0.014924915554565703 0.005322915354414329 0.999698 -0.00261168 0.0243991 -0.00161641
1636512907.385549 -0.9918413564419181 0.01639859324795225 0.03939079251881875 0.999643 -0.00273421 0.0265548 -0.00147747
1636512907.452678 -0.9886404964817725 0.01767145436158543 0.07359463958541046 0.999584 -0.00287573 0.028631 -0.00171379
1636512907.519603 -0.985342110236897 0.019161439662709563 0.10769629997814634 0.999522 -0.0029999 0.03073 -0.00170536
1636512907.586654 -0.9815402217084824 0.0198874131202905 0.14187094195019156 0.999456 -0.00313904 0.0327922 -0.00175582
1636512907.653583 -0.9774768728995168 0.02203457690300196 0.17600251545227058 0.999385 -0.00307262 0.0348707 -0.00209581
1636512907.854330 -0.9661169067703522 0.02345754841479446 0.27807437734894225 0.999136 -0.00227941 0.0414035 -0.00265262
1636512907.921405 -0.9611579469089158 0.025051202602856773 0.3118504333892501 0.999041 -0.00198942 0.0436706 -0.00231032
1636512908.055370 -0.9520197445737472 0.026918871661653288 0.3801093900888664 0.998832 -0.00178901 0.0482469 -0.00213916
1636512908.122393 -0.9471822294444402 0.02646977570761127 0.41314372638581187 0.998717 -0.00141024 0.0505579 -0.00231187
1636512908.189395 -0.9418805570707391 0.027770733385849025 0.445924117439253 0.998593 -0.000749223 0.0529491 -0.00290889
1636512908.256308 -0.9373515592808612 0.02938269989355611 0.47913793857796716 0.998452 -0.000334516 0.0555319 -0.00325438
1636512908.323375 -0.9356790317511177 0.026813834777596912 0.513811632679262 0.998298 -0.000484055 0.0582305 -0.00327618
1636512908.390574 -0.9264155325234473 0.03143918253533286 0.5454270759455762 0.998184 -2.31076e-05 0.0601554 -0.00305856
1636512908.457335 -0.9180580397156854 0.036373902440976956 0.5774049090421026 0.998056 0.000684554 0.0622476 -0.00288024
1636512908.658386 -0.9020824075918439 0.03708992081345937 0.6763789567329306 0.997536 0.00112498 0.0700391 -0.00390243
1636512908.725230 -0.8961626205050437 0.03728212392652394 0.7091480901333274 0.99735 0.00109517 0.0725987 -0.0046504
1636512908.859177 -0.895533375547575 0.03203821598721006 0.7821254639582128 0.996871 0.00101325 0.0788216 -0.00577652
1636512908.926242 -0.8803125452770794 0.03449509587420665 0.8083984512837079 0.996698 0.0014049 0.08096 -0.00603759
1636512908.993340 -0.8660851418920601 0.0378196394648391 0.8361081991003492 0.996507 0.00186122 0.0832921 -0.00579671
1636512909.060236 -0.8528749957305224 0.04220509303816049 0.8657673099694948 0.996308 0.00220186 0.0856385 -0.00553351
1636512909.127257 -0.8420509704673305 0.043587492216078494 0.8986876213251183 0.996082 0.00204249 0.0882279 -0.00566586
1636512909.194021 -0.8324715555812366 0.04539940591988688 0.9312584473538014 0.995833 0.00173939 0.0909944 -0.0057312
1636512909.261111 -0.8245138543038234 0.049983816135409975 0.9650205824869692 0.995567 0.00166584 0.0938727 -0.00561793
1636512909.328135 -0.8177954307019375 0.054526801288610066 0.9968657473938265 0.995291 0.00172805 0.0967555 -0.00550016
1636512909.395172 -0.819102830554604 0.042589213110020785 1.0363826358861106 0.994934 0.000568834 0.10036 -0.00580152
1636512909.462752 -0.8050162508561167 0.0432131542400146 1.0685552549514892 0.994668 0.000286734 0.102959 -0.00585878
1636512909.529180 -0.7912989528778086 0.04475394157180093 1.0986281539392402 0.994391 0.000110992 0.105622 -0.00560792
1636512909.596309 -0.7772275138210725 0.046270959127256 1.125038101111198 0.994134 -2.27753e-05 0.108007 -0.00575151
1636512909.662977 -0.7700724234151745 0.05067063224595764 1.164067296538616 0.993815 0.000521162 0.110902 -0.00566759
1636512909.729923 -0.7622485459921844 0.05378373985128831 1.1961042254119956 0.993498 0.000950519 0.11372 -0.00540251
1636512909.796843 -0.7551645187994994 0.05093056998109779 1.22978899262256 0.993158 0.000785681 0.116649 -0.00538667
1636512909.864007 -0.7452954786357681 0.05169923960210797 1.2615942164047214 0.992826 0.000863454 0.119439 -0.00553281
1636512909.931033 -0.7362124469234799 0.05164036755840278 1.294767826975036 0.99249 0.000721664 0.122179 -0.00591382
1636512909.998038 -0.7266499279241709 0.05250722755999868 1.3274580744562319 0.992162 0.000845351 0.124812 -0.00607119
1636512910.065135 -0.7175212796048822 0.05363663648750861 1.3601351021768426 0.991835 0.00105047 0.127356 -0.0065584
1636512910.132097 -0.707803318101811 0.0538438759384214 1.3922294423252644 0.991522 0.00122679 0.129737 -0.00715792
1636512910.198966 -0.697499346146219 0.05467971594824449 1.424067234066292 0.991211 0.00142956 0.132079 -0.0072738
1636512910.265975 -0.6867606271604406 0.05636660640020919 1.45563850451519 0.9909 0.00145332 0.134393 -0.00731276
1636512910.399708 -0.6672652753311941 0.05825758150471902 1.5212555611208645 0.990358 0.00106406 0.138338 -0.00729875
1636512910.467592 -0.6565253584320434 0.059149721960092966 1.5535052194889305 0.990105 0.00108753 0.140143 -0.00714363
1636512910.534016 -0.6448071686194132 0.059381062958987034 1.5842625601891127 0.98984 0.00128245 0.141986 -0.00738379
1636512910.668039 -0.6238219726335434 0.0619372716135668 1.6470452721281075 0.989256 0.00212369 0.14598 -0.00766068
1636512910.735021 -0.6131383969449167 0.06308188397610262 1.6785581306635131 0.988997 0.0023121 0.1477 -0.00803724
1636512910.801857 -0.6026856760963768 0.06368652449414568 1.7093900262318118 0.98872 0.00243432 0.149521 -0.00842314
1636512910.868711 -0.5913381020876554 0.06530498306833857 1.7403878729154103 0.988442 0.00260603 0.151327 -0.00875701
1636512910.935908 -0.5797858702654592 0.06603134358278415 1.7714378316874861 0.988152 0.00257193 0.153191 -0.0089953
1636512911.003065 -0.568481798866034 0.06703924798981044 1.802992108409887 0.98785 0.00248945 0.155128 -0.00897756
1636512911.069920 -0.5570303452298665 0.06783512554418304 1.8349602884236398 0.987554 0.0023329 0.157009 -0.00892881
1636512911.136773 -0.544661725270307 0.06775224362132704 1.8663122194532613 0.987254 0.00224763 0.158897 -0.00872135
1636512911.203784 -0.5317567122873146 0.06759530203038092 1.8965627856994234 0.986919 0.00233511 0.160968 -0.00860405
1636512917.098582 1.5028637872056916 0.09281476733689033 3.648523498821162 0.749019 0.00640615 0.661924 -0.0280263
1636512911.337736 -0.5079795669958586 0.0695448895119099 1.9596669718306348 0.986187 0.00259167 0.16537 -0.00902014
1636512911.404799 -0.49536307596710516 0.07041879612418929 1.9907484136386315 0.985835 0.00268306 0.167451 -0.00902021
1636512911.471780 -0.4826508163336066 0.07027944697831728 2.0214910217835707 0.985427 0.0025997 0.16981 -0.00952762
1636512911.538751 -0.4699524756246958 0.07093993578650863 2.0521810150569304 0.984987 0.0025258 0.172316 -0.0100854
1636512911.672763 -0.44371487025230816 0.07168321432959018 2.1141573031940886 0.984047 0.00233722 0.177587 -0.0104217
1636512911.806592 -0.4162064845318031 0.07273447890943956 2.1762188190709963 0.983028 0.00297881 0.183161 -0.00996737
1636512911.873749 -0.40109512387837776 0.07405036875338081 2.205608386482503 0.982499 0.00338709 0.186008 -0.009222
1636512911.940697 -0.38590207019972234 0.0751100912128117 2.2356159895907237 0.981945 0.0034906 0.18894 -0.00854339
1636512912.007627 -0.3717300388213798 0.0763942529572972 2.266431188209747 0.981376 0.00356144 0.19189 -0.00811045
1636512912.074531 -0.35772874492574946 0.0771867250959501 2.2971608092240503 0.980826 0.00348103 0.194701 -0.00778852
1636512912.141578 -0.3430975457982378 0.07756317760596598 2.327215953334455 0.980287 0.00326364 0.197398 -0.00782647
1636512912.208394 -0.32851135897589345 0.07788941875134694 2.3570856652777143 0.979703 0.00307291 0.200264 -0.00821305
1636512912.275519 -0.31394776329511587 0.07847990337739179 2.3865805779702205 0.979042 0.00296416 0.203457 -0.00854647
1636512912.343434 -0.29897402163405173 0.07939879811326789 2.4163534926103494 0.978359 0.00283484 0.206699 -0.00896588
1636512912.476680 -0.26846423974709155 0.08153240067825289 2.4755421141894614 0.976952 0.00273468 0.213226 -0.00956559
1636512912.543582 -0.2514226206619309 0.0825060459924471 2.5036245149719507 0.976224 0.00260746 0.216533 -0.00969756
1636512912.610619 -0.23441913642956347 0.0831953546039025 2.532366794651648 0.975395 0.00245643 0.220236 -0.00969394
1636512912.744492 -0.19939668877126382 0.0847617930659061 2.5890013209775486 0.97357 0.00216112 0.228197 -0.00908806
1636512912.811330 -0.18200350202135218 0.08549062190075568 2.6174955698340443 0.972605 0.00189276 0.232284 -0.00890059
1636512912.878427 -0.1635222275046968 0.085670473277443 2.6456170367315988 0.971622 0.00166047 0.236375 -0.00867321
1636512912.945405 -0.1445273970774128 0.0862629765591452 2.673257042473026 0.970586 0.001488 0.240592 -0.0086965
1636512913.012350 -0.12615061137213446 0.08683483447010965 2.7011663485651924 0.969469 0.00122009 0.245052 -0.00878774
1636512913.079515 -0.10747905963819293 0.08690669859100614 2.7291277476573845 0.968296 0.000952041 0.249648 -0.00878591
1636512913.147500 -0.088554938896789 0.08797408853575718 2.75657596693211 0.967101 0.00079249 0.254236 -0.00883847
1636512913.213315 -0.06800897343699552 0.08870807329648092 2.7830576448555977 0.96587 0.000568119 0.258881 -0.00872128
1636512913.280209 -0.047340383878606174 0.08926491979938246 2.8093951314594925 0.964515 0.000303067 0.26389 -0.0085503
1636512913.414115 -0.006852517587001783 0.08933495410918628 2.863648137020936 0.961499 0.000195382 0.274677 -0.00846307
1636512913.481241 0.013990534931863419 0.0906547471551489 2.8903392882625454 0.959966 0.000540818 0.279985 -0.00860509
1636512913.548393 0.03539619399681593 0.09221569007717445 2.916023641500563 0.958403 0.000692406 0.285274 -0.00901637
1636512913.615234 0.05702600995356977 0.09288649136990922 2.941770732926173 0.956731 0.000733005 0.290826 -0.00928241
1636512913.682222 0.07906186537697413 0.0939573286223054 2.967727199697744 0.954976 0.000808339 0.296526 -0.009579
1636512913.749299 0.10079791145324934 0.09455305584895685 2.993748373258934 0.953205 0.000743383 0.30216 -0.00998058
1636512913.816232 0.12262438668032694 0.09533284287566574 3.019451059428024 0.951416 0.000727436 0.307739 -0.0101653
1636512913.883152 0.145622931545611 0.096869485079193 3.0447951084173006 0.949656 0.000657294 0.313122 -0.0103542
1636512913.950856 0.1681448699351047 0.09686768226109023 3.070101401445574 0.947819 0.000404284 0.318625 -0.0108308
1636512914.017025 0.1911742762555988 0.09634579014355965 3.0946730658822807 0.945926 0.000337669 0.324185 -0.0112757
1636512914.084202 0.21428813455260465 0.09718789991628504 3.118754521861167 0.943966 0.000632535 0.32984 -0.0115125
1636512914.218071 0.2620494376160707 0.09882797565264012 3.1661700913459665 0.939888 0.000949058 0.341271 -0.0119878
1636512914.285089 0.28610703747415767 0.09930498977976544 3.189888543908689 0.937733 0.00104545 0.347144 -0.0120747
1636512914.352277 0.3109884373647469 0.10027339797892303 3.212401795335355 0.935547 0.00118157 0.352985 -0.0122995
1636512914.419168 0.3356826986489707 0.10175252394670198 3.235211460502751 0.933236 0.000995033 0.359023 -0.0131229
1636512914.485919 0.36064627948934946 0.10187934084276443 3.2579947965349034 0.930787 0.000520379 0.3653 -0.0138362
1636512914.553133 0.38616489098997886 0.10205150610384957 3.280301449786614 0.928203 0.000196173 0.371785 -0.0146688
1636512914.619969 0.4116025461911066 0.10116558019642131 3.3017035168595243 0.925439 -0.000110951 0.378568 -0.0157873
1636512914.754130 0.46440481725482696 0.1013323039262832 3.341531711801168 0.919312 0.000129506 0.393117 -0.0180289
1636512914.821110 0.4911695359019741 0.10227262641382975 3.3606516595136147 0.915945 6.34459e-05 0.400852 -0.0190171
1636512914.887979 0.5183034823292598 0.1019052128297934 3.3798559535709356 0.912427 -9.0205e-05 0.408772 -0.019571
1636512914.955001 0.5457259482775476 0.10146131984637935 3.3984445281542444 0.908804 0.000341422 0.416762 -0.0196258
1636512915.025151 0.5736038799158187 0.1013396484974945 3.4155951464673917 0.905141 0.000989833 0.424646 -0.0198732
1636512915.088803 0.6018618395922972 0.10140966212856886 3.431944483763309 0.901384 0.00181793 0.43256 -0.0198665
1636512915.155810 0.6302056111147374 0.10259087914157883 3.4479924628358383 0.897555 0.00256688 0.440448 -0.0198334
1636512915.222744 0.658514715121393 0.10364638002253229 3.4639130384240593 0.893712 0.00234803 0.448152 -0.0208178
1636512915.356823 0.7160798314970389 0.1042742861923992 3.495655240738575 0.88558 0.000970509 0.463888 -0.0235508
1636512915.424034 0.745115090994769 0.10436237283127475 3.510672082882376 0.881346 0.000471821 0.471836 -0.0244984
1636512915.490890 0.7749811348111371 0.10354271332232158 3.523938197473481 0.877098 0.000374004 0.479661 -0.0249822
1636512915.557938 0.8054390333496979 0.10303148372165594 3.5359111255357796 0.872765 0.00105403 0.487488 -0.0251954
1636512915.625016 0.8358246131361342 0.10273023506725967 3.5470370072420643 0.86824 0.0023422 0.495522 -0.0247286
1636512915.691658 0.8664121474561872 0.10250829554440197 3.5566242763924816 0.863698 0.00350397 0.503409 -0.0243586
1636512915.758707 0.897171194547403 0.1023254120733118 3.565693439364147 0.858969 0.00448358 0.511435 -0.0242272
1636512915.825674 0.9278521919827409 0.10227681369241003 3.574638101294435 0.854022 0.00536419 0.519652 -0.0240724
1636512915.892663 0.9580771697985062 0.10199796661658414 3.5839993117913 0.84896 0.00581576 0.527866 -0.0243126
1636512915.959720 0.988428650326848 0.10241796132582687 3.592923875413952 0.843896 0.00613375 0.535899 -0.0248014
1636512916.026685 1.0189784892992901 0.10210463390698417 3.601173956967445 0.838842 0.0063352 0.54376 -0.0250724
1636512916.093738 1.0492143723445138 0.10159363432346272 3.6083135460219777 0.833739 0.00659767 0.551542 -0.0252481
1636512916.160741 1.0795025525040036 0.1012791698930972 3.6142829153180824 0.828541 0.00703774 0.559312 -0.0253111
1636512916.227899 1.1099885548744604 0.10132589959731539 3.6197725059479353 0.823139 0.00747083 0.567223 -0.0253955
1636512916.294709 1.1406773440243119 0.10082480956326093 3.625429940628566 0.817565 0.00763538 0.575225 -0.0254088
1636512916.361557 1.1711963586170653 0.10013481554043448 3.6309825250694936 0.811966 0.0077049 0.583099 -0.0254401
1636512916.428432 1.201478952047438 0.09992718087511727 3.6359300666390153 0.806464 0.00744285 0.590668 -0.0259171
1636512916.495753 1.231849075117219 0.0993481581376833 3.640133196709999 0.800976 0.00703765 0.598072 -0.0264136
1636512916.562559 1.2619034910183364 0.09862981671331983 3.6437222693705085 0.795325 0.00676628 0.605555 -0.0267503
1636512916.629735 1.2921603788684823 0.09806900406294065 3.6468548327514734 0.78961 0.00638918 0.612974 -0.0271785
1636512916.696584 1.322618080818215 0.09739659580143313 3.6493986960806453 0.783907 0.00633821 0.620248 -0.027257
1636512916.763768 1.3526386034590003 0.09607154749776173 3.6503466031581064 0.778305 0.00664508 0.627274 -0.0269289
1636512916.830565 1.3827416864456454 0.09544767409812623 3.650552562885409 0.772663 0.00689261 0.63421 -0.0268637
1636512916.897418 1.4125436136928065 0.09419067262921718 3.649863036385348 0.766908 0.00709568 0.641161 -0.0267231
1636512916.964592 1.4427014003490393 0.09396562612505008 3.6495968543139936 0.761029 0.00734011 0.648122 -0.0268129
1636512917.031389 1.4726385709302736 0.09372266868649952 3.64890402963144 0.755112 0.0070842 0.65499 -0.0272668
1636512911.270810 -0.519795070492764 0.0688855155895595 1.928160392195826 0.98655 0.00250134 0.163201 -0.00879256
1636512917.165421 1.5327898615409294 0.09218437407360167 3.648136134933607 0.742741 0.00576021 0.668913 -0.0292836
1636512917.232551 1.5617496236712238 0.09179276186382003 3.647179155616341 0.736402 0.00516423 0.675816 -0.0309634
1636512917.299483 1.5909190064259273 0.09147772712476387 3.645385706866098 0.730107 0.00480188 0.682542 -0.0325013
1636512917.433645 1.6489168565148529 0.09016500825997349 3.6341350231650535 0.717269 0.0059799 0.696049 -0.0317124
1636512917.500436 1.6779484750066649 0.08954150728836265 3.627988002225679 0.710377 0.00635161 0.703131 -0.0305124
1636512917.635205 1.736207612686125 0.08675637895733566 3.615355093541221 0.696561 0.00735665 0.716885 -0.0287381
1636512917.701312 1.76395777262764 0.08606009675919273 3.6084976783375 0.689595 0.00759594 0.723576 -0.0289619
1636512917.902323 1.8451680007275177 0.08335689390506154 3.585350550160866 0.668015 0.00796234 0.743488 -0.0302995
1636512917.969398 1.8725419736451507 0.08246453665875797 3.576572159800202 0.660699 0.00810734 0.749977 -0.030743
1636512918.103267 1.9259825346938748 0.08158222028863861 3.556146410865714 0.645498 0.00880014 0.7631 -0.0305402
1636512918.170201 1.9530218016127145 0.08076571943828352 3.5456576899811005 0.637784 0.0088779 0.769574 -0.0301545
1636512918.237098 1.9801957908496797 0.07963490930510453 3.534657531579822 0.630195 0.00892876 0.775812 -0.0298456
1636512918.304371 2.0069920095637475 0.07818930835348487 3.523031427483039 0.622615 0.00895706 0.781911 -0.0297749
1636512918.371356 2.0333366540278366 0.07705999365129164 3.5111237173796637 0.615027 0.00899487 0.787878 -0.0301489
1636512918.438363 2.0589664346926835 0.07592437670750793 3.498490831117847 0.607359 0.00918812 0.793799 -0.0302319
1636512918.572299 2.1120909663190615 0.0743526688886225 3.4733613542405877 0.592317 0.0100599 0.805091 -0.029815
1636512918.639224 2.138157380351204 0.07364168609404542 3.459532329567876 0.585355 0.0107709 0.810168 -0.0295231
1636512918.706134 2.163973077395708 0.07317580757218481 3.445324886228045 0.578494 0.0112435 0.815077 -0.0294597
1636512918.773068 2.1896207559035763 0.07226500304281458 3.431045976621612 0.571544 0.0111384 0.819961 -0.0296237
1636512918.840033 2.2156170155679686 0.07150682549523997 3.417184962638556 0.564365 0.0106426 0.824908 -0.0300949
1636512918.907196 2.2415703268550633 0.07084566294941835 3.4028673806349508 0.557256 0.0100922 0.829717 -0.0305618
1636512918.974103 2.2670963019781336 0.06974755877508718 3.387496934630514 0.550261 0.00972959 0.834366 -0.0308447
1636512919.042751 2.292553541143957 0.06885493851578792 3.371728053893968 0.543207 0.00963329 0.838968 -0.0310866
1636512919.108037 2.317541314777744 0.06777756067371188 3.3552985225663257 0.536154 0.00998867 0.84349 -0.0310507
1636512919.175228 2.3415520974768462 0.0670195967112259 3.338035158398035 0.529085 0.0105847 0.847941 -0.0308866
1636512919.242047 2.3652370923460864 0.06587272644526176 3.320308705272759 0.521988 0.0109609 0.852333 -0.0306169
1636512919.308900 2.389357739512386 0.06486380724124637 3.302384932971132 0.514794 0.0115257 0.856708 -0.0300985
1636512919.375972 2.4129731930404446 0.06425680037189717 3.2842307989914334 0.507641 0.0119703 0.860977 -0.0295995
1636512919.510122 2.4620606897691726 0.062444927549079224 3.248511459046117 -0.49372 -0.0117606 -0.869044 0.0294194
1636512919.578489 2.485341694235222 0.06189490096405863 3.230041060446299 -0.487109 -0.0119991 -0.872757 0.0295963
1636512919.643898 2.5083504895501254 0.060559812021650006 3.2111136660316677 -0.480632 -0.0117458 -0.876332 0.029951
1636512919.710911 2.5299629653078273 0.058509507447412346 3.191380518276784 -0.473943 -0.0115874 -0.879962 0.0301693
1636512919.778121 2.551549531659808 0.05713670651991839 3.171105075785612 -0.466917 -0.0119692 -0.8837 0.0303355
1636512919.845098 2.5730176489233774 0.056491863953036923 3.1506392934048333 -0.459868 -0.0127081 -0.887377 0.0303575
1636512919.911852 2.5943811834847477 0.05576948481691146 3.1296764120115954 -0.453008 -0.0134587 -0.890892 0.0302253
1636512919.978789 2.615567124542722 0.05510428096186337 3.108250708614437 -0.446305 -0.0141905 -0.894269 0.0298961
1636512920.045885 2.6367108493978666 0.05418847141591464 3.086315102531681 -0.439665 -0.0145363 -0.897559 0.0295255
1636512920.112790 2.6577997974029683 0.05286615329161108 3.064447998911024 -0.432978 -0.0144416 -0.900815 0.0292409
1636512920.179837 2.6792450516976367 0.05186114257512331 3.0425147071979572 -0.426377 -0.0145944 -0.903965 0.0289509
1636512920.246766 2.7007575831727677 0.050355070579250205 3.020672932158325 -0.420107 -0.0146432 -0.906905 0.0286094
1636512920.313808 2.7218130212260556 0.048937910561559154 2.9982259960026987 -0.41432 -0.014663 -0.90957 0.0283904
1636512920.380851 2.7423065794406503 0.0478481555696609 2.9752179112111072 -0.40885 -0.0147872 -0.912044 0.0282738
1636512920.448925 2.7629722085161137 0.04648233258273015 2.9518867662343724 -0.403438 -0.0149431 -0.914455 0.0280265
1636512920.514888 2.782866716439671 0.04490913104799315 2.927979192655454 -0.398157 -0.0154423 -0.916771 0.0276292
1636512920.581696 2.8027471668810224 0.04341230639743344 2.9039179672992703 -0.393058 -0.0161684 -0.918963 0.0273901
1636512920.648726 2.822966206768116 0.04253024412020206 2.880077017720407 -0.388173 -0.0170352 -0.921021 0.0274326
1636512920.715660 2.8433272412645465 0.04199839125526951 2.8560777793170256 -0.38362 -0.0177767 -0.922907 0.0275992
1636512920.782696 2.8632984503764947 0.041424559724592705 2.8322834204287988 -0.379382 -0.0180449 -0.924645 0.0278564
1636512920.916706 2.9043083727951435 0.03867297743264818 2.7849639363762964 -0.371506 -0.0174354 -0.927826 0.0286037
1636512921.050745 2.9457550932187573 0.03673463855686039 2.7372925859742843 -0.364806 -0.0167901 -0.930474 0.0291972
1636512921.117595 2.9658788708696013 0.03505222408395688 2.7130351674727846 -0.361792 -0.0168614 -0.931645 0.0293229
1636512921.184605 2.985526438739363 0.033698325515856935 2.6884097447259383 -0.358818 -0.0172965 -0.932782 0.0294552
1636512921.251608 3.0046606970523735 0.032577896494754274 2.6635013236753844 -0.355909 -0.0178977 -0.933881 0.0295917
1636512921.318543 3.0240492953335365 0.031232000528368508 2.6391132323730444 -0.353037 -0.0182543 -0.934957 0.0298013
1636512921.452592 3.064647705535091 0.029935298802613128 2.590991873549358 -0.348177 -0.0179841 -0.936762 0.0304368
1636512921.519619 3.084854651365004 0.02893188525789016 2.5668403333350573 -0.346117 -0.0173411 -0.937527 0.0307424
1636512921.586731 3.1051122887790745 0.027919332057397925 2.542482067179803 -0.344071 -0.0166593 -0.938284 0.0310004
1636512921.653520 3.124737152142142 0.02687705089853957 2.517877861388365 -0.341993 -0.0163826 -0.939047 0.0310356
1636512921.720592 3.1449437584383055 0.02608311066588342 2.493176539043958 -0.340104 -0.0166063 -0.939734 0.0308759
1636512921.787431 3.1649505803432985 0.024484113259619116 2.4680309223192847 -0.338572 -0.0171807 -0.940288 0.030546
1636512921.921550 3.2030536751944134 0.022208653466167717 2.4180314453415135 -0.336266 -0.0188192 -0.9411 0.0300314
1636512921.988629 3.222550271515136 0.0206941866233133 2.3934804989832466 -0.335419 -0.0195648 -0.941397 0.0297352
1636512922.122532 3.261691822172032 0.01888364492131648 2.345719070931225 -0.334931 -0.0206728 -0.941549 0.0296487
1636512922.189569 3.28171215442371 0.017541360565981722 2.322439327209936 -0.335233 -0.0204872 -0.941444 0.029702
1636512922.256527 3.3014458803159754 0.01636200973096785 2.2992183679416884 -0.335792 -0.0200184 -0.941249 0.0299036
1636512922.323280 3.3215402100428406 0.015329952035509284 2.276678535609811 -0.336398 -0.0192583 -0.941038 0.0301956
1636512922.457327 3.3613675213273133 0.01340627486838037 2.2312191713781204 -0.337971 -0.0172564 -0.940501 0.0305962
1636512922.524408 3.3806132896750176 0.012350856765796534 2.2083095262158166 -0.338672 -0.0166701 -0.940269 0.0302844
1636512922.658383 3.4151675323136184 0.009543116185019102 2.163059130515915 -0.339558 -0.016829 -0.940009 0.0282944
1636512922.725407 3.430972607405476 0.007659010832066125 2.1417511779832514 -0.339587 -0.0175865 -0.940024 0.026955
1636512922.792387 3.445921290382997 0.005814724409179434 2.1218136356680164 -0.339584 -0.0184365 -0.940036 0.0259822
1636512922.859482 3.4594667627464126 0.004100106411469781 2.1033922433387713 -0.339628 -0.0189447 -0.94002 0.0256429
1636512922.926170 3.4725607248324777 0.0029715144650717326 2.0868352446681206 -0.339561 -0.0191285 -0.940035 0.0258339
1636512922.993299 3.4848187093285334 0.0020509563441096224 2.0719942053184086 -0.339458 -0.0187704 -0.940067 0.0262632
1636512923.060627 3.497510792534821 0.001278460841029512 2.0587671937520065 -0.339325 -0.0179426 -0.940114 0.0268696
1636512923.128662 3.509283953578316 0.00043299084661749254 2.0463527041663463 -0.339351 -0.0171528 -0.940101 0.0274927
1636512923.194279 3.5194330002201815 -0.00027705774763928104 2.0350106826876084 -0.33947 -0.0166673 -0.940049 0.0281065
1636512923.261331 3.5287573945796247 -0.000442580920757836 2.0242958995110993 -0.339539 -0.016596 -0.940011 0.0285928
1636512923.328398 3.5364467160755506 -0.0009060624972227344 2.0139169902663383 -0.33962 -0.016896 -0.939972 0.0287381
1636512923.395232 3.543778613547828 -0.0011990268476788912 2.0045320720723945 -0.339508 -0.017333 -0.940006 0.0286718
1636512923.462346 3.550523464543535 -0.001298067211581308 1.996123273157643 -0.33937 -0.0178452 -0.94005 0.0285543
1636512923.529158 3.5565352791149802 -0.001609585182924228 1.9888570493188626 -0.339265 -0.0181186 -0.940087 0.0284113
1636512923.596148 3.5617577289851794 -0.0018757400904641786 1.98295896833155 -0.339219 -0.0181596 -0.940105 0.0283584
1636512923.663095 3.566254002720632 -0.002101654029334689 1.9781739007824708 -0.339177 -0.0180576 -0.940122 0.0283613
1636512923.730125 3.570398791655505 -0.002345199261680482 1.9745787701665427 -0.339073 -0.0178729 -0.940162 0.0283809
1636512923.797078 3.5731952162879526 -0.0023190738063141175 1.9719758599652502 -0.339027 -0.0177408 -0.940181 0.0283999
1636512923.864074 3.574615073048361 -0.0025143811049312403 1.9706178020973075 -0.338953 -0.0176902 -0.940209 0.0283763
1636512923.931020 3.5749711496549197 -0.0023744448780614394 1.9702092911583649 -0.338938 -0.0177525 -0.940213 0.0283712
1636512923.998107 3.5746005940897554 -0.002690699303443421 1.9707641987736153 -0.338947 -0.0178302 -0.940208 0.0283702
1636512924.065012 3.573956441137311 -0.0032486311530239217 1.971534238442386 -0.338994 -0.0179684 -0.940179 0.0286921
1636512924.198931 3.5723919904782178 -0.0033828278262140327 1.9723775471354954 -0.339159 -0.0183415 -0.940071 0.0300281
1636512924.333637 3.572400173840371 -0.0024492115701624864 1.9723673569464375 -0.339043 -0.0183292 -0.940109 0.0301559
1636512924.399939 3.5730345267548436 -0.0029481523947884267 1.9725205831209243 -0.339006 -0.0181811 -0.940133 0.0299132
1636512924.537220 3.5724111642186633 -0.003421162792355055 1.972491054378335 -0.339124 -0.0182103 -0.940086 0.0300222
1636512924.601059 3.5724299657847194 -0.0031631060121015894 1.972554815771296 -0.339067 -0.0182798 -0.940104 0.0300705
1636512924.667933 3.572504206108155 -0.0031942046713455546 1.9723971673432459 -0.339056 -0.0182782 -0.940111 0.0299833
1636512924.734834 3.5725717394398977 -0.0032465960124480678 1.9724403229996934 -0.339075 -0.0182742 -0.940105 0.0299291
1636512924.801860 3.572482077420114 -0.0031957250934041975 1.972342167181544 -0.339114 -0.0182804 -0.94009 0.0299663
1636512924.936226 3.572498383544262 -0.003278363952585746 1.9725152690511807 -0.339078 -0.0182398 -0.940105 0.0299509
1636512925.002922 3.572506307988206 -0.0031573850936448336 1.9723220146815303 -0.339129 -0.0182384 -0.940087 0.0299344
1636512925.069927 3.5725598893661705 -0.0032958535458978144 1.972306562996243 -0.339141 -0.0181847 -0.940085 0.029898
1636512925.137119 3.5724013011513005 -0.003209252900778857 1.972284568427827 -0.339125 -0.0182077 -0.94009 0.0298947
1636512925.203773 3.5724884083156248 -0.0033999203782729 1.9723350586628574 -0.339105 -0.0181544 -0.9401 0.0298436
1636512925.271596 3.572315669441503 -0.003570011625018521 1.9721953934579468 -0.33914 -0.0181442 -0.940089 0.0297814
