1604566970.61808 -0.00399600546598937 0.56927727275486 0.0135513442114683 0.999991396356441 -0.000854836922402951 0.000529580965884359 0.00402442678315626
1604566971.11713 -0.0248054445483109 1.26675783586342 0.0238368048864175 0.999917090915396 -0.00315550813930628 0.000629658133812735 0.0124682634841222
1604566971.61619 -0.0520346665913713 2.02842880111008 0.0206278473603966 0.999687621194863 -0.00248281438514644 0.00179010544006176 0.0248050636967321
1604566972.11559 -0.110503891735726 2.81833965434054 0.0267089356429237 0.999273028361627 -0.00433550215090201 0.00318892495985409 0.037741872869313
1604566972.61517 -0.18833794600967 3.63932627686825 0.0358289405485842 0.998728219247181 -0.00412155955580645 0.00347867079204254 0.0501283919122016
1604566973.11474 -0.285832676456094 4.49224531904751 0.057399361272633 0.998007816106432 -0.0042765179811605 0.00256140117103716 0.0628931602677735
1604566973.61433 -0.39427471175227 5.34795359742334 0.104398986553791 0.997074710986025 -0.00335351839661406 0.000449734568849484 0.0763581846648827
1604566974.11425 -0.536914536536651 6.19791998708321 0.120199918124995 0.995401696564439 -0.00277959100183738 0.000180274767228113 0.0957481271436009
1604566974.61383 -0.739029986371838 7.04569863719782 0.109429005849243 0.992209199494943 -0.00485838126921901 -0.000432627519324366 0.124487402585471
1604566975.11342 -0.977311196308394 7.88096984450827 0.105233839822979 0.987922798563936 -0.00350621231934927 -0.000944290809792927 0.154904353933772
1604566975.61313 -1.26316349221855 8.69045623259717 0.115453825514425 0.982061885850957 -0.00250882714841772 -0.00163513358035128 0.188535101462235
1604566976.11323 -1.61723661428186 9.49276044624015 0.106395760893895 0.975182427913722 -0.000897918511623937 -0.0031545030554895 0.221378578776534
1604566976.61332 -2.04844069979483 10.2724214209126 0.0766398737445887 0.967062084970387 -0.0019528160173914 -0.00464201488509003 0.254490789656791
1604566977.11308 -2.5079790193523 10.9951878029424 0.0494806544762704 0.956286562514794 -0.00223080948767283 -0.00439895039557564 0.292389608362003
1604566977.61285 -3.00668985929219 11.6635348742396 0.0232436660463331 0.942034302240413 -0.00326734586016251 -0.00258855492648606 0.335490681296577
1604566978.11258 -3.55252052903634 12.2474534645691 0.00779226357923472 0.923234378881102 -0.00554952723544184 -0.00266263508032117 0.384187968023358
1604566978.61217 -4.14027957631801 12.7478411803554 0.00379866179196214 0.900505057458199 -0.00659488061018175 -0.00309705173603137 0.434784495253093
1604566979.11157 -4.76430112243371 13.1723305866382 -0.00480200731206762 0.874832289498036 -0.00713640950376617 -0.00234906784012072 0.48436764837394
1604566979.61117 -5.42842047732057 13.5128002780152 -0.0183964142209651 0.846531354710216 -0.0106779195116188 -0.00313075027950019 0.532222553007741
1604566980.1109 -6.13509383389646 13.7830028963588 -0.0321210456088215 0.814697993526008 -0.0126739424140635 -0.00434972550659668 0.57973065333515
1604566980.61045 -6.88832581508933 13.9909770894757 -0.0284155398811484 0.780909938902203 -0.00946195475341338 -0.00477437023801069 0.624553715964314
1604566981.11004 -7.67289336758467 14.0930699327443 -0.0491830044088312 0.746964529911584 -0.0128908998525107 -0.008297905935245 0.664687114748021
1604566981.60976 -8.49440127758477 14.1381060268803 -0.10258035724436 0.71423069385441 -0.0141203658287579 -0.00917832217806842 0.699707717284228
1604566982.10988 -9.31638024708377 14.1238377963203 -0.131508271815379 0.684340724123057 -0.0124820336656191 -0.00760221215874373 0.729015897297579
1604566982.6103 -10.114212677193 14.0295216201168 -0.131712858160988 0.659439883856778 -0.014690471602222 -0.00679019827763133 0.751583077796736
1604566983.11075 -10.9265314756038 13.8823856063423 -0.145991341386755 0.639117924016249 -0.016923556304141 -0.00766559073421757 0.768884328856998
1604566983.6112 -11.7374395878441 13.7084040033155 -0.174561636978638 0.621884168642996 -0.0156665972730388 -0.007921725426541 0.782912437496915
1604566984.11161 -12.5305935623492 13.5073726577772 -0.19862399856265 0.609019103939288 -0.0152728766194851 -0.00639405962059047 0.792982714993411
1604566984.61189 -13.3223079828984 13.2762284977677 -0.203708264334812 0.599870409431691 -0.0149246092836855 -0.0068835359736406 0.799928349827961
1604566985.1118 -14.1095403356159 13.0331689926471 -0.217205831901241 0.592695155222887 -0.0151549697825322 -0.00609509123712497 0.805261218319261
1604566985.61142 -14.890908864428 12.780124188226 -0.23276001818795 0.581286595632117 -0.0147260734672224 -0.00511110294919882 0.813549576316836
1604566986.11081 -15.655273258086 12.5012152785982 -0.258715598800991 0.567937337924646 -0.0152024923902723 -0.00536248194752489 0.822913912996708
1604566986.60967 -16.4061975906847 12.207912260673 -0.305473589336953 0.553699267543898 -0.0151143897545188 -0.00407127742805416 0.83256957729898
1604566987.10855 -17.1518234386632 11.8801734288117 -0.337342837326073 0.535318988242973 -0.0143183039240956 -0.00220561293568457 0.844525726233864
1604566987.60761 -17.8941605579392 11.4851426034357 -0.342100833586122 0.511396154038532 -0.0147451136651335 -0.00318267647087024 0.859212677879047
1604566988.10703 -18.5964310138717 11.0550433715478 -0.346426056990765 0.474093869023898 -0.0139184268448441 -0.00181140535261217 0.880362425117499
1604566988.60677 -19.2356085896655 10.5607595889388 -0.359213791932577 0.429997989409424 -0.0156158590721663 -0.00138694422207305 0.902693719062571
1604566989.1072 -19.8150583333244 10.0151363255411 -0.37839391347622 0.38514439993182 -0.0168751620299153 -0.00368882297998514 0.922694647590764
1604566989.60817 -20.3619978112096 9.4186424192121 -0.419190740273865 0.339650040662576 -0.0166354640661277 -0.00460724529646122 0.940393473235535
1604566990.10964 -20.8520695990909 8.74558439939997 -0.443107449419006 0.291333705529303 -0.0164775986568245 -0.00473421454664378 0.956467849944627
1604566990.61147 -21.2724059955323 8.01182941387867 -0.444436526033051 0.242798235249616 -0.0168980229149735 -0.00190943009464511 0.969927743627303
1604566991.11312 -21.6112924682674 7.26421969405663 -0.448622025916911 0.193060084695909 -0.0197097281271867 0.00163917006791195 0.980987585770508
1604566991.61458 -21.8331054874257 6.52499600621013 -0.454549218125603 0.13743037132585 -0.0261001136419429 -0.00290952737205158 0.990163224804672
1604566992.11537 -21.9774804679645 5.78711333684496 -0.461348808446837 0.0752898142430635 -0.0305064985460111 -0.00255294945984763 0.996691667401089
1604566992.6158 -22.01044274337 5.0223905948213 -0.430730309394746 0.0118778306780521 -0.0275818323453401 -0.00649520807048542 0.999527874516253
1604566993.11607 -21.957996740146 4.28105725210384 -0.409468273001342 0.0559407130509543 0.0281533696963873 0.00749473047300589 -0.998008944555722
1604566993.61616 -21.8135226274736 3.54550227387684 -0.369433784971119 0.125282396622168 0.0272928253770653 0.00799277792263378 -0.991713435565246
1604566994.11557 -21.5783166084526 2.84473211812113 -0.349309682591408 0.196342210275548 0.0263125471552717 0.00596217679221751 -0.980164189702018
1604566994.61481 -21.2378577633233 2.19542450623534 -0.358766129749267 0.266538322433154 0.0254149447072198 0.00600668883882012 -0.963470457745977
1604566995.11403 -20.8049738872331 1.60287050362914 -0.350288877013718 0.334673560261149 0.0241175360495437 0.00557390101519015 -0.942008961817508
1604566995.61342 -20.2882850042801 1.08530189632723 -0.332537395559546 0.402160877883978 0.0243653605518504 0.00564918968645706 -0.915227318298931
1604566996.11319 -19.7021777902296 0.644327379641512 -0.324445755616777 0.466856286146293 0.0246338928801906 0.00520278272647102 -0.883974722748993
1604566996.61309 -19.057935424432 0.294943507634865 -0.345795104141605 0.528294312913791 0.0244705251883359 0.00561306084789344 -0.848690052897918
1604566997.11389 -18.3484270558967 0.0174560423409096 -0.3594435630217 0.580308639574955 0.0243543885830842 0.00470653182048432 -0.814018792872518
1604566997.61538 -17.57252802491 -0.177594615088643 -0.360198900742057 0.622313880346215 0.0227088800217351 0.00707463866535358 -0.782406346206592
1604566998.11703 -16.7754898382445 -0.304868336860328 -0.362778972157183 0.654201346156586 0.0213041669610549 0.00753781469472034 -0.755982746169934
1604566998.61883 -15.9631029556237 -0.372364777945748 -0.381953564140437 0.677951893328908 0.02152279631619 0.00711221214189897 -0.734756705317433
1604566999.12064 -15.1367042511901 -0.394029456930934 -0.387420688410629 0.694453428144596 0.0196008093479152 0.00792875096098561 -0.719226931725533
1604566999.6216 -14.3117012824773 -0.397032113861469 -0.383675432783167 0.706118185214729 0.0179335878505571 0.00844365147929941 -0.707816501422198
1604567000.12222 -13.481412811599 -0.385356369634367 -0.38339829709825 0.713113969964828 0.0181625832932695 0.00928982925149271 -0.700751229382864
1604567000.62249 -12.6334469927312 -0.366599926218669 -0.372469852731271 0.714477857536233 0.0169879728768146 0.00994594595987661 -0.699381067821352
1604567001.1224 -11.7946471080823 -0.358316272349959 -0.356062674738551 0.712645557334993 0.0176222174757511 0.0090946176272863 -0.701243934014511
1604567001.62128 -10.9623658425426 -0.352466481631299 -0.328087987591901 0.707446781244053 0.0169691156930059 0.00955920419491314 -0.70649821120452
1604567002.11965 -10.1396412974433 -0.366070646960381 -0.294576916865504 0.699618155182696 0.0169001482621885 0.0103340297671304 -0.714242276651452
1604567002.61821 -9.31459680800142 -0.41421792777773 -0.255515762023795 0.689978467165037 0.0181120769732771 0.00811510761806845 -0.723557746516922
1604567003.11742 -8.49708424196131 -0.472586581265009 -0.224037228498267 0.673077386622188 0.0174461446744019 0.00939095822718286 -0.739306616741269
1604567003.61751 -7.68570152971436 -0.57022279589287 -0.200362811244054 0.6487487837522 0.0169801017219155 0.00971197794057231 -0.760751187452269
1604567004.11815 -6.87882565299595 -0.742874139840387 -0.180002557061299 0.62037333650838 0.0179540554584259 0.00841352127647984 -0.78405598518332
1604567004.61929 -6.07407801141176 -0.991077622767341 -0.159413737809095 0.591265239905693 0.0201218385541743 0.00885454205569731 -0.806177477220399
1604567005.12073 -5.27291406444083 -1.27380223402906 -0.133841433729887 0.561047615710259 0.0182779750627017 0.0124822912276954 -0.827487571471105
1604567005.62237 -4.49110109456005 -1.61907227347212 -0.111095607934432 0.528135946165745 0.018111824675122 0.0126401077250965 -0.848872553361957
1604567006.1242 -3.75461685817994 -2.04002444980815 -0.0821836377587587 0.488700374637183 0.0206879862203496 0.0102729868601079 -0.872145868990157
1604567006.6262 -3.0457000474109 -2.50669721608054 -0.0451085157520919 0.447949898381019 0.0185892743135516 0.0137480798541601 -0.893759653218501
1604567007.12769 -2.4000657563276 -3.0425223275679 -0.0198781867921918 0.405535504888588 0.0190089839950155 0.0153691030561917 -0.9137523753586
1604567007.62898 -1.79168315385503 -3.6840279764045 -0.00762659919384328 0.357560932408983 0.0222302024407166 0.0142334768468725 -0.933516687505431
1604567008.1301 -1.18380333730284 -4.47801337069459 0.0132643095217443 0.300473584319697 0.0218190129378719 0.0129572741544031 -0.953452497425529
1604567008.63073 -0.668196877906705 -5.3397037714418 0.0387561788928924 0.240424773928789 0.0202154963146303 0.014268157172613 -0.970352349139704
1604567009.13046 -0.29600192695109 -6.2235088810848 0.0410807539428412 0.18149744981936 0.0209471048840858 0.0121606241990133 -0.983093084974731
1604567009.62988 -0.0363904647093537 -7.13554283688413 0.0169818267717459 0.122925577760287 0.0226193435843807 0.0109273208216157 -0.992097909123778
1604567010.12911 0.133410797446939 -8.1236829905156 -0.00313413602979921 0.0617114418561766 0.0232973478437376 0.0120805112817677 -0.997748962803094
1604567010.62815 0.188942940089174 -9.17795275583478 -0.016848053447802 0.00219975928335548 -0.0256996337983585 -0.0130314313237765 0.999582348623353
1604567011.12724 0.0971525541499987 -10.2599265671128 -0.0453515958659024 0.0695115048378105 -0.0282657550325172 -0.0110790954819084 0.997119075853495
1604567011.62663 -0.158502257125432 -11.3811275049526 -0.0825251846863883 0.140085970531817 -0.0254474838525174 -0.0091805465570652 0.989769702501874
1604567012.1269 -0.580914426165599 -12.5090521030983 -0.11362444055021 0.212361133638467 -0.0235898762195271 -0.0113703066399968 0.976840305672654
1604567012.62734 -1.17928808087295 -13.5763476454083 -0.136267417057384 0.285119132149579 -0.0234647896435296 -0.011438163341387 0.958136552140994
1604567013.12777 -1.91125770273446 -14.5013418777514 -0.164387460072706 0.354713505896505 -0.0232108362892556 -0.00942505460434157 0.934639371179638
1604567013.62838 -2.74582452230437 -15.2852746725851 -0.193490871565556 0.418186855659553 -0.0199005648505628 -0.00909869482956353 0.908097425954177
1604567014.12901 -3.66040287817395 -15.9318328178283 -0.228535151609098 0.479158457220705 -0.0172358959312658 -0.00991028020845837 0.877503209744278
1604567014.62944 -4.63643468849507 -16.4612803515649 -0.282411344522316 0.533114545535601 -0.0170503295254066 -0.0134386624802105 0.845764488467202
1604567015.12969 -5.65331753456932 -16.8446201277931 -0.345033136908645 0.583420849716117 -0.0160114323246511 -0.0105475308902319 0.81194365305947
1604567015.63014 -6.71207670091101 -17.1327631878054 -0.411609081611786 0.634621470887768 -0.0203372692538784 -0.0110632774459064 0.772476270224333
1604567016.13108 -7.82913386349545 -17.2316287022463 -0.45717895548713 0.694081805312631 -0.0173929552850001 -0.00874121319195306 0.719632909080974
1604567016.63187 -8.96869716703658 -17.1377075548035 -0.471990458219721 0.759637601300463 -0.0170734241398212 -0.0124115674292853 0.650003973735984
1604567017.13305 -10.0361368665528 -16.8054153180344 -0.494467646898218 0.825983082408211 -0.0136154372114331 -0.0103449608741014 0.563435488081365
1604567017.6338 -10.9716852413828 -16.2925985939223 -0.519043232185242 0.882514042406559 -0.0119943695469781 -0.0085779594971928 0.470054803895535
1604567018.13408 -11.7310073160972 -15.6284311154106 -0.545427299120698 0.928385264009527 -0.0113706729453887 -0.00604298375709904 0.371396003901553
1604567018.63363 -12.2933580168216 -14.8451117388525 -0.572666002822605 0.962658611907173 -0.00704160144805316 -0.00441602163419297 0.270590671537155
1604567019.1327 -12.6693320732117 -13.9928581666508 -0.583335632338742 0.985408842236424 -0.00407296530106646 -0.00339606036026767 0.170121401857484
1604567019.63194 -12.8675475269911 -13.1101676933359 -0.580245274849117 0.997424730523322 -0.00270368969179296 -0.00319359128572545 0.0715988685471256
1604567020.13099 -12.8919092794038 -12.2583376965602 -0.580459038139119 0.999620595374506 -0.00268541141276365 -0.00107976073139048 -0.0273913852410726
1604567020.63056 -12.7414676335798 -11.4700402005916 -0.58453508768042 0.992287567344143 0.0010786364830634 0.00271209239916897 -0.123922817884356
1604567021.13066 -12.4685080590054 -10.7551563691082 -0.587293037201578 0.976956773896488 0.00353692818721982 0.00598206499526036 -0.213324089064403
1604567021.63126 -12.0854170154344 -10.0938230086664 -0.595833745297181 0.955802892623006 0.00506751381884971 0.00841000794662101 -0.293844214718495
1604567022.13189 -11.5820280037847 -9.49726455005685 -0.589277194551724 0.932908212069785 0.00958585410470277 0.00769146142700063 -0.359904460482164
1604567022.63248 -10.9876352457501 -8.94787794420609 -0.572488551150792 0.910349733262511 0.0115844966202153 0.00661138424325596 -0.413624772209449
1604567023.13326 -10.3252525063722 -8.41345774564403 -0.559599346533714 0.893076016118683 0.0110145427532001 0.00631893648190124 -0.449726561727521
1604567023.6337 -9.6202350389024 -7.89536137914312 -0.558168887446004 0.882646349618154 0.0130592335218246 0.00559746838508269 -0.469822888196443
1604567024.13398 -8.87178650580902 -7.38327591834839 -0.550348655632067 0.878144858257821 0.012345862246491 0.00386712964042643 -0.478219858338282
1604567024.63406 -8.11286392979005 -6.87312059374464 -0.520568676724734 0.881805498184963 0.0110779038709227 0.0036056481149063 -0.471469344409863
1604567025.13415 -7.3523464355846 -6.3383186344523 -0.497809355069576 0.88817594810041 0.0107078704525153 0.00211059874924451 -0.459373891399185
1604567025.6346 -6.60376495102921 -5.77406106523133 -0.490275430460722 0.893862132380901 0.0114394770213746 0.0044018457043789 -0.448174352696963
1604567026.13486 -5.85951840451972 -5.18404903641047 -0.462016961837546 0.902078678892822 0.0108785756851802 0.00554698272303947 -0.431398823202744
1604567026.63496 -5.09213525935062 -4.53354844064231 -0.416187107239052 0.912890885662227 0.0121792242556623 0.00751171335335882 -0.407952781010086
1604567027.13505 -4.29610578713319 -3.7747920732033 -0.375049352152557 0.925890049243945 0.0123593228114695 0.00444158797045664 -0.377564744311474
1604567027.63482 -3.51836051551598 -2.88979978682038 -0.358729969606993 0.94001176707972 0.00950433211144255 0.00120665024128388 -0.341007462408042
1604567028.13407 -2.81713662364229 -1.93430465238542 -0.34478545817087 0.95565604455944 0.00699916476936582 0.000884630370748674 -0.294400668509165
1604567028.63345 -2.20736069018347 -0.939859200501138 -0.329179808758633 0.968404036791069 0.00741467448426439 -0.000436716473508464 -0.249275858052433
1604567029.13301 -1.71378836052357 0.103357721408186 -0.318751558692357 0.979609504505008 0.00397435098965392 5.53372186249352e-05 -0.200871650950191
1604567029.63275 -1.31786774161659 1.16789740989094 -0.319526220163513 0.98857124811667 0.00400425542801616 0.00132088109098275 -0.150695416681002
1604567030.13233 -1.05938816950998 2.24260224454739 -0.313838136766603 0.995652217109829 0.00244250187613482 0.00241363285764571 -0.0930852895214692
1604567030.63257 -0.954588412331107 3.29228963990315 -0.302437371200733 0.99949212600533 -0.00143433936624819 0.00473339612067321 -0.0314805921972964
1604567031.13236 -0.961621077796083 4.3505369742455 -0.300154595342501 0.999426624327674 5.69182959840014e-05 0.00393592212728897 0.0336292709154768
1604567031.63278 -1.13512228174638 5.41860696704542 -0.292907126230356 0.995009107520108 -0.00504112642679835 0.00159875115068305 0.0996439009229641
1604567032.13304 -1.41905491747913 6.48971645465101 -0.286182851116655 0.98613651288722 -0.00108476830290429 0.000268549196481721 0.165932302791507
1604567032.63333 -1.86919807100304 7.5212928891968 -0.279220560646807 0.971945504897997 -0.00303830475451255 -0.000640172542453174 0.235185659409566
1604567033.13376 -2.47007507260624 8.49138814818918 -0.285277057453517 0.952385906016682 -0.00465707754032159 -0.0032205720071736 0.304842624259656
1604567033.63419 -3.197919661179 9.37760497344407 -0.33290003628477 0.928292391228207 -0.00411163597975652 -0.0042388043878805 0.371804200318864
1604567034.13465 -4.02094514940611 10.1253723584075 -0.350549666680846 0.903262331067715 -0.00573155070639357 -0.00566277729314507 0.42901310417509
1604567034.63561 -4.89896495639885 10.7545396162772 -0.345623723313242 0.882105914316569 -0.00736769517432768 -0.00509536493048997 0.470965933217863
1604567035.13605 -5.82533700171251 11.2988336248931 -0.346411593880816 0.857799744037921 -0.00818228900140827 -0.00414424999654116 0.513902203212966
1604567035.63635 -6.80637562057097 11.7328367117597 -0.352306829984137 0.829817743255233 -0.0102435327922833 -0.0062402055846031 0.557905585963241
1604567036.1359 -7.81157009084027 12.0683305401828 -0.36705137781697 0.798290579525354 -0.0107208686962153 -0.00560821861593454 0.602150945776413
1604567036.63564 -8.89900489527763 12.3115893492458 -0.402928693989015 0.764842668958368 -0.0113525026225749 -0.00536416242215922 0.644094743175531
1604567037.13502 -10.0526170011863 12.433440953827 -0.428819072613901 0.729211124364436 -0.0126738853324046 -0.00525388118412803 0.684151229967643
1604567037.63432 -11.2552132425449 12.4242524046881 -0.445321595227634 0.692864944405011 -0.0127838051258756 -0.00621140692609108 0.72092729284245
1604567038.13348 -12.4962952227818 12.3039746085278 -0.462505811405985 0.656114328689494 -0.0121442866272281 -0.00388650487176374 0.754553774803712
1604567038.63272 -13.7458722166844 12.0454869616846 -0.488521835083733 0.615958437367837 -0.015612623686869 -0.00388212120857753 0.78761435903106
1604567039.13232 -14.9867670279382 11.6478303195328 -0.511548300004428 0.56945225970899 -0.0154515071933624 -0.00380905215888519 0.821870346197884
1604567039.63153 -16.1596692520848 11.0927335005985 -0.537018318820554 0.511561651024138 -0.0150939919802562 -0.0038017061818549 0.859105578865407
1604567040.13092 -17.2116361429629 10.3955324651243 -0.56810528894508 0.444678062980975 -0.0160751065615681 -0.00254549346336243 0.895542590676485
1604567040.6309 -18.113041431321 9.56505210343702 -0.583073943806503 0.36852971082567 -0.0161570603630575 -0.00296391751226578 0.929470826240476
1604567041.13093 -18.832362355791 8.6217286139879 -0.603994635187632 0.281686197792216 -0.0156747401579532 -0.00149871323398156 0.959377372233152
1604567041.63136 -19.3253261274963 7.59445986673891 -0.630045895170123 0.185510236162288 -0.0177867030108166 0.000197438157937182 0.982481321193025
1604567042.13198 -19.5857533835967 6.53600847770681 -0.640517690029033 0.089663433009384 -0.0225797322309541 -0.000209776409898479 0.995716114395669
1604567042.63364 -19.649246451382 5.47815170300944 -0.625858787646599 0.00599424127571768 -0.0265461703841418 -0.00245510379718842 0.999626601474175
