1604566970.19348 0.000134154384870281 0.016425878667519 0.000487206513239797 0.999999996328282 2.48993178789092e-05 -1.04054844079087e-05 8.13337908478931e-05
1604566970.32924 2.88225960172092e-05 0.192372201853234 0.00572613566622614 0.999999511484659 -5.68684175223976e-05 -0.000126976807073647 0.000978607846631008
1604566970.46305 -0.00187924947445643 0.36519610557673 0.0097080456461554 0.999997334326527 -0.000515579060084958 0.000100363908325549 0.00224843171095311
1604566970.5959 -0.00349431840219025 0.537628947403716 0.0128421761773462 0.999992441735692 -0.000795642754648918 0.000504558552443515 0.00377211409727368
1604566970.72968 -0.00654584262194082 0.719110963683789 0.0179561208575505 0.999984824324437 -0.00108615577604084 0.000513461423924242 0.00537659221269437
1604566970.86311 -0.0109373540691592 0.901997255770267 0.0244349364645975 0.999969687490242 -0.00172910349691018 0.000348076145598591 0.00758374213450159
1604566970.99589 -0.0176609823542753 1.08822429959126 0.0260244884197882 0.999947595169663 -0.00253991014687625 0.000403553806030718 0.00990923383414158
1604566971.13183 -0.0254824013457796 1.28881817998138 0.0235240181253797 0.999912681258741 -0.0031623895050623 0.000649631767228136 0.0128143329572872
1604566971.27053 -0.0313030348713523 1.49627979441482 0.02269382977021 0.999865999288115 -0.00297453425197827 0.000824526744808281 0.0160765596198554
1604566971.40784 -0.0372217791548179 1.70421525050573 0.0205829642140526 0.999813611052015 -0.00226874664490239 0.00137386687201731 0.0191235047418048
1604566971.54534 -0.0465974950002515 1.91738655047445 0.02010362013512 0.999736289124958 -0.00235840019431513 0.00175665145606363 0.0227750813575897
1604566971.68376 -0.0580989938958601 2.13372025647555 0.021054870962753 0.999639285028019 -0.0026859695011193 0.00193718514344367 0.0266520676539556
1604566971.82176 -0.0738869086300621 2.35398874611826 0.0214182680661721 0.999538737861284 -0.00325075300837844 0.00225889328656496 0.030110488549171
1604566971.95871 -0.0900411595885383 2.57011014797686 0.0232018973418414 0.999423994962203 -0.00386223861735913 0.00251497378587501 0.0336219617736464
1604566972.10359 -0.108743204851475 2.79924393613874 0.0264147823619341 0.999284341083975 -0.00423881007756756 0.00313276098678383 0.0374569614636851
1604566972.24085 -0.129278646970481 3.01896992163365 0.027956734376807 0.9991511534225 -0.00468362147219987 0.00393118989052637 0.0407379681677589
1604566972.37821 -0.148361404379933 3.24207980078666 0.0297204238372609 0.998990347317457 -0.00449095719265827 0.00421331628583246 0.0445012947667468
1604566972.52336 -0.172337991224116 3.48445674444444 0.0339329520538255 0.998838178540148 -0.00429911637734998 0.00374286523256449 0.047851871946928
1604566972.66076 -0.19628295697767 3.71703350301596 0.0364619970954671 0.99866306180341 -0.00405321802343135 0.00331499686231271 0.0514263668646387
1604566972.80562 -0.222641400868075 3.9632335647982 0.0380663176634096 0.998452659981335 -0.00372095746189719 0.00296768042557661 0.0554042699135668
1604566972.94239 -0.249874546726594 4.19723217581681 0.0424207667451108 0.998275427508714 -0.00362304367552907 0.00309625262618481 0.058510320512668
1604566973.08816 -0.279464530727317 4.44645104532127 0.0551239008254517 0.998054783119041 -0.00396072626191465 0.00273310201149989 0.0621570003626011
1604566973.2285 -0.313066878046895 4.6882305421639 0.066980139580854 0.997797795082682 -0.00528605093944303 0.00176953426104271 0.0660945273233939
1604566973.36554 -0.343137985774668 4.92315105602415 0.0785777044986041 0.997571479096699 -0.00541173314919941 0.00146375276606157 0.0694241648490417
1604566973.50469 -0.37202173913318 5.16040545978828 0.0924866600453903 0.99735600063463 -0.00435768357055592 0.0012111719868856 0.0725296605149485
1604566973.63746 -0.399925789474916 5.38838158720969 0.106771907015135 0.997008236384709 -0.00330564706368722 0.000185784680804917 0.0772244440743624
1604566973.7745 -0.439021976920925 5.61978442630404 0.118491865974881 0.996655159798182 -0.00427537842142599 -0.000865091564662126 0.0816055464021821
1604566973.91146 -0.478728617701476 5.84906511511543 0.125745833914688 0.996244298604374 -0.00461223680976754 -0.000646839363664938 0.0864615889787366
1604566974.04356 -0.516377310427549 6.07624881463378 0.122362814915627 0.995734306470165 -0.00364312307546202 -0.000208206165183539 0.0921947678712298
1604566974.1773 -0.556414886838112 6.30569822259484 0.117825975783824 0.99506640448269 -0.00229748916377884 0.000431172652276671 0.0991835989646347
1604566974.3098 -0.60384282113478 6.53039329907856 0.11279887792682 0.994291782529075 -0.00208743044501396 0.000716416419762101 0.106672304638107
1604566974.44152 -0.660330426865473 6.7541001906028 0.111842249492469 0.993414642830948 -0.00357982594648913 0.000137569159391345 0.114518615648197
1604566974.57781 -0.722038002399618 6.98447582288699 0.110515592318722 0.992473469971373 -0.00458556787250132 -0.00041380414986116 0.122373251719461
1604566974.71282 -0.785651429004374 7.2090865456326 0.104765921078465 0.991447364229837 -0.00587741597524576 -0.000149265451119323 0.130374681832742
1604566974.84513 -0.850061805428087 7.43040674267699 0.0992696589129267 0.990356000332555 -0.00631674838173801 1.43625920775364e-05 0.138401918660478
1604566974.97678 -0.915033436524948 7.65292943690593 0.100117329936783 0.989217325432442 -0.00580353491362981 -0.000831963762242152 0.146337657091711
1604566975.10918 -0.97537027486959 7.87399105757058 0.105041523699376 0.987967597240014 -0.00356904212201927 -0.000940416258446979 0.154616960128522
1604566975.2415 -1.04175180500814 8.09211652527709 0.110429455074117 0.9865210205644 -0.00241856509987015 -0.0013762399125253 0.16361091800713
1604566975.3739 -1.12074845641926 8.30524557767921 0.112092805142316 0.985071367048657 -0.00334488987273664 -0.00153639567245767 0.172107097532227
1604566975.51361 -1.2042023529492 8.52954004561427 0.114057785073862 0.983299694819211 -0.00348381531571258 -0.00186106780131097 0.181950843982464
1604566975.64594 -1.28304625891797 8.74371024451612 0.115667372796286 0.981663618543832 -0.00217167949337948 -0.00150780999510001 0.190603122599361
1604566975.77782 -1.36535587563003 8.95591637014003 0.116694648081 0.980042574368923 -0.000562179042064533 -0.00160245161717128 0.198780453082976
1604566975.91247 -1.45749433278008 9.17440763227144 0.119076280761958 0.978134425031904 0.000454589221656315 -0.00281232764819005 0.207954155354843
1604566976.04456 -1.56126632332168 9.38531621128238 0.110795893206317 0.976200577132213 -0.000340496252359953 -0.00308373999720318 0.216847429813375
1604566976.17675 -1.67095152571059 9.59224618489151 0.102696057607731 0.974219908471376 -0.00156822480575005 -0.00350169138937128 0.22556783628522
1604566976.30899 -1.78648155193174 9.80157939665403 0.0953392238186039 0.972091714288333 -0.00281988586770396 -0.00469146452421566 0.234537283637977
1604566976.44076 -1.89896869111102 10.006153120365 0.0875098908626754 0.969960996488957 -0.00274347803159597 -0.00522278800705573 0.243188941162779
1604566976.57253 -2.01162176898254 10.208228816989 0.0786343792452074 0.967806041684921 -0.00217501174979742 -0.00465720493053228 0.251644680937802
1604566976.70458 -2.13031601470188 10.4079113497062 0.0732889770118905 0.965360181974289 -0.00197080010777548 -0.00502574629035176 0.260865054922516
1604566976.8364 -2.25404806294934 10.5990946319315 0.0663069252482142 0.962726490869885 -0.002761522080056 -0.0055460413280446 0.270405841650558
1604566976.96931 -2.37641921331014 10.7911624914752 0.0558909150826591 0.959711640976284 -0.00265136582906122 -0.0049585263431261 0.280930506443059
1604566977.10183 -2.49735325026277 10.9791613864428 0.0497330760349028 0.956563486661909 -0.00226275817943741 -0.00442088049304837 0.291481786268539
1604566977.23354 -2.62283342846777 11.1638649671924 0.0456074561181299 0.953292087500806 -0.00165768246470989 -0.00408130793126006 0.302017865237756
1604566977.36676 -2.75167131898727 11.3446308299083 0.0369919413302728 0.949542670638752 -0.00175356766100754 -0.00315322541894825 0.313617121353637
1604566977.49881 -2.88463760945148 11.517057734764 0.028035291358737 0.945659542328081 -0.0021823262670449 -0.00240678884032296 0.325142237833515
1604566977.63105 -3.02544971463977 11.685394013071 0.022762606478993 0.941451015010186 -0.00341949721239904 -0.00266988631076329 0.337121884608806
1604566977.76399 -3.16893287869544 11.8488235459423 0.0189372179078879 0.936745294003323 -0.00438379375658157 -0.00340063128729294 0.34996781597995
1604566977.89605 -3.31044895258666 12.0047341854584 0.0140015682704542 0.931829877888947 -0.00492398627272907 -0.00375203047889908 0.362842604030924
1604566978.02791 -3.45826575960689 12.1564849769499 0.010736394715122 0.926662379092014 -0.00514190761461129 -0.00319149261881043 0.375845992843446
1604566978.15971 -3.60639546983401 12.2979325059742 0.00622548701552829 0.921227205910815 -0.00575335187436184 -0.00241302616987315 0.388974949497607
1604566978.30453 -3.77300409422153 12.4484248899982 0.0035270441473241 0.914687744547246 -0.00650714898235222 -0.00229731524556278 0.404102350067227
1604566978.45562 -3.95369139739736 12.6000813230109 0.00389517836499067 0.90780928370402 -0.00663802133567924 -0.00297684540997959 0.419320139612858
1604566978.58883 -4.11209709112793 12.7257959525011 0.00406299344338991 0.9016612829227 -0.00664276602878611 -0.00319596052945207 0.432380145675043
1604566978.72307 -4.27489347932531 12.8502133025848 0.0018397855820114 0.894869673606643 -0.00647182904318617 -0.00252734443277331 0.446273453409559
1604566978.85654 -4.4391306495466 12.9656652723409 -0.000551031227279592 0.888159794809229 -0.0066329949160647 -0.00221139327803293 0.459481546966407
1604566978.99063 -4.6083623828066 13.076416448601 -0.00239557095691331 0.881277180802321 -0.00688663793687332 -0.00243310069213509 0.472543315301424
1604566979.12436 -4.78094695145288 13.1822622619731 -0.0050940664996133 0.874139148154497 -0.00717786015233329 -0.00233083867010838 0.48561692225298
1604566979.2582 -4.95470035434242 13.2826809293865 -0.00907656831503552 0.866734457408479 -0.00765167724288145 -0.00202491889934739 0.49870706018629
1604566979.39202 -5.13093703735257 13.3760292025665 -0.0122963030606935 0.859188246704577 -0.00841986553130507 -0.00218818584808267 0.511585647210557
1604566979.52587 -5.31188323508406 13.4615588987922 -0.0158911097676554 0.851581838491042 -0.00974643873754126 -0.00272313189330593 0.524123996623742
1604566979.66013 -5.49668998252564 13.5419633867722 -0.0198543869773935 0.843485102398357 -0.0110988651247089 -0.00346243498977838 0.537026730032051
1604566979.79384 -5.68176201822155 13.6170698741083 -0.0243005830682222 0.835156647522716 -0.0122334063722737 -0.00456015863517232 0.549857184021788
1604566979.92801 -5.87162495541872 13.6886712491666 -0.0302887875509534 0.826806329053948 -0.0130056583333619 -0.00470609978928285 0.562316636524675
1604566980.06158 -6.06456571074497 13.7579901219219 -0.0318028009484008 0.817988546001051 -0.0129818765330471 -0.00454145507620757 0.57507006936421
1604566980.19521 -6.25812538508832 13.8244798050995 -0.0327973330151882 0.809070832505459 -0.0121237960776609 -0.00400829125803224 0.587572408438978
1604566980.32949 -6.46072179376914 13.886791704225 -0.032492936265248 0.800152081120516 -0.0107953063873518 -0.00382669808273233 0.599687806129402
1604566980.46381 -6.66476753203146 13.9429768374038 -0.0306887818843039 0.790830174342572 -0.00965653087235846 -0.00410198030742017 0.611945716970359
1604566980.60139 -6.87396655051568 13.9883561991344 -0.0284486695787402 0.781534821045721 -0.00938702826460501 -0.00473438383696694 0.623773029877917
1604566980.74493 -7.09621659473588 14.0249627602834 -0.0294843173866508 0.771718700217367 -0.0106874747442733 -0.00553625777847974 0.635850120286392
1604566980.87886 -7.30192546866175 14.0524119744173 -0.0299935766407456 0.762472395628747 -0.0116642666345317 -0.00677292223492353 0.646880142153427
1604566981.01356 -7.51793907343244 14.0768375008308 -0.0391264556035013 0.753302033359387 -0.0127035175732397 -0.00782964326568079 0.657505409760415
1604566981.14798 -7.73626078899718 14.099522047205 -0.0533967462300399 0.744362139608318 -0.0128286093514417 -0.00842361089881697 0.667599786308579
1604566981.28186 -7.95375540724762 14.1190046222272 -0.0670054570664259 0.735160546549761 -0.0126860118264157 -0.00886705150076157 0.6777163206669
1604566981.41773 -8.17683862876853 14.1310583767185 -0.0820442112472256 0.726151651327936 -0.013278221279177 -0.00899516239161751 0.687347477748279
1604566981.55378 -8.40149462018484 14.1358937007789 -0.0969816475316854 0.717734414276713 -0.0141138111704154 -0.00921052790876177 0.696112977233403
1604566981.68816 -8.62421155695815 14.1420699236089 -0.110389362315862 0.709286923441966 -0.0137334627985135 -0.00866094605089471 0.704732885742744
1604566981.82488 -8.85330405322033 14.1461158702014 -0.125117138761064 0.700940655491464 -0.0129348900283439 -0.0074923480937224 0.713062936085725
1604566981.95911 -9.07477031028166 14.1424599763101 -0.13558908743191 0.693061511517053 -0.0121066655850055 -0.0066884839621635 0.720745748571852
1604566982.09355 -9.2905398680075 14.1263363256483 -0.131933095398198 0.685260404963921 -0.012419881729965 -0.0075161542018119 0.728153439429157
1604566982.22755 -9.50444637933418 14.1034126562447 -0.128676261093431 0.677748108799361 -0.0131875984097495 -0.00828865415056827 0.735129163126756
1604566982.36174 -9.71629890065378 14.0779153046444 -0.128375546711047 0.670812848791224 -0.0141048382391406 -0.00857366288987566 0.741442963240937
1604566982.50724 -9.94789182987616 14.0501210647025 -0.130356304419354 0.66397210430273 -0.0145811931702505 -0.00778407025240377 0.747574639593828
1604566982.64604 -10.1720993057176 14.0217394026461 -0.132115117733885 0.657910089078863 -0.0147557109629026 -0.00648914641231923 0.752923950117846
1604566982.78003 -10.3894697378415 13.9891114426103 -0.132206880172323 0.652199249061506 -0.0149548216482954 -0.00583807186950147 0.757877569103297
1604566982.9148 -10.6060668881432 13.9482914529605 -0.132797881690196 0.646848172915962 -0.0158784608194977 -0.00619469741162722 0.762428318861035
1604566983.04905 -10.825265107723 13.9025952511394 -0.142143174527367 0.641662202160092 -0.0168664126717382 -0.00722902176664381 0.766767816021868
1604566983.18786 -11.0522597029241 13.8578204882284 -0.150465088523765 0.636023792766275 -0.0168511901915075 -0.00795995853154371 0.771444367070308
1604566983.32319 -11.2726791562341 13.8151952408965 -0.157547112413203 0.631317148871323 -0.0159082104607673 -0.00720560592647079 0.775328101918247
1604566983.45765 -11.4908466413276 13.7695796387839 -0.165321149627082 0.626791853158884 -0.015494831885571 -0.0070562280116086 0.779000701312096
1604566983.59228 -11.7064395589827 13.7165157024799 -0.173386910295087 0.622480487913474 -0.0156402622256726 -0.00777166269325362 0.782440429440797
1604566983.72891 -11.9259915767118 13.6593446873087 -0.181218354225443 0.618403275415955 -0.0156710158058528 -0.00866713523802988 0.785656851930406
1604566983.86412 -12.1420532436386 13.6070558714419 -0.189160485270067 0.614820274192799 -0.0152574564594058 -0.00799996523654104 0.788479068219376
1604566983.99972 -12.3533554596297 13.5555437458917 -0.195243039049525 0.611547913584292 -0.0151325388732443 -0.0066822231251797 0.791034451558245
1604566984.14634 -12.5868684226186 13.4911447170525 -0.199251565423526 0.60827210184881 -0.0152860143245378 -0.00652380043660457 0.793554552571129
1604566984.28133 -12.7987235544544 13.4297178508694 -0.199823687704856 0.605599351238609 -0.0150162232356635 -0.00702522374661392 0.79559699914619
1604566984.41657 -13.0143529000023 13.3680712807609 -0.199724354010047 0.602966305897769 -0.0147722252892029 -0.00705208639368784 0.797598698212014
1604566984.55123 -13.2277567055531 13.30559154888 -0.201659816563031 0.600692160744844 -0.0145481146451446 -0.00682068659393524 0.799318934227352
1604566984.68631 -13.4380795010475 13.2398731972629 -0.206531105496632 0.598957693898858 -0.0152997410258628 -0.00682724888678051 0.80060538813859
1604566984.82179 -13.6545953352488 13.1725350277831 -0.210344965098391 0.596921460127404 -0.01540813962875 -0.00683803037520526 0.802122559845525
1604566984.95658 -13.8672604824484 13.1086486758509 -0.212959491490805 0.594869085390103 -0.0150926308363641 -0.006324867310848 0.803656008373657
1604566985.09197 -14.0795428080979 13.0428368195181 -0.216521530481363 0.593012357322032 -0.0150957713641429 -0.00611005290430108 0.805028651045287
1604566985.22705 -14.2907388627227 12.9747890844412 -0.223163512017296 0.590264264444188 -0.0158514358135864 -0.00583465956849641 0.807033324498145
1604566985.36222 -14.5010950425542 12.9081139381686 -0.229246540320249 0.58718807322011 -0.0159155307232558 -0.00539697384910016 0.809276056252206
1604566985.49695 -14.7132221424298 12.8399691532995 -0.231670116247238 0.58424031467733 -0.0150624166736692 -0.00490403335597642 0.811426108013864
1604566985.6321 -14.92318826007 12.7687715158637 -0.233078738141694 0.580757307842891 -0.0147160567639778 -0.00517366978017532 0.813927281887886
1604566985.76986 -15.1342630186834 12.690734408657 -0.236638842413747 0.577420926512136 -0.0152352107962827 -0.00556857212552412 0.816285460474669
1604566985.90447 -15.3381084688181 12.6148464282745 -0.241519890401046 0.573715272298388 -0.0157692564438444 -0.00603840303790274 0.818880732812506
1604566986.0388 -15.5457171749671 12.5404486429145 -0.252402906476886 0.569814924162287 -0.0154339751666673 -0.00578865519690514 0.821607714230759
1604566986.17483 -15.7544682368021 12.4654945258094 -0.264635723488111 0.566266429369459 -0.0149856856015138 -0.00483085704189236 0.824071855493474
1604566986.31524 -15.9654736753559 12.3867692673385 -0.278052767452908 0.562335630849266 -0.0148977329844409 -0.00407352403680171 0.826764840950076
1604566986.4496 -16.1682507563016 12.3073076456223 -0.292132216176163 0.558261670088448 -0.014997210454449 -0.00349183392851072 0.829522030138114
1604566986.58362 -16.3680734358655 12.2240455633258 -0.303618786139524 0.554449864404249 -0.0151066321558204 -0.00397627379351628 0.83207050589102
1604566986.72056 -16.5705764542988 12.1379907911954 -0.313728769115686 0.550109832645307 -0.0152570018691499 -0.00419161512495123 0.834942408962176
1604566986.85857 -16.7758167345885 12.052528622059 -0.326995623548341 0.545103431922645 -0.014931581679279 -0.00329980546302349 0.838229328798877
1604566986.9948 -16.9807297540347 11.9615590878475 -0.335403869628471 0.540107527527136 -0.0143201906189189 -0.0025066629246267 0.841470443622439
1604566987.13099 -17.1865698829347 11.8630313424682 -0.337581694912053 0.534293882178689 -0.0143529537246819 -0.00223362451592262 0.84517397682804
1604566987.27145 -17.3963523917151 11.7551961631667 -0.338764442625363 0.528237672453245 -0.0146003126756673 -0.00266479274628217 0.848966837485758
1604566987.40979 -17.6011828316249 11.6455044149682 -0.340011897301161 0.522029807298497 -0.0149395791894067 -0.00312704367282245 0.852790660633315
1604566987.5457 -17.804099891278 11.5348367429033 -0.341102853654473 0.514909297312848 -0.0149435846401011 -0.00328244986726752 0.857108120566923
1604566987.68087 -18.0022941039664 11.4242690568174 -0.343270634273675 0.506962832667511 -0.0145280494408081 -0.00303700149670024 0.861840123627978
1604566987.81979 -18.2031432442121 11.3077528426821 -0.343346656024672 0.49772774565715 -0.014033027220376 -0.00234950639593387 0.86721660798775
1604566987.95515 -18.3904401370937 11.1916886584035 -0.343690619802498 0.487155146150151 -0.014163684945269 -0.00200037673586066 0.873198289107984
1604566988.09033 -18.5742329813493 11.0703774455004 -0.34617309676044 0.475502234994187 -0.013967769875628 -0.00179966420738232 0.879601777584024
1604566988.22545 -18.7555886696663 10.9418765101514 -0.348887298613503 0.463940389459947 -0.0136087400697616 -0.00169093430636372 0.88576027115842
1604566988.36713 -18.9408245736812 10.8057077658081 -0.353851978721444 0.451116029725149 -0.013708139708177 -0.00110304320473993 0.892359343497029
1604566988.50818 -19.1168916011557 10.6651632973087 -0.357706026333343 0.438600701576183 -0.0146753035469268 -0.000716127659567548 0.89856193287044
1604566988.6533 -19.2912707009754 10.5111904314484 -0.359965984767379 0.425802235218102 -0.0158155369117203 -0.00164892072638446 0.904676520274457
1604566988.79113 -19.454463818671 10.3610370759094 -0.361702210466756 0.412981966583562 -0.0162667913284406 -0.00298155430156815 0.910589038540766
1604566988.93213 -19.6149502910312 10.2055958640765 -0.3620323883426 0.400529368347558 -0.0163401156789957 -0.00387703624373478 0.916130009496833
1604566989.07296 -19.7756724104803 10.0528822722762 -0.374455168699823 0.388205974065038 -0.0167254742121619 -0.00386158664403632 0.921412756782314
1604566989.21073 -19.9318953431698 9.90000123147864 -0.389737580651075 0.3760584844837 -0.017291267599831 -0.00307642930275255 0.926429470545578
1604566989.35254 -20.0877102029917 9.73265943963201 -0.400406245476763 0.363610917983182 -0.0174610897188532 -0.00389086311130907 0.931379123586903
1604566989.49451 -20.2401531744665 9.55904557836807 -0.409104812708781 0.350598739082695 -0.0169578421416683 -0.00481445287207229 0.936359854322613
1604566989.62745 -20.3837845910104 9.39341375866633 -0.421451223967794 0.337749078961544 -0.0165783213401875 -0.00445816830768165 0.941079616003615
1604566989.75945 -20.5230169556026 9.22584532971998 -0.435140683845904 0.325472766785169 -0.0163061200978505 -0.00347268288607403 0.945404426159585
1604566989.89874 -20.6611121014965 9.04782137613325 -0.446579941278574 0.312033001216208 -0.016435970391898 -0.00271877277167393 0.949925193530469
1604566990.0327 -20.7850818443988 8.85674374274173 -0.445059786342168 0.298637184606108 -0.0165388109667451 -0.00405123214415705 0.954214801405039
1604566990.16643 -20.9017615263315 8.66308718113038 -0.442592171940397 0.285876605437509 -0.0164559353580155 -0.00495824358784432 0.958112302642829
1604566990.3051 -21.0222736599602 8.46378622643532 -0.444151708823089 0.272401386444508 -0.0166673075735784 -0.00426031387499167 0.962029903509784
1604566990.44244 -21.1392569959666 8.26422167571851 -0.445894799695115 0.258957203851009 -0.0167068834704461 -0.00276315848776513 0.96574034376407
1604566990.57593 -21.2456839132055 8.06587864838757 -0.444830389081263 0.246192023010273 -0.0167181682255824 -0.0018393836776117 0.969075129866089
1604566990.71108 -21.3419981059967 7.86412702238782 -0.443509999924749 0.233269829245563 -0.0176652133375764 -0.00201889128505986 0.972249479855589
1604566990.84721 -21.4381779509328 7.66069777177996 -0.443969192247107 0.219272453925809 -0.0187893933226812 -0.000714937101427462 0.975482464482505
1604566990.9815 -21.5289449271475 7.4594424310604 -0.445775919557439 0.206155994479487 -0.0192503327036281 0.000677773063387131 0.978329531014294
1604566991.11729 -21.613727770418 7.25798074055679 -0.448682379993607 0.192638979332865 -0.0197266123849154 0.00165325917785003 0.981070003179945
1604566991.25506 -21.6888531893378 7.04959851738047 -0.449607145030069 0.178235750539278 -0.0202566776959599 0.00127643419314969 0.983778458269022
1604566991.39407 -21.7506434807882 6.8414964233131 -0.450809522951519 0.163493405901222 -0.0215625871377236 -0.000803854039928946 0.986308427866977
1604566991.5285 -21.8029430571159 6.64581202685576 -0.452819113700814 0.148397945137438 -0.0241536079052901 -0.00229343788108469 0.988630058842451
1604566991.66535 -21.8501507449019 6.45299849745167 -0.456229426698563 0.130724110966147 -0.0271308830883062 -0.0031507744672682 0.991042478713812
1604566991.80128 -21.8918817597459 6.25829487775075 -0.462229294383392 0.113910283822054 -0.0293337695099259 -0.00398062218783728 0.993049914079305
1604566991.93489 -21.9331777190611 6.05838158692781 -0.464721862942735 0.097964404819551 -0.030022537597041 -0.00318101851709574 0.994731875303983
1604566992.07103 -21.9692291791724 5.85374147114419 -0.46231517200072 0.0807336810504726 -0.0303271176068983 -0.00242463082202423 0.996271278240558
1604566992.20457 -21.989101256116 5.65233599110668 -0.459128414480911 0.0645384923639473 -0.0308535506540033 -0.00340041683236244 0.997432342858801
1604566992.33793 -22.0037366096221 5.44780368393151 -0.453433286682306 0.047278539374531 -0.0305644938617937 -0.00454760998496503 0.998403661187702
1604566992.47216 -22.0154588738526 5.24131713720153 -0.443541168282518 0.0291491555230824 -0.0290538306979142 -0.00545211334199052 0.999137866419932
1604566992.6072 -22.0112011001512 5.03654319865032 -0.431400182574815 0.01298902705126 -0.0276156098386075 -0.00637003973802661 0.999513924797068
1604566992.7402 -21.9996818455472 4.83771891200939 -0.425898256989813 0.00475764109264278 0.0277922448375895 0.00829088012567574 -0.999568015337057
1604566992.87406 -21.9883731626256 4.64240721929076 -0.424264560416432 0.0239995304022059 0.0285143753128702 0.00862505319686451 -0.999268012796538
1604566993.01363 -21.9725318310755 4.43499174575197 -0.417748619581869 0.0425642199322088 0.028748249084903 0.00819785937126334 -0.998646394104462
1604566993.14725 -21.9527784570119 4.23260564857089 -0.406329537897537 0.0602653674084701 0.0278857389080695 0.00725595749983393 -0.997766416621362
1604566993.2806 -21.9257509134883 4.03420584709724 -0.394407445864896 0.0785831558736861 0.0270312436925481 0.0066969507598151 -0.996518514794325
1604566993.41849 -21.8844967195425 3.83003224501855 -0.383534853848285 0.0973406905628807 0.0268328320844052 0.00722218840507293 -0.994863120774769
1604566993.54957 -21.8379910049574 3.6408785593111 -0.37412525811397 0.115606606876455 0.0270074648452685 0.00800381699400056 -0.992895587764731
1604566993.68114 -21.7888626955359 3.45434841761804 -0.365254276744825 0.134612448844229 0.0275382563913374 0.0079480481499472 -0.990483700815764
1604566993.81616 -21.7305152945948 3.26185318439268 -0.354679651777031 0.153698712144587 0.0275865150477932 0.00763444730780309 -0.987703095715973
1604566993.95185 -21.6646970919997 3.0701696610981 -0.345981902388203 0.172740641954442 0.0269036821377061 0.00705510479769984 -0.984574572087302
1604566994.09137 -21.5921747114749 2.87860087860181 -0.348955014427461 0.192819824085243 0.026379867891701 0.00613864772540554 -0.980860303516181
1604566994.23089 -21.508435515551 2.68831757208435 -0.350747964777439 0.212522567049011 0.026144467322242 0.00563458359830233 -0.976790088397199
1604566994.36331 -21.4218324302531 2.51546270374771 -0.351628240647757 0.230864891123223 0.0256781120450034 0.00557442965662681 -0.97263094868633
1604566994.49554 -21.3280069063103 2.34627593566892 -0.354663082338248 0.249695229116241 0.0253157608057655 0.00606636502913488 -0.967974485214743
1604566994.62728 -21.2278367766674 2.179373264123 -0.359127271779154 0.268339534286554 0.0254225078267338 0.00604204130235996 -0.962969929006911
1604566994.75956 -21.1222307044516 2.01773631906271 -0.361624894221872 0.286563706053998 0.0254513744054671 0.006290341938207 -0.957702407594223
1604566994.89099 -21.0114783180916 1.85936294160713 -0.36101755768949 0.304454510165721 0.0247958775291259 0.00582537929928961 -0.952186263634028
1604566995.02316 -20.8902912791671 1.70383379576077 -0.35458040292687 0.322580924012784 0.0241753017438155 0.00563253484345048 -0.946216347776708
1604566995.16038 -20.7604166401533 1.55185797499305 -0.348374206289912 0.340927925195356 0.0240570669085372 0.00538546668498657 -0.939766143304989
1604566995.293 -20.6290560618399 1.41070039435555 -0.344074618453323 0.358977783117555 0.0237227501422418 0.00580070051496385 -0.933026545296129
1604566995.43329 -20.4839277169793 1.26535903429581 -0.341526975934387 0.37791031913087 0.0246231296070602 0.0058808195293988 -0.925496033564931
1604566995.56552 -20.341386934818 1.13206705276747 -0.335853484310694 0.395836022954074 0.0246421772938421 0.00579027989164708 -0.917972264662118
1604566995.7006 -20.1888860745481 1.00306574933539 -0.326115026279721 0.413390812792563 0.0238699473481058 0.0057904257751598 -0.910222353319037
1604566995.83459 -20.0336248033162 0.881188240835302 -0.318806416836281 0.430627059418175 0.023916211343775 0.00576975851365918 -0.90219458013142
1604566995.97165 -19.8749010436984 0.761563540545875 -0.317877981505908 0.448711863718653 0.0245383517239032 0.00550530974866964 -0.893322575678785
1604566996.10517 -19.7125342776857 0.651020165828571 -0.324297401434795 0.465822314813584 0.0246596669995237 0.00523301532161246 -0.88451912777273
1604566996.23802 -19.5462791193277 0.547209814194748 -0.328967930502854 0.482438023558353 0.0244267407688445 0.00466947319975812 -0.875577000486284
1604566996.37234 -19.3754501286088 0.449511000621098 -0.33591297318013 0.499250473165502 0.0246167442096555 0.00483359796004921 -0.866094462099429
1604566996.50502 -19.2016071052103 0.361510426053665 -0.342171025148579 0.515412962128871 0.0247533452219547 0.00525030795861427 -0.856568260348354
1604566996.63687 -19.0260447135337 0.280330167477546 -0.346517636146581 0.531105402663902 0.0244450221499225 0.00563083541800799 -0.846934345652483
1604566996.77268 -18.8411285587029 0.199723978022534 -0.352891741632298 0.546164692114293 0.0247205526941338 0.00559816525142274 -0.837294263630185
1604566996.90824 -18.6519423066977 0.12536296122176 -0.358470601817565 0.559737307760031 0.024671941809309 0.00537726030220193 -0.828285293036495
1604566997.04403 -18.4516747224138 0.0519214748561588 -0.358414110599618 0.573498405638225 0.0242058687517971 0.00479317031318614 -0.8188349529464
1604566997.17881 -18.2501260656317 -0.0124178826124794 -0.36083817476569 0.586452539230442 0.0243165773857397 0.00496937649339242 -0.809603253817373
1604566997.31953 -18.0352114027656 -0.0696229855916262 -0.361791494383752 0.598745975052522 0.0237147090567949 0.00624148227517538 -0.800563497688825
1604566997.45346 -17.8268783509935 -0.120139513803322 -0.361032748892179 0.609856132844882 0.0231089016522409 0.00696034275006879 -0.792144576150537
1604566997.59347 -17.6087743947319 -0.169855258302708 -0.360184406453377 0.620661639320166 0.0227239745609973 0.00707598474453002 -0.783717219982087
1604566997.73144 -17.3864066803056 -0.216374453030093 -0.359635142671068 0.630486735163714 0.0228363805227464 0.0068251537262955 -0.775833998857896
1604566997.86978 -17.1666620476843 -0.255791512230349 -0.357590545812238 0.639466288913914 0.0225320596698849 0.00685806108209344 -0.768458286849646
1604566998.00981 -16.9447474990345 -0.286243790739514 -0.359413671012593 0.648081108566552 0.0218783744425472 0.00713276568025514 -0.761223578920577
1604566998.15281 -16.7181075660487 -0.31079372974842 -0.364132378248172 0.656119695820458 0.021225543406355 0.00758987383639028 -0.75432010107031
1604566998.28963 -16.5001300453306 -0.332903259826736 -0.370244269502202 0.663080410747153 0.0214563528464522 0.00749974719197679 -0.748203012288758
1604566998.42517 -16.2799172583493 -0.352476313133869 -0.37605766136442 0.669814357922731 0.021657903045282 0.00728945735248958 -0.742176882533906
1604566998.56168 -16.0577422812882 -0.367791301394959 -0.37982684112081 0.675745761809667 0.0215968887567487 0.00708572460374677 -0.736784250849013
1604566998.69769 -15.8342640042613 -0.377061133766716 -0.384102559019325 0.68081314749747 0.0212184839382417 0.00723207741824267 -0.73211401515759
1604566998.83933 -15.6007482651858 -0.383410321819931 -0.387421052477188 0.686061761397878 0.0204265539510251 0.00753060455075772 -0.727217509027682
1604566998.9863 -15.3573424046733 -0.388026222332302 -0.38837445748286 0.690760617685127 0.019747571046301 0.0079458775586571 -0.722770133253205
1604566999.12809 -15.1242827846037 -0.394256047631786 -0.387418879163861 0.694664158186573 0.0195608259556159 0.00793348325659618 -0.719024437180191
1604566999.26512 -14.8978080063605 -0.396594120928822 -0.387206345483297 0.698392519829444 0.0188028670919533 0.00839450232503601 -0.715418669567769
1604566999.4012 -14.6753379682702 -0.397368942490201 -0.387269220702221 0.701379076593183 0.0186632718270831 0.00859492413949223 -0.712492245909413
1604566999.53656 -14.4506683167425 -0.396885784155208 -0.385108675614424 0.704223838806229 0.0180445682575925 0.00861450856712626 -0.709696391885687
1604566999.67328 -14.2280700817269 -0.39641310126244 -0.383164536181647 0.707183241115843 0.0177843613182779 0.00857594028148506 -0.706754577788981
1604566999.81061 -14.0034915325572 -0.393265179993881 -0.384002968879758 0.70941561818009 0.0181786874609481 0.00877004798963262 -0.704501314592541
1604566999.94531 -13.7810780948301 -0.389463836567344 -0.386072296769502 0.711313135289121 0.0184822973504718 0.00943579447496065 -0.702568853588341
1604567000.08137 -13.5516540348679 -0.386435570109318 -0.38440797654892 0.712781944474529 0.0183064419045629 0.00938545214776899 -0.701083937274195
1604567000.21911 -13.3157623290082 -0.381828279052709 -0.380163336700854 0.713647815971682 0.0174150291743936 0.00914349242302122 -0.700228468475835
1604567000.35482 -13.0853093816343 -0.376118171038136 -0.376316343300422 0.714177763060821 0.0168126018148776 0.00935323306641272 -0.699699918680045
1604567000.49315 -12.8526248832069 -0.370446947184452 -0.374490579207535 0.714565621933044 0.0167457269240147 0.0100050772343669 -0.699296397109811
1604567000.63048 -12.6207451195198 -0.366414111230094 -0.372299406645138 0.714466581191678 0.0170094452431855 0.0099357584004306 -0.69939221030678
1604567000.76495 -12.3949859365116 -0.364192370911889 -0.371061153623602 0.714236539170004 0.0174444831827699 0.00999048585007232 -0.699615641844449
1604567000.90155 -12.1690715004342 -0.363160910511455 -0.368649804470657 0.714059863314333 0.0178826830734626 0.00959600012426883 -0.69979042436377
1604567001.03842 -11.9337966750691 -0.360541243827112 -0.360539661061007 0.713280337652489 0.0175733200027861 0.00902741720609542 -0.700600345475949
1604567001.17963 -11.6985438326209 -0.357209186943589 -0.353096539268197 0.712246246739189 0.0177764855436314 0.00913591608409656 -0.701645078087889
1604567001.32089 -11.4639150590711 -0.353034912439865 -0.345962200899872 0.711161338279713 0.0172730695890181 0.00983897067985855 -0.702747740415536
1604567001.45782 -11.2352261582381 -0.349589351315084 -0.337781585062859 0.709566551118981 0.0166689449752658 0.00998160109894723 -0.704370515741558
1604567001.59465 -11.0079022677263 -0.351668026649812 -0.329626790943958 0.707834402266374 0.0168756628744739 0.00959996301591535 -0.706111543370341
1604567001.73157 -10.7806733686757 -0.356517483684313 -0.32268986184858 0.705809170247113 0.0177625937756759 0.00931485106545491 -0.708118026184245
1604567001.86924 -10.5535081078548 -0.360062287381348 -0.316045338794942 0.703664313803784 0.0180990980432101 0.00960970476233466 -0.710237009528124
1604567002.00635 -10.3276523233797 -0.362694007109175 -0.305169242653754 0.701469541131091 0.0177228162587431 0.0100708841816697 -0.712407862071296
1604567002.14134 -10.1026539708503 -0.367148905323386 -0.292541915637626 0.699262020295518 0.0167696459879633 0.0103398367790859 -0.714593936247048
1604567002.27944 -9.87637123813108 -0.376184493428334 -0.281467899710818 0.697021610371836 0.0166752060723339 0.00998181770442302 -0.716786701531504
1604567002.41787 -9.64589340136671 -0.389736452789877 -0.269432206560586 0.694423156505287 0.0168900830087542 0.00920292486900854 -0.719309746200513
1604567002.56059 -9.41008750500562 -0.406624438542074 -0.259560923830054 0.691310518718947 0.0178561854399952 0.00840378535167062 -0.722288238684417
1604567002.70557 -9.1707933429324 -0.42472176157284 -0.248368916041559 0.687758095508884 0.0180183246363216 0.00788946689549642 -0.72567341025519
1604567002.83995 -8.94899507506993 -0.439297413572321 -0.236572212434682 0.683532516384488 0.017498843963685 0.00803836511688096 -0.729666001805808
1604567002.97577 -8.72795420041678 -0.452818635889762 -0.228713969515922 0.678579510007427 0.0170135660507554 0.00918474564576744 -0.734272447811941
1604567003.11824 -8.495740541967 -0.472732274515489 -0.224004229942434 0.673045153063997 0.0174504809530851 0.0093877123433151 -0.739335900324423
1604567003.25761 -8.26589494772491 -0.49873054591929 -0.217216313086183 0.666590660396647 0.0178451952850201 0.0085856170358609 -0.745160873675823
1604567003.39414 -8.04815275281884 -0.526394485130344 -0.210575783067169 0.66001444187275 0.0180745199066286 0.00796230297864469 -0.750993242300371
1604567003.53002 -7.82701816807748 -0.553358883728801 -0.204269269131474 0.653343837197198 0.0175144232935931 0.00885272043442478 -0.75680691375941
1604567003.66612 -7.60747854107711 -0.580735774952792 -0.198446136250576 0.646170685711227 0.0167961817064185 0.0101328848904707 -0.762940795770789
1604567003.80452 -7.38513198584253 -0.617022529599192 -0.19383319480502 0.638783710840944 0.0164450961307003 0.010967268587164 -0.769132399913865
1604567003.94447 -7.15875258138583 -0.665559089708504 -0.188531630188613 0.630580462168794 0.0169050223396804 0.010156704911251 -0.775873277214798
1604567004.08518 -6.93311200210631 -0.727212964410444 -0.18149199504325 0.622274381732294 0.0177462867860278 0.00867172455909354 -0.782549975617002
1604567004.22997 -6.69892037870879 -0.795806325818891 -0.175612640614775 0.614070325405211 0.018659446771423 0.00791401324088048 -0.788991019528959
1604567004.36924 -6.47392588685085 -0.86002360859068 -0.170331256428517 0.605561801742864 0.0190486093194332 0.0084068019334453 -0.795525851518468
1604567004.50446 -6.25771343501303 -0.928092368880158 -0.165210024833793 0.5979237506103 0.0196327311371831 0.00875054064674487 -0.801264733008134
1604567004.63881 -6.04566873747183 -1.00085239814445 -0.158592245756897 0.590151796017743 0.0201891630325359 0.00886747146738835 -0.806991092455705
1604567004.77568 -5.82451754206752 -1.0764669174015 -0.152471285944696 0.581734812894077 0.0198760959438912 0.00978903770666191 -0.813076701804879
1604567004.91063 -5.61066600550226 -1.15269098653414 -0.147624036100709 0.573919130031399 0.0194197295951463 0.0110614202063071 -0.818606957745579
1604567005.04545 -5.3931188574061 -1.2288631997988 -0.139105213150446 0.565708349171521 0.0186176137556206 0.0121663075834129 -0.824305422216465
1604567005.17754 -5.18274834409837 -1.30985947361715 -0.13039285601052 0.55763956202618 0.0182161574712733 0.0125366970736879 -0.829788600606633
1604567005.31601 -4.96535095260585 -1.40278159341235 -0.123680235570213 0.549148575790003 0.0185476636497055 0.0123860796123018 -0.835427082941885
1604567005.45256 -4.75394735007692 -1.49605123478732 -0.118676284480074 0.540002849111063 0.0184906987077489 0.0123825208941135 -0.841368938212922
1604567005.58885 -4.5432082868838 -1.59402687089359 -0.112851972457635 0.5305593313187 0.0182283656607897 0.0124614793656118 -0.847360156113096
1604567005.7292 -4.32910625501051 -1.69940741776563 -0.105426671902654 0.519828082311549 0.0180751497558485 0.0129185241819717 -0.853981946843469
1604567005.86867 -4.12173537870438 -1.81312176436404 -0.0985588094641413 0.508864432682994 0.0186917197688266 0.0123023678619205 -0.860555785819425
1604567006.01133 -3.91735097461303 -1.93871767655803 -0.0902240259817626 0.498124548250023 0.0202330703160116 0.011050898722158 -0.866798958775177
1604567006.14857 -3.71953375356568 -2.06179444433007 -0.080143297585756 0.486656491926865 0.0205928442629132 0.0102045887471914 -0.873291051138795
1604567006.29193 -3.51286531683252 -2.18942037326215 -0.0682265542655407 0.475230236732447 0.019596466804638 0.0110408096849825 -0.879573931574542
1604567006.43435 -3.31053574872716 -2.31817510472974 -0.0590743408154729 0.464249267115101 0.0189069017280487 0.0132195636646993 -0.885404082996375
1604567006.57666 -3.11179811046987 -2.45652051887724 -0.048742324841508 0.452127554279282 0.0184923906639486 0.0139153137831101 -0.891652998756402
1604567006.71 -2.937047292815 -2.59308709460195 -0.0396393350149693 0.441085719503391 0.0190742014236401 0.0133681163612914 -0.897162669951875
1604567006.84354 -2.76391226512856 -2.73426432224537 -0.031982425753493 0.429931467334805 0.0197197377518972 0.0133726644163849 -0.902547083084725
1604567006.97774 -2.58962993757476 -2.8768451651132 -0.0252090518511718 0.418207155214823 0.0193391609926124 0.0141407951061532 -0.908035687675872
1604567007.11562 -2.41550377795919 -3.02839472935115 -0.0202853939129445 0.406579038766541 0.0189900466999752 0.0153013605635544 -0.913290058922636
1604567007.25952 -2.24000934802505 -3.19636802771967 -0.0153089458551111 0.393809090878245 0.0194003105579055 0.0153068500715743 -0.918860015580607
1604567007.39495 -2.07829548549446 -3.36294357131514 -0.0114690036690269 0.380836522210667 0.0200161035654764 0.0147670361484873 -0.924307759132168
1604567007.52804 -1.91689619526647 -3.54274844768947 -0.010944110411903 0.367958955445377 0.0218473624340233 0.0142264888698202 -0.929476469243122
1604567007.66174 -1.74902865254554 -3.73245615614067 -0.00597669612197076 0.353905462857485 0.0221899104700773 0.0143325937211362 -0.934908074620272
1604567007.79648 -1.58159442554556 -3.93108812693627 0.000531382383403457 0.339082545639786 0.0221085176841254 0.0145006417659947 -0.940385012681842
1604567007.93295 -1.41181257700766 -4.15209470880295 0.00538038600202277 0.323691873679598 0.0220123091029143 0.0143841232594679 -0.945797085087391
1604567008.06514 -1.2579160975148 -4.36883008160342 0.0107906411173192 0.30825383880317 0.02188085302297 0.0132635622793234 -0.950959976576175
1604567008.19701 -1.11086387453646 -4.58840417082273 0.0158305027892582 0.292607310786316 0.021854295382101 0.0128291410710404 -0.955896837837186
1604567008.33093 -0.964292292555359 -4.81980757115657 0.0226308579995325 0.276382243810333 0.0217123128426668 0.0128472798344973 -0.960716596181331
1604567008.46285 -0.82814456803237 -5.04785339756023 0.0314394749786527 0.260314364976498 0.0208791092797976 0.0130957239913555 -0.96520930175569
1604567008.59723 -0.699602288534985 -5.27921001626543 0.03765841781184 0.244483074781016 0.0202051806506942 0.0142167310407299 -0.9693387753407
1604567008.73184 -0.579604856549457 -5.52038031317846 0.0418416650936306 0.228368997374474 0.020300404009344 0.0142503974554428 -0.973258660792493
1604567008.86446 -0.476247311428245 -5.75439690989016 0.0444909248837116 0.21277232021509 0.0209779101390321 0.0135453353062163 -0.976782673335235
1604567008.99491 -0.385566228402809 -5.9833163864907 0.0449883558642454 0.197415123506012 0.0213083535083172 0.0124560187612993 -0.980009219690554
1604567009.13122 -0.295510002588164 -6.22486728633087 0.0410336222370699 0.181409270356518 0.0209467757532996 0.012163758698372 -0.98310932870591
1604567009.26272 -0.213627998425555 -6.4584902612596 0.0332884441933262 0.166366317360666 0.0210055946378442 0.0130483857445818 -0.985753900865333
1604567009.40515 -0.139308569938457 -6.71196979426885 0.0260244674826995 0.150039138761155 0.0221226478957929 0.0122400300443297 -0.98835673061623
1604567009.5414 -0.0737072264519212 -6.97122524677583 0.0205002263957444 0.133200090701133 0.022484765237924 0.0114314604269593 -0.990768132754537
1604567009.67511 -0.0176747173976136 -7.22044273586839 0.0148888512103656 0.117688513477141 0.0227260664118587 0.0110162295318192 -0.992729360091605
1604567009.8097 0.0378240316964691 -7.47934102505577 0.00770349471229043 0.101300088605071 0.022944437892303 0.0121732236050961 -0.994516795959461
1604567009.94588 0.0843772938088761 -7.7473454855876 -7.96793238954218e-05 0.0845375215182737 0.0233007372344005 0.0124295396279894 -0.996070273446867
1604567010.0828 0.122520730531059 -8.02609784489398 -0.00268128690697527 0.0676728005384272 0.0233295388658836 0.0123468918333202 -0.997358350316298
1604567010.21884 0.152236638729941 -8.30962746605878 -0.00386661291864317 0.050447724809434 0.0232334499729993 0.0120253014155185 -0.998384007278647
1604567010.35199 0.175754323168743 -8.59148394284321 -0.00605596403081026 0.0335816924109997 0.0230580975036801 0.0127636317099599 -0.99908842640674
1604567010.48681 0.189277136907605 -8.87667538815425 -0.0107659600353035 0.016412255541405 0.0238588083576383 0.0133991901174018 -0.999490798775054
1604567010.62677 0.18902223448736 -9.1751976837919 -0.0168046791606657 0.00202447128035958 -0.0256831971745959 -0.0130427516132216 0.999582993817563
1604567010.76037 0.177046390439982 -9.45794943883552 -0.021132458569977 0.0196993786712241 -0.0270766479592921 -0.0120791129123115 0.999366241498335
1604567010.89618 0.155114278602462 -9.7529351897507 -0.025381040558798 0.0376791124529956 -0.0274838913729467 -0.0113559529704719 0.99884731692681
1604567011.03195 0.125072658526823 -10.0523447826943 -0.0358390504945898 0.0564430894839027 -0.0278566441940584 -0.0111844965452643 0.997954453900972
1604567011.16661 0.0844571873764168 -10.3465774243646 -0.0495182251921738 0.0749855437225808 -0.0284035303279781 -0.0112714792516205 0.996716289348688
1604567011.2989 0.0339782209401584 -10.6391320799805 -0.0632501601067687 0.0935758850801679 -0.028555030531962 -0.011319273673089 0.995138200455744
1604567011.43323 -0.0324510823909786 -10.9429091017386 -0.0721590308148637 0.112636307852805 -0.0274517843240366 -0.0111008330761845 0.993194962329013
1604567011.56644 -0.11549056622511 -11.2423689805155 -0.07890904329311 0.131300652136023 -0.0260547993253104 -0.00984066481301458 0.990951284118857
1604567011.70013 -0.212031613237049 -11.5459614743813 -0.0873235600331487 0.150722388711786 -0.0247681366515941 -0.00862161863358761 0.988228196642839
1604567011.83245 -0.312511184370798 -11.8421864451829 -0.09730721616798 0.169770327333375 -0.0238170472185604 -0.00941134769950677 0.985150856850557
1604567011.96422 -0.424266642927857 -12.1433530620384 -0.106638546697162 0.188794058463853 -0.0232147695292278 -0.0108050520019961 0.981682804583887
1604567012.09907 -0.551865239458342 -12.445444960817 -0.112389759436662 0.208138019458414 -0.0235167166191505 -0.0113799825988007 0.977750492145841
1604567012.23358 -0.694881628444628 -12.7454324474655 -0.118957118646444 0.228284087006749 -0.0237502715057841 -0.0115820541546917 0.973235920136764
1604567012.37254 -0.856748490532244 -13.047655759103 -0.125266632397531 0.248362204932336 -0.0232476493408546 -0.0114442760882652 0.968320603161003
1604567012.50632 -1.02173127021065 -13.3284638674872 -0.130086718117825 0.267319092042167 -0.0231767631542186 -0.011528031479442 0.963260320562232
1604567012.64055 -1.19602251013718 -13.6013434848971 -0.137071215261545 0.286962572157649 -0.023489581826686 -0.0113860266025132 0.957586069303684
1604567012.77312 -1.37994707191174 -13.8616865297108 -0.146648001100322 0.306096211798031 -0.0239336156202273 -0.0103763773717306 0.951643116908265
1604567012.90733 -1.56998620731584 -14.1130159492837 -0.153239298874797 0.32481397451736 -0.0242617327957001 -0.0106281376194544 0.945406945696258
1604567013.04008 -1.77421282648716 -14.3514254638085 -0.158998575859403 0.343056472073796 -0.0233329162766937 -0.00965223635733625 0.938975327854576
1604567013.17798 -1.98955317215333 -14.5855574919947 -0.168261352429861 0.361319850629627 -0.0233135530094158 -0.00950970359888017 0.932101930758929
1604567013.32027 -2.21701408094196 -14.8198595477072 -0.179721567906797 0.379460339044888 -0.0235781189683816 -0.00947039407167903 0.924859035223195
1604567013.45835 -2.44734538714358 -15.0372167772028 -0.186965871642903 0.396570357516105 -0.0226662885943452 -0.0101084756449869 0.917668790806924
1604567013.59286 -2.68176759004942 -15.2344545794066 -0.191772482247951 0.413607192918032 -0.0203857859000034 -0.00931417798581325 0.910179518440266
1604567013.73032 -2.92920257510576 -15.4253429439969 -0.199624631650909 0.431188759302095 -0.0189608529730011 -0.0083029877213013 0.902024279219222
1604567013.8673 -3.17632196390341 -15.6052072279378 -0.20829763396998 0.448241839275683 -0.0179905720060373 -0.0079222464103812 0.893696162492299
1604567014.0051 -3.42780439111834 -15.778587005272 -0.216729976823962 0.464694054515548 -0.0169811910659585 -0.00842762556973324 0.885268349132137
1604567014.13848 -3.67738000040418 -15.9427956139368 -0.229683358936677 0.480208730129701 -0.0172820654110405 -0.0100550249284188 0.876926337953216
1604567014.27406 -3.93408770136246 -16.1044550642583 -0.246216302500826 0.495520367050079 -0.0182308805098024 -0.0123439378579027 0.868317239280986
1604567014.40952 -4.19527565322748 -16.2536031885766 -0.261867492649087 0.510207774515057 -0.0185324833721881 -0.0142593751556314 0.859733240083587
1604567014.548 -4.47306913950519 -16.3890745313774 -0.274251037013471 0.524768551210049 -0.0172992619303875 -0.0141818963181792 0.850950983908233
1604567014.6807 -4.73903215486513 -16.5048279732865 -0.28822042809043 0.53837609126017 -0.0170852874668518 -0.0127740938090331 0.842434626448222
1604567014.82172 -5.02406301819259 -16.6189230156111 -0.306071096844124 0.552997830662632 -0.0169544371211954 -0.0110745994608534 0.832936551960057
1604567014.96136 -5.30879463073239 -16.7248441825831 -0.323208941753956 0.567024519538499 -0.0162320034016019 -0.0104970746948548 0.82347406014431
1604567015.0955 -5.58223619554746 -16.8204485066726 -0.340330644018819 0.580009123895603 -0.015753067952201 -0.0105331659503097 0.814389531773961
1604567015.22995 -5.85804651981971 -16.9130748333203 -0.359614972862471 0.593405228699109 -0.0176094281302012 -0.0105576658679191 0.804641956577525
1604567015.3651 -6.13946671028294 -16.9991716366149 -0.376460239108836 0.606934583587928 -0.0190058007707809 -0.0111221494944004 0.794446655586537
1604567015.50385 -6.4360082451915 -17.0764063150762 -0.393869853895535 0.621020331653083 -0.0202594568632247 -0.0117847013995448 0.783443950065367
1604567015.63841 -6.72774049718758 -17.1354185104205 -0.412496751732948 0.635434851787269 -0.020285486764146 -0.0109813456857958 0.771809858843331
1604567015.77749 -7.03314596179331 -17.1788695610197 -0.430461153935056 0.651188222974849 -0.0189869768750982 -0.00952284404317351 0.758618948095374
1604567015.9108 -7.32665470962439 -17.208816360918 -0.445285162881803 0.666981004981289 -0.0176013819130645 -0.00819135037870885 0.744821745203423
1604567016.04271 -7.62647562859584 -17.2255137627515 -0.452440483088828 0.68305604579625 -0.017176526011384 -0.00811085035408822 0.730118907686895
1604567016.17758 -7.93514770810021 -17.2322259912863 -0.459218461300217 0.699921093713938 -0.0173298214242037 -0.00903943327785448 0.713952679461115
1604567016.31071 -8.23871825381027 -17.2282612447584 -0.462525772587756 0.717023425953946 -0.0179101022956103 -0.0110138094350203 0.696731893105774
1604567016.44504 -8.54801160939191 -17.2067315468734 -0.467041851810616 0.734657002447874 -0.0185826259324724 -0.0126498072635472 0.678066189353188
1604567016.57894 -8.8489783096353 -17.162175787711 -0.470857741363886 0.752347482530342 -0.0180224160302747 -0.0129133214749455 0.658393274706822
1604567016.71406 -9.14973648290751 -17.0949358471753 -0.472999757007603 0.770818675180027 -0.0156651554870629 -0.0119120119675445 0.636750560948446
1604567016.84813 -9.44213028462587 -17.0110784256849 -0.477296611943099 0.788761459320651 -0.0142299156959216 -0.010857766393317 0.614438750974083
1604567016.98227 -9.72620793664887 -16.9174693052028 -0.483597657778464 0.806477612341336 -0.0134389994818647 -0.0101708075546831 0.591024372389862
1604567017.1169 -10.0030397626186 -16.8182866326552 -0.492996441477887 0.823943588490329 -0.0134770075019053 -0.0103537898708393 0.566416924437984
1604567017.24838 -10.2667684377221 -16.706687271649 -0.50409745273434 0.839920038344829 -0.0144950867789889 -0.00985683288106034 0.542427013054885
1604567017.38221 -10.5210367659888 -16.577321301162 -0.511392496774713 0.855196635216976 -0.0142545601860188 -0.0091691943813351 0.518026494015376
1604567017.51679 -10.7672208387906 -16.4305516433358 -0.515817392519691 0.870152171404229 -0.0130344916299854 -0.00892043349262905 0.492529924466277
1604567017.64718 -10.9942563350711 -16.2765889214822 -0.519397608561735 0.883886426724896 -0.011916601476191 -0.00852241599158935 0.467472082253496
1604567017.77951 -11.2122052729189 -16.1131219402975 -0.523110845061336 0.896971300184902 -0.0116460647186408 -0.0082712840385812 0.441857942874776
1604567017.91359 -11.4210582041239 -15.9384741365629 -0.527946586463114 0.909423619388776 -0.0119963880435224 -0.00812989278064657 0.415618421169109
1604567018.04837 -11.61650395607 -15.7516648242236 -0.539007526233363 0.921356636725758 -0.0116974814136974 -0.00689392217281356 0.388481133038726
1604567018.19018 -11.8025476798237 -15.5464461609404 -0.548665913735139 0.932813723331359 -0.011023225841468 -0.0057184601161578 0.36014489482795
1604567018.32934 -11.9707334164907 -15.3311283436462 -0.555368927870189 0.943207417208059 -0.00849303860794629 -0.00505319258531987 0.332057377065473
1604567018.46218 -12.1174849824249 -15.12011423551 -0.562385675826796 0.952084809124019 -0.00730605794860184 -0.00494703791921862 0.305706827807882
1604567018.59832 -12.2565031798465 -14.9058955465588 -0.570266750365673 0.960504114454853 -0.00681777278965091 -0.00458615627687214 0.278144443158752
1604567018.73347 -12.3850781348455 -14.6807806791711 -0.57722766500251 0.96805051802794 -0.00749721267098461 -0.00415777486002888 0.250608657584324
1604567018.86507 -12.4902574172393 -14.4579880620563 -0.581321743039921 0.974501470335777 -0.00620260534924583 -0.00376574278541212 0.224263753606247
1604567018.99702 -12.5843084225346 -14.2322585907697 -0.583528852967232 0.98024983953709 -0.00549770693307484 -0.00372179080304861 0.197651652103407
1604567019.12871 -12.6671091816863 -13.9998414016928 -0.583377458518453 0.985272582274187 -0.00411055281172366 -0.00339885884130916 0.170907839881365
1604567019.26064 -12.735449114285 -13.7659890058338 -0.581182485271478 0.989438873241332 -0.00311403673190292 -0.00351658805879831 0.144874609585604
1604567019.39279 -12.7932325087799 -13.5339167536121 -0.58004645301762 0.99292517871996 -0.0025899096577952 -0.00394790737783778 0.11864778067556
1604567019.5254 -12.8396911564736 -13.2982523997306 -0.580275569362587 0.995718209389847 -0.00241634769465511 -0.00366572227060672 0.0923361859377439
1604567019.65742 -12.8736222107433 -13.0630801186866 -0.580138652102622 0.997789887129147 -0.00277713269041113 -0.00304238338646872 0.0663202275339378
1604567019.79 -12.8981123465523 -12.8351413565629 -0.579238288826938 0.999181936028694 -0.00377702369840868 -0.00242697879038543 0.0401908270614492
1604567019.92481 -12.9092343485935 -12.6027200058674 -0.578826705061505 0.999895669739816 -0.00445138806027877 -0.00184121163851791 0.0136178089134491
1604567020.05735 -12.902102474372 -12.3793217539087 -0.579962863235869 0.999911686740527 -0.00362066790730652 -0.00139072069840902 -0.012711230450174
1604567020.18906 -12.8819149050688 -12.1633496834931 -0.581239441991621 0.999240236536535 -0.00238479256986243 -0.00072921935740941 -0.0388938387143448
1604567020.32114 -12.8515746504439 -11.9500976934914 -0.584193333402931 0.99789747833506 -0.00141768164852599 0.000259886953365881 -0.0647961832984307
1604567020.45266 -12.8109452277154 -11.7387084273983 -0.585450181422937 0.99589325235993 -0.000474558189260051 0.00109894848500676 -0.0905273274249982
1604567020.5865 -12.7595504546721 -11.5336357372497 -0.584844539216441 0.99325594214845 0.000805576106821904 0.0023611637677239 -0.115915526740786
1604567020.71809 -12.7018519384962 -11.3399579719113 -0.584239471847422 0.990093612785867 0.0014403996147215 0.00323503142175529 -0.140364161171149
1604567020.84964 -12.6336370606485 -11.148996173423 -0.584278074985669 0.986331110830927 0.00264029357976069 0.00390944002623011 -0.164707877575795
1604567020.98168 -12.5589256966467 -10.9626250995189 -0.585199224085694 0.982168654806566 0.00325612306509262 0.0049021102423824 -0.187909820108523
1604567021.11352 -12.4794675927059 -10.7793161201143 -0.586951711514049 0.977591594521799 0.00358021965876325 0.00583641924748811 -0.210399126799255
1604567021.24588 -12.392795107004 -10.5963314408405 -0.590059242637765 0.972541239841925 0.0030094097769402 0.00689735802970413 -0.23260891365495
1604567021.38097 -12.2957962417143 -10.4131741009778 -0.593796312447981 0.966902268078714 0.00264571739094553 0.00784733352142467 -0.255012594826864
1604567021.51499 -12.1888747278689 -10.2394658074661 -0.595120661958255 0.961008385781976 0.00336391510999609 0.00833729063551988 -0.2763730379699
1604567021.64777 -12.0703572280738 -10.0738579766674 -0.59590316824973 0.955071132204708 0.00534612944063513 0.00841370092559141 -0.296208981913033
1604567021.78008 -11.9457275060344 -9.91317234894476 -0.596755671935853 0.948986608956005 0.00725916664272027 0.00849624328087812 -0.315118286317929
1604567021.91501 -11.8146976742142 -9.75397300143335 -0.595960122902185 0.942831262129151 0.0087062357609889 0.00806231539170734 -0.33305917144158
1604567022.04874 -11.6726587044369 -9.5949602688737 -0.592116803845393 0.936768911333231 0.00938233989191178 0.00784966205759894 -0.34973470125695
1604567022.18211 -11.5269707874475 -9.44001760922357 -0.58790809156221 0.930556696970403 0.00977127605952493 0.00765034177388338 -0.365937464819393
1604567022.31581 -11.374920421843 -9.29085695688435 -0.584186894466565 0.924326748524358 0.0103649705961935 0.00747688825650662 -0.381387893736716
1604567022.4492 -11.2138886123983 -9.14431960192132 -0.578170160782497 0.918285683647534 0.0112243226315323 0.00672502885213219 -0.395702150330754
1604567022.5831 -11.0497308401866 -9.00015697264093 -0.573417026583107 0.912477196420583 0.0113391605761169 0.00658355541446998 -0.408917407611814
1604567022.71733 -10.8801355376044 -8.85998977676988 -0.571178721665032 0.906829306800616 0.0120525360176691 0.00680672705563493 -0.421270712452038
1604567022.85462 -10.6985258996388 -8.71702251204632 -0.566172510188866 0.901605758359995 0.0124083338297934 0.00663195088960246 -0.432329858986243
1604567022.99213 -10.5155792130454 -8.57053408104606 -0.560606788859741 0.897285142508353 0.0119298018040493 0.0061744648988425 -0.441247015679306
1604567023.13072 -10.3287597688094 -8.41633821306116 -0.559558898787982 0.893155473071666 0.0110209973081905 0.00632063170483211 -0.44956855779215
1604567023.26803 -10.1415874186647 -8.26889075149289 -0.560051460155107 0.889225365535084 0.0108433113446413 0.00673095800916277 -0.457291336122126
1604567023.4055 -9.95006337672374 -8.12998365551466 -0.55914303928562 0.886410206166784 0.0119948103105237 0.00674796694048432 -0.462695943218811
1604567023.53886 -9.75715332733576 -7.99254815886035 -0.558202143200341 0.884230721730321 0.0127407347812543 0.00612395338931657 -0.466836375639682
1604567023.67696 -9.55748018350414 -7.850759744788 -0.55826010053022 0.881902634338793 0.0130810599524168 0.00538222187375224 -0.471219334391661
1604567023.81612 -9.3522931922428 -7.70729717365713 -0.559702063088593 0.879735067964528 0.0134426751144182 0.00480267728211029 -0.475249870036952
1604567023.95392 -9.14458232703348 -7.56622234648002 -0.559655408768158 0.878327027793881 0.013643929012031 0.00413444655152717 -0.477847655429631
1604567024.08981 -8.94035235828011 -7.43003462289426 -0.552802192250214 0.877988565673209 0.012798553053883 0.0037900058700036 -0.47849546648044
1604567024.2287 -8.72778957994886 -7.28450205753102 -0.545341275197718 0.878719744750187 0.0114364467725556 0.00421828126596271 -0.477182380201267
1604567024.36602 -8.52277183768714 -7.14360005121394 -0.537887449731127 0.879322858574886 0.0105108421550034 0.00469703156131126 -0.47608693584197
1604567024.50665 -8.31008138822072 -7.00186430767944 -0.527693500112938 0.8801612477881 0.0105913560837691 0.00431810189649301 -0.474536990196142
1604567024.64645 -8.09386697156753 -6.86039510156086 -0.519995260305828 0.881978758380039 0.0110609582273768 0.00356928623670927 -0.471145821551309
1604567024.78639 -7.88199903412159 -6.71153347240135 -0.511423649987184 0.883676287458037 0.0101066027088141 0.00316305085287599 -0.467978707502135
1604567024.92532 -7.67147903425935 -6.56061083328414 -0.501587998992775 0.885485363568132 0.00912959503324461 0.00276370023063673 -0.464569352586003
1604567025.0648 -7.45914758334822 -6.41203370474802 -0.498175665114677 0.887338719861851 0.00989077317291626 0.00237788212874912 -0.46100598099868
1604567025.20507 -7.24684693378533 -6.26473743365825 -0.497519619624315 0.888954361947166 0.0115603424944672 0.00181674726767935 -0.457846262719139
1604567025.34487 -7.02980195414728 -6.10826784624611 -0.496254004935619 0.890632962981511 0.0126114089679614 0.00179663481465564 -0.454544441961357
1604567025.48364 -6.82538586542209 -5.95187161441522 -0.493750199185431 0.892134443986082 0.0126659788095249 0.00298970743586431 -0.451582515697728
1604567025.6209 -6.62364829614981 -5.78990864570705 -0.490642668992013 0.893684057644961 0.0115546507585213 0.00434466167616132 -0.448526943529602
1604567025.76016 -6.4190195777607 -5.62673591697253 -0.486167595379956 0.895673526959609 0.0101803153791552 0.00451061052663888 -0.444572770955659
1604567025.89672 -6.21980422671166 -5.46671153083739 -0.481251393569944 0.897594402212926 0.00984499468404216 0.00445118131508886 -0.44068985940295
1604567026.03243 -6.01397698694851 -5.30597998504184 -0.470687922783017 0.900099394470747 0.010329584038072 0.0050652929462783 -0.435532688296027
1604567026.17292 -5.80286993839733 -5.13834796270327 -0.458962367385263 0.902775404417674 0.0110714086366222 0.00572314138425897 -0.429931667526366
1604567026.31821 -5.58367330999264 -4.95624321683095 -0.445705142366013 0.905696981378222 0.0109288821922527 0.00622037986655957 -0.423739122964495
1604567026.46002 -5.36572721671986 -4.76979103096923 -0.431889302023591 0.908922548118885 0.0108921179982697 0.00720981632927523 -0.416760341005575
1604567026.59946 -5.1522385169134 -4.5850097957373 -0.419857885339774 0.912014087195505 0.0117766855971848 0.00773204016993596 -0.409916857409044
1604567026.73382 -4.93223662267359 -4.39464909944747 -0.404764402727785 0.915352329184238 0.0128714389275346 0.00664873629646226 -0.402393133418782
1604567026.86969 -4.71351143954077 -4.19605809228875 -0.38566918553088 0.918703709791909 0.0135403919197359 0.00502959561119389 -0.394683233200033
1604567027.0096 -4.4938120280386 -3.98037984843722 -0.376018711016996 0.92230322328047 0.0132511810825683 0.00448071373747218 -0.386213792776456
1604567027.14282 -4.28407980418979 -3.76179641378962 -0.375058345211562 0.926110162905412 0.0122656317368613 0.00445383244736855 -0.377027431121315
1604567027.27422 -4.08097639490221 -3.5382024964031 -0.374351089166559 0.929798640435335 0.0109131478594698 0.00454780754220081 -0.367878660559373
1604567027.40689 -3.87445284318576 -3.30566241592251 -0.37000713942957 0.933503482564635 0.00984068989735717 0.00378661567607826 -0.358413267616816
1604567027.54094 -3.66216654923747 -3.06223154331674 -0.363540021921553 0.937272956788411 0.00982348032172368 0.00219392747366992 -0.348450987069513
1604567027.6757 -3.4571708726172 -2.81345955587556 -0.357014377572142 0.941279206096529 0.0090915228208247 0.000953877295360094 -0.337505393292007
1604567027.81414 -3.25473337771731 -2.5507794730346 -0.353928183137162 0.9458551587582 0.00814281198333883 0.000571631235481227 -0.324486342549629
1604567027.95579 -3.05813842171908 -2.27879049296192 -0.352409290758191 0.950428884147133 0.00693706181783411 0.00112998704560984 -0.31086256847914
1604567028.08899 -2.87795017502861 -2.02279121048975 -0.346881150399711 0.954359264805788 0.00702405233245356 0.00103721680859424 -0.298576590759353
1604567028.22795 -2.69370931269493 -1.75153392103377 -0.340967510687991 0.95823509997299 0.00729229819865623 0.000375143355148944 -0.285888395766948
1604567028.3608 -2.52335011207039 -1.49272861755228 -0.336827464933487 0.961685595673287 0.00877632661196732 -0.00037574898443396 -0.274013959459031
1604567028.49398 -2.36268860800936 -1.22744814671366 -0.333766430539671 0.965012919197808 0.00876052343324172 -0.000554675950573087 -0.262055359313811
1604567028.62773 -2.21312147918995 -0.951030636734958 -0.329360303483452 0.968267713921844 0.00750084474466495 -0.000463768078090486 -0.249802234625419
1604567028.7613 -2.07558240414228 -0.675844399227596 -0.325999706371745 0.971462979016327 0.00555471781764897 0.000344907555299211 -0.237125929728212
1604567028.89435 -1.94713674539903 -0.403062668788405 -0.323605175081052 0.974492470302246 0.00397531682807709 0.000994033394697793 -0.224382784718333
1604567029.02768 -1.81331156963078 -0.119631175142295 -0.321381989565423 0.977485171547066 0.00391719356288447 0.000514080145850547 -0.210967131851853
1604567029.1604 -1.68942254176695 0.15941828358184 -0.318223763064708 0.980124107795411 0.00414281259326342 -4.83722258662294e-06 -0.198342054034609
1604567029.29434 -1.57192109470978 0.443084334328672 -0.317547346538701 0.982672573950036 0.00464518086888658 0.000141272624675879 -0.185291701765493
1604567029.42788 -1.46383705026185 0.730423184200734 -0.317970220282358 0.985081971779513 0.00445413655592927 0.000538434165731412 -0.172027264208837
1604567029.56265 -1.36611944199223 1.01748689158232 -0.319023278483079 0.987387027405709 0.00411699533396961 0.00118359457629128 -0.158267203059313
1604567029.6954 -1.27693000958606 1.30184275623116 -0.319499674467187 0.989592596618461 0.00391059557056462 0.00133974215505189 -0.14383812099431
1604567029.82893 -1.19695151259341 1.59172316178002 -0.317786146829479 0.991677427322372 0.00321116185561967 0.00125611999055736 -0.12870116837616
1604567029.96873 -1.12596207955236 1.89261136678319 -0.315837091844849 0.993665976098002 0.00255152720994993 0.00137568224982975 -0.112336659877571
1604567030.10077 -1.07282585467178 2.16929615284148 -0.314167755700414 0.995264143633979 0.00227048879058318 0.00218846576696159 -0.0971562653397136
1604567030.23227 -1.02470286237552 2.45356509900989 -0.311972079976165 0.996711743963528 0.00228322136023266 0.00282881773818571 -0.0809474158673791
1604567030.36398 -0.988616567337983 2.73145468553919 -0.30875965262669 0.997895808228599 0.00209395592291273 0.00346981359485308 -0.0647111401692226
1604567030.49345 -0.966837487093338 3.00353227761077 -0.30683002347421 0.998795244181613 0.000534993495972204 0.00473968401429087 -0.048839629171366
1604567030.63126 -0.954670159060358 3.28966838115705 -0.302480853815839 0.999486948643516 -0.00141650046407822 0.00473911074559479 -0.0316444915751544
1604567030.76442 -0.947342166325672 3.56628555919581 -0.301013006864768 0.999880708488479 -0.00190179853008702 0.00458144846052917 -0.0146274497070302
1604567030.8979 -0.945431606082232 3.84389496718908 -0.304046692768887 0.999983321112644 -0.00106822720228393 0.00526164527706854 0.0021287264148017
1604567031.03785 -0.950541663189545 4.14490248512614 -0.30369496857228 0.999775313743346 -1.91229243626023e-06 0.0048445388877665 0.0206361931736808
1604567031.17754 -0.969577911684352 4.44700469004545 -0.29860314300293 0.999209220614675 -5.16864137058547e-05 0.00352402859365765 0.0396044440637564
1604567031.30978 -1.00252716550882 4.72918038846123 -0.295211214895357 0.998384101615598 -0.000815762961755591 0.002718089010369 0.0567550188453677
1604567031.44339 -1.05090912460393 5.01637439398417 -0.294646644450852 0.997200739664746 -0.00282155527791598 0.00216755071493429 0.0746861791886278
1604567031.57902 -1.10962665768798 5.30326174698851 -0.293688673994034 0.995689100012191 -0.00476913069031633 0.00184720063723652 0.0926124147141105
1604567031.71412 -1.17410875555741 5.59357070568216 -0.290785914605779 0.993878244139959 -0.00478388368554807 0.00066727915168229 0.110375291712814
1604567031.8467 -1.24275013418448 5.87781083249605 -0.286312274751492 0.991787091773516 -0.00393626131107006 -0.000654220612229013 0.127837562686847
1604567031.97936 -1.31724668660752 6.16497083127387 -0.287480045758041 0.989341541462979 -0.00192786838438214 0.000314473676594381 0.145600476528946
1604567032.11239 -1.40292871921821 6.44301777877652 -0.286768497707235 0.986619622409257 -0.0010814619051157 0.000410972041000608 0.16303491104406
1604567032.24907 -1.51017541603321 6.73394129036659 -0.28303012339303 0.983361138695841 -0.00144190664456156 -0.000541349906544087 0.181654889139615
1604567032.38207 -1.62664732525553 7.0113401012308 -0.280393294358099 0.979785718385968 -0.00242098678680043 -0.00117413992355725 0.200031763141035
1604567032.51925 -1.75545741138632 7.28864873309529 -0.278619385803311 0.975750734106397 -0.00333271202139484 -0.00141087819057891 0.218854763128749
1604567032.6597 -1.89538573658189 7.57332593723201 -0.279610492280653 0.971010697614336 -0.00297765427260495 -0.000412128435866242 0.239017130858242
1604567032.796 -2.04077655982472 7.83958037987188 -0.279775947309024 0.96612287296524 -0.00301106718202032 -0.000291672370402951 0.258064803363503
1604567032.92865 -2.2008566764354 8.09951157028465 -0.275612335077988 0.961008877958677 -0.00348843105638731 -0.00156742866023703 0.276491067669037
1604567033.062 -2.37356846194042 8.35547283384064 -0.280427784583675 0.955518445892511 -0.00429842454152648 -0.00295451906028129 0.294885221607905
1604567033.19611 -2.55185577271116 8.60304823804281 -0.291377037406704 0.949655998773411 -0.00512091951958754 -0.00326939116945339 0.31323564812826
1604567033.33187 -2.74323390554199 8.85292714877403 -0.30695022537265 0.943301807511466 -0.00500197970481921 -0.00305706090382292 0.331884519860845
1604567033.46678 -2.94189184537418 9.09040969784747 -0.320639963290016 0.936794628106152 -0.00530467330752184 -0.00317804486481862 0.349825078036716
1604567033.59997 -3.14109139417552 9.31515732925089 -0.330324692823224 0.930177795749388 -0.00453486683901206 -0.00395136762938207 0.367060063165988
1604567033.73617 -3.35866742827807 9.54570346388258 -0.34013086502678 0.923137969945265 -0.00345638657856568 -0.00470535860183959 0.384424506811912
1604567033.86828 -3.57335050684942 9.75402410901238 -0.349124910072301 0.916515104326595 -0.0030430377248147 -0.00496434217959389 0.399957696224664
1604567034.00122 -3.79483099016956 9.94801198860108 -0.351637235192757 0.909806703106868 -0.00409452890867729 -0.00540363482269121 0.414976865072658
1604567034.13529 -4.02204070918013 10.1261964898822 -0.350543449610043 0.903230308995392 -0.00574321899148414 -0.00566377332140615 0.42908034914159
1604567034.26856 -4.25322799773396 10.2943081063472 -0.35184334618095 0.896815569866042 -0.00857817224990785 -0.00624420642156027 0.442277354714054
1604567034.40373 -4.48628891524504 10.4646825440489 -0.350549082805986 0.891112157596419 -0.00865478656192173 -0.00565037720735153 0.453665394857088
1604567034.53726 -4.72394618381039 10.6347629038462 -0.347270076848849 0.885950684982949 -0.00786470587506041 -0.00520393043911829 0.463683565902143
1604567034.67084 -4.9635570488301 10.7966731414794 -0.345152780707945 0.880669040671954 -0.00739321047557024 -0.00511907624974769 0.473646678758706
1604567034.80544 -5.20606261440708 10.9474821628218 -0.34430731906061 0.874903894455371 -0.00829099915932778 -0.00493692414416563 0.484200435336195
1604567034.93943 -5.45173443461369 11.0930501344086 -0.344776557281785 0.868300926042454 -0.00870484892316773 -0.00407285879700429 0.495944693751491
1604567035.07266 -5.70370754992105 11.2345809235444 -0.346174329558674 0.861224088667257 -0.00824253819109702 -0.00398774986072832 0.508142920362441
1604567035.20582 -5.95663094845667 11.3659556333871 -0.346796758576649 0.854056380575145 -0.00805492811486369 -0.00438275922296654 0.520099613875593
1604567035.33991 -6.22123390374487 11.4932994391219 -0.346286563406538 0.846547454065135 -0.00768192958054199 -0.00515233758201767 0.532232890181731
1604567035.47572 -6.48825161917394 11.6086296556226 -0.347393420884719 0.839248564886655 -0.00813895304027485 -0.00587535320659495 0.543655298883214
1604567035.61196 -6.75798734364002 11.7147776937634 -0.351565219540765 0.831324195074578 -0.00988140623487 -0.00616735416283488 0.55566573066643
1604567035.74846 -7.03052682378472 11.8125808374387 -0.353136887167401 0.822782625772872 -0.0114363292438486 -0.00683782614274854 0.568199969406341
1604567035.8839 -7.30251325340551 11.9005643548109 -0.350274706106618 0.81448941427686 -0.0123206771609261 -0.00852084477614414 0.579984991314029
1604567036.01876 -7.57508172053308 11.9890332141434 -0.355016351279699 0.806013952091802 -0.0117893538059826 -0.00833767898599279 0.591720375920348
1604567036.15513 -7.8493011578484 12.0804676238715 -0.368962795396242 0.797069166619183 -0.0105562235398181 -0.00516633820213019 0.603773648579632
1604567036.28977 -8.12990814068306 12.1633513530821 -0.381685740915322 0.78822784776972 -0.00918562673206483 -0.003013402266882 0.615307568349872
1604567036.42473 -8.42734086289136 12.2315411565782 -0.390575825168775 0.779327165531856 -0.00900130741440256 -0.00353756236213074 0.626542601250265
1604567036.5585 -8.72532210628345 12.2845720745257 -0.39802075180299 0.770342661700545 -0.0101208923650849 -0.00480390975637244 0.637531703959032
1604567036.69529 -9.03560782079056 12.3320503030342 -0.407078661606397 0.760611391447564 -0.0118087039438584 -0.00521492251008189 0.649079094020583
1604567036.82987 -9.34195719449647 12.3727140423921 -0.415307341393015 0.751190957444647 -0.0125804292141181 -0.00547316652710539 0.659942363166928
1604567036.9634 -9.64849994572314 12.4057415310609 -0.422438721596393 0.741872670072477 -0.0123995657659599 -0.00554732456773877 0.670403176721658
1604567037.09739 -9.96142645746719 12.4289663884862 -0.42722207206098 0.732051342979929 -0.0125027457744917 -0.0051449378000079 0.681115292886905
1604567037.23072 -10.2775104172224 12.4416490915808 -0.432397848335146 0.722252994882256 -0.0126687972657998 -0.0052757131940604 0.691492790858837
1604567037.3643 -10.5959410522571 12.4459102617225 -0.437124185121094 0.712483215946322 -0.0128963108254497 -0.00514608295914482 0.70155175859808
1604567037.49818 -10.9221495979199 12.4419616853322 -0.44141290871653 0.70253692410876 -0.0124743562685141 -0.00514096862745641 0.711519382126067
1604567037.63293 -11.2520029935302 12.4244757071562 -0.445284541454777 0.69295815745873 -0.0127782240199612 -0.00620327138274272 0.720837865560939
1604567037.76625 -11.5798854943263 12.401043402071 -0.448183175153362 0.683386404526271 -0.0125619467547721 -0.006132957107135 0.729923014049775
1604567037.90599 -11.9191971218004 12.3726848807865 -0.452869635359396 0.673165174040123 -0.0120703728323019 -0.00559930584101221 0.739372438175321
1604567038.04709 -12.2792991290348 12.3336037586191 -0.459106221060969 0.662684561801972 -0.0117833530919003 -0.00423775396623198 0.748793940667632
1604567038.19282 -12.6426580091653 12.2800784499077 -0.464860427590352 0.651553652721374 -0.0126055994944619 -0.00415716844760176 0.758486423370464
1604567038.32921 -12.9857014251194 12.2153023302329 -0.471183909992801 0.640575095667726 -0.0137112420619773 -0.00497800765844983 0.7677569720238
1604567038.46332 -13.3224960701092 12.1447536328711 -0.478591962485999 0.629715920733585 -0.0146829737309487 -0.00473508524085325 0.776672291526376
1604567038.60559 -13.6742992347573 12.0634761624131 -0.487131212534946 0.6183361500407 -0.0155310708566594 -0.00398588113990609 0.78575015376545
1604567038.73725 -14.0061522344565 11.9770189822783 -0.493119635326297 0.606928700588031 -0.0154573322616799 -0.00331213506748044 0.794599051750737
1604567038.88045 -14.3668022271548 11.8713902711524 -0.497524155198821 0.59373372320593 -0.0152743605479851 -0.00347008611601805 0.804509116381053
1604567039.02305 -14.7197028620302 11.7488869927403 -0.505058216748184 0.580470694738676 -0.0154888830761379 -0.00374713720998375 0.814125190626959
1604567039.15912 -15.0512922499818 11.6228667374466 -0.512687457498633 0.566649722478157 -0.0152938166074155 -0.00377180112785166 0.82380820869014
1604567039.2931 -15.3754540199141 11.4908272818021 -0.518037059238515 0.552195484671693 -0.0142925433705749 -0.00321824415365528 0.833585936071838
1604567039.42695 -15.6963321645389 11.3452292254878 -0.525907022433711 0.536661473497771 -0.0139567877868882 -0.00209315197764364 0.843679613154586
1604567039.56291 -16.0057725431595 11.1824024149224 -0.533138059596941 0.520036080399983 -0.0145806027493672 -0.0030067697027616 0.854014543460263
1604567039.70302 -16.3144790968932 10.998763303418 -0.541562344723037 0.502690680452903 -0.0156826532476598 -0.00443975492985224 0.86431268806438
1604567039.83969 -16.6064454687052 10.8161071230668 -0.55186646461481 0.484843962482624 -0.0163246382934127 -0.00432115309869621 0.874437628344432
1604567039.97407 -16.895928277598 10.6231097876956 -0.561250454370846 0.466380347446163 -0.0163687794327407 -0.00361215921121058 0.884425455808296
1604567040.11386 -17.1763894528061 10.4220626377776 -0.567241366065182 0.447207913904124 -0.0160938708088832 -0.00267607866730599 0.894281224037984
1604567040.25175 -17.4456642144421 10.2079697270281 -0.572161110920076 0.426873208101633 -0.0158587572462496 -0.00258672722929605 0.904168719247611
1604567040.38543 -17.6930067499406 9.98829986515461 -0.573874265034332 0.406785419521396 -0.0153630897695824 -0.00308140824891995 0.913389348996767
1604567040.52522 -17.9387046842248 9.74770133331366 -0.578252404847634 0.38521198765519 -0.0159050500229143 -0.0033730992749648 0.922684873698375
1604567040.66669 -18.1710526193368 9.50146428274113 -0.58453933207182 0.362705675541837 -0.0161971551254256 -0.00287246987323793 0.931758549202748
1604567040.81315 -18.3980086933478 9.23519307655756 -0.589751897007159 0.338730265608063 -0.0164063403740753 -0.00239270520187843 0.940737431018049
1604567040.9515 -18.5967677826904 8.97348494686039 -0.593648116982206 0.315074872326866 -0.0161231102242575 -0.00226223665425994 0.948927158653511
1604567041.09245 -18.7839784066519 8.69876100275784 -0.601569682045283 0.289016768084129 -0.0156753684276468 -0.00166450142135612 0.957194243623457
1604567041.22655 -18.945125017799 8.43004777040499 -0.609752956227616 0.263696365886965 -0.015883802820171 -0.000685965148323428 0.964474707225541
1604567041.36195 -19.0885925283445 8.15601449195206 -0.616266343195238 0.237828134880036 -0.0166550470334331 -0.000244468095031292 0.971164418573471
1604567041.50098 -19.2181189106563 7.87188247132658 -0.623727826629873 0.211299364232027 -0.0171501380353647 0.000447026304056278 0.977270817945564
1604567041.63319 -19.3266124547373 7.59083878211774 -0.630101620320073 0.185166053741467 -0.0177969739100251 0.000196752711476925 0.982546060777727
1604567041.76511 -19.4158716378013 7.31540234503437 -0.636134921529625 0.159825449310221 -0.0190358062751356 0.000611526721805865 0.98696154426974
1604567041.90711 -19.4954422382705 7.01837956026008 -0.643098194345963 0.132297610592759 -0.0201850411309019 0.000322387553487298 0.991004441166767
1604567042.03879 -19.5537884014304 6.73522626619099 -0.642104903368907 0.106979341728131 -0.021348576050507 1.3355052703495e-06 0.994032020984358
1604567042.1742 -19.5984129562705 6.4457668820365 -0.639893812229963 0.0819393413876296 -0.0230952645356161 -0.000254502127241175 0.996369654454439
1604567042.30803 -19.6299257616383 6.16455620924888 -0.638079034199371 0.0581954626699702 -0.0245455969297972 -0.000321826028066126 0.998003355818003
1604567042.44662 -19.649955082031 5.87233701544121 -0.63548656930317 0.0340872740192392 -0.0259651332575038 -0.000324381646474148 0.999081460333143
1604567042.58647 -19.652197153618 5.57742569594854 -0.628590305835641 0.0124764521001314 -0.0264787549923138 -0.00178030950171091 0.999569929607293
1604567042.72191 -19.6418509981826 5.29385369208762 -0.620906202903402 0.00563587289408812 0.0266221712377815 0.00338351685151408 -0.99962395366909
