1606899872.88771 0.000455922156624758 -0.000323600591329987 0.0006582507666314 0.999999999285095 -3.21397591166063e-05 1.8820678760026e-05 6.52900898001735e-06
1606899873.90623 0.00420149758531685 -0.00179899031023342 0.00471969275694304 0.999999991739576 -0.000116759028510043 2.84619225482735e-05 -4.55861317110763e-05
1606899874.93941 0.00404580095340288 -0.00188934660351109 0.00742544131059162 0.999999932262014 -0.000176229459573176 -4.7464635701862e-05 -0.000319634563442153
1606899875.93676 0.0060503912837732 0.00413965338127772 0.00877192758398347 0.999999460313325 -0.000180510838901979 0.000344143775848503 -0.000963511264851748
1606899876.91425 0.006145323330403 0.0827099336407213 0.0117967531610987 0.999987251141478 -0.000338019739438706 0.000464022691987639 -0.00501676988792102
1606899877.92803 0.0137915957099492 0.261259908014644 0.0172818967509832 0.999821556637882 -0.000374605145002823 0.000302079673149797 -0.0188844724855765
1606899878.96763 0.0400432166710215 0.552310521982693 0.0250101391957292 0.998866707463273 -0.000755130655303657 0.000335275405391743 -0.0475880036309143
1606899879.93453 0.102797776829663 0.919379188246283 0.0341948002865413 0.996136976476782 -0.00112953784486811 0.000355107380608427 -0.0878050234252008
1606899880.92396 0.229537762277734 1.35789828560686 0.0425385879566017 0.990200668241688 -0.000733748770072279 0.000738028333912621 -0.139647962894689
1606899881.96589 0.450179132498766 1.86973748259623 0.0503030807112212 0.980367041355765 0.00220260715894535 0.00215941607980193 -0.197157169961535
1606899882.94302 0.744973092263933 2.39693516696235 0.0581724678625637 0.969350791382967 0.00334438422815393 0.00148314551665679 -0.24565353369884
1606899883.93444 1.12904669754912 2.9716283309827 0.0636388770496835 0.9586218118368 0.00355330127289304 0.000467774016211954 -0.284660108038102
1606899884.91258 1.61387919088949 3.59855552042196 0.0784164037788473 0.952279397574771 0.00582449309076793 -0.00124861202891014 -0.305169567950129
1606899885.933 2.15496032081597 4.28582185643462 0.0961456524483833 0.952293261936704 0.00613418027605192 -0.00160252397763896 -0.305118578620172
1606899886.91929 2.67655671716403 4.96943779266194 0.102120532199661 0.958131462650455 0.00867803489804308 -0.000421529389620186 -0.286196810433977
1606899887.92629 3.17240494307956 5.71546283566196 0.114621788205986 0.968204212706891 0.00897970382881427 0.000121013819620021 -0.249999905542847
1606899888.93525 3.57842234754523 6.47544739157137 0.132802503806745 0.978770743079721 0.00800140548487355 0.000367718422314689 -0.204801549761225
1606899889.94495 3.9089041004902 7.27433051514138 0.147197195278333 0.988815124285099 0.00778646846032464 4.66882376801339e-05 -0.148943004918559
1606899890.94709 4.12008026144326 8.11336524109087 0.155516404992548 0.996699621377903 0.00521106175114465 -0.00120653787333351 -0.0810015669412085
1606899891.92746 4.20901801190664 8.91750772018026 0.159029285906781 0.999919785870621 0.00379280286952315 -0.00152204712254582 -0.0119883211251737
1606899892.95022 4.18101415353734 9.7820090828586 0.158333104395106 0.998043368744174 0.00319086440320882 -0.00128761871857717 0.0624307178252502
1606899893.95696 4.02015551160433 10.6262979361794 0.150737930912783 0.990679904244242 0.00118394438759804 -0.000485498858017133 0.136204588370459
1606899894.95859 3.71318732244979 11.4862933610426 0.152991456838466 0.978292156474771 0.000200915799067447 -0.000786107943906045 0.207228854764691
1606899895.96015 3.28592940873915 12.2758554262804 0.149189124549948 0.962178607602183 -0.00474995571157861 -0.00175938085996785 0.272372299568903
1606899897.00507 2.71062822754341 13.0977422327508 0.141234276282591 0.941921035464368 -0.00795724701232814 -0.00364716103156106 0.335720335079851
1606899897.9594 2.10213264697203 13.8011163001461 0.1297192838685 0.922840514532453 -0.00705818532472713 -0.00339984482237818 0.385102593879324
1606899899.40724 1.04752090314419 14.7641301965474 0.101278847681828 0.900871313921111 -0.0116861113182821 -0.00429388914948324 0.433907678051772
1606899900.15567 0.471629257501785 15.2389265950973 0.0912211540241303 0.893820065736767 -0.0118170542006043 -0.00453709651526052 0.448247099345387
1606899901.23184 -0.395259223408969 15.9189413038639 0.0761522239906212 0.88881715880013 -0.0109322684871946 -0.00582427232819887 0.458094555283116
1606899902.16089 -1.15283535981972 16.503021176619 0.0579913653825152 0.890628764309897 -0.0121632440282587 -0.00605221138447149 0.454528140400452
1606899903.152 -1.96148674531477 17.1654603565772 0.0426447118506214 0.89808477968676 -0.0114531690128134 -0.00678541924458975 0.43962087245742
1606899904.14967 -2.74727591287794 17.8690291401041 0.0220807143509434 0.909911081123007 -0.0114607962198697 -0.00718673498386566 0.414582712422791
1606899905.15436 -3.49953698869395 18.6394722311051 0.00608862211395591 0.923939835657899 -0.0103888382473892 -0.0070428906211137 0.382331858227932
1606899906.15166 -4.19135379176726 19.4546188558401 -0.0104906955454283 0.937322545423664 -0.00995787180571245 -0.00694732447171361 0.348251376612196
1606899907.15778 -4.81980151661356 20.3159389797208 -0.0283755943272918 0.948209117750953 -0.00868222198621612 -0.0063423371998315 0.317464742600159
1606899908.14622 -5.40387451203752 21.2253100697995 -0.040602107036123 0.958666451056571 -0.0087068600259406 -0.00694683523617718 0.284314205918891
1606899909.14584 -5.89750249999944 22.1760954048522 -0.0545114313301747 0.970725887231572 -0.00820849077961999 -0.00597045687237344 0.239975469959607
1606899910.15324 -6.30008764368275 23.1946996334357 -0.0615746277333362 0.982692637623537 -0.00765022512994802 -0.00691783388329902 0.184956204519662
1606899911.14644 -6.56362865945335 24.179377316468 -0.0674185495629701 0.992146225239083 -0.0100837453092316 -0.00555951213559057 0.124552308887439
1606899912.14187 -6.67215989110985 25.1587124145247 -0.0696729234374112 0.998296106724922 -0.00713878962576835 -0.00292918228981775 0.0578389217711999
1606899913.2259 -6.62538264017908 26.2084311137466 -0.0685688849640343 0.9997799159721 -0.00313861149378195 -0.00176138908342858 -0.0206680005130821
1606899914.1496 -6.4756301913992 27.0653362907916 -0.0566887099607811 0.996309894313474 -0.00406401516607898 -0.00218481659151604 -0.0857047539537059
1606899915.18611 -6.17614643917358 27.9456237016547 -0.0429651453996979 0.987444961877913 -0.000396024769043888 -0.00125257218039718 -0.157957973807095
1606899916.14658 -5.80303742038641 28.6828337210167 -0.0299913975612015 0.973620792467824 0.00136401668513393 -0.000231970774607468 -0.228168004160024
1606899917.20262 -5.29017613192118 29.411262541392 -0.0122792587285601 0.952443563112855 0.00266165805023682 0.00120093485855928 -0.304701054177332
1606899918.15072 -4.71302240841486 29.9997944255307 0.00825768331651186 0.928253492351333 0.00545678347983231 0.00261654123010684 -0.371898952893927
1606899919.1531 -4.09430877501377 30.4799818975602 0.0315500256190216 0.900518959026013 0.00706572392170964 0.00453002198756758 -0.434735734534166
1606899920.19363 -3.36384520111681 30.888191867223 0.052830924993105 0.866335162208826 0.0103034977009117 0.00644409728305543 -0.499315229355106
1606899921.14948 -2.63987968462029 31.1731618587024 0.0830415157526619 0.828900922209792 0.011662144955809 0.00713235279035378 -0.55922838364881
1606899922.15289 -1.88570956311319 31.3391979350751 0.115804871870751 0.78287865036264 0.013048018805914 0.00661139200498104 -0.622002457798494
1606899923.21169 -1.09280927092637 31.3836213250658 0.143402617332274 0.728097786169846 0.0162669671696498 0.00901323979821939 -0.685220957839157
1606899924.14489 -0.38332633445123 31.3031168730553 0.166563437909704 0.6760567929171 0.0189696368523139 0.00818994976942422 -0.736559766991866
1606899925.17193 0.330293134386518 31.1215269885722 0.182307534633132 0.617956930955053 0.0208464582938957 0.00848598408728612 -0.785889715376963
1606899926.14326 1.00329889977502 30.8281882787383 0.198987134768384 0.558064154967681 0.0229242422375752 0.00742029055883545 -0.829447899114865
1606899927.1605 1.69039467739958 30.4041295037391 0.223543254330346 0.488792500450628 0.0217678169979085 0.0089358583506683 -0.872082681906885
1606899928.17308 2.26235513249111 29.8974111835912 0.243470798734952 0.419494271984031 0.0214899464534508 0.00855834984460916 -0.907463218330062
1606899929.19498 2.74490199886626 29.306509312578 0.257460486628613 0.347044534383645 0.0229826366603365 0.00852285754110391 -0.937528266489023
1606899930.14956 3.12785549904685 28.6670185134653 0.261330462871621 0.275016327676102 0.0247613027219243 0.00899910612838073 -0.961078515776913
1606899931.15557 3.44337750752029 27.9177568019275 0.256553056589015 0.194689935097563 0.0257237044210702 0.0101442108501455 -0.980474994677983
1606899932.24457 3.63778006204023 27.0292972527823 0.245181976050169 0.107605433215481 0.0279356312409654 0.00798015082065366 -0.993769082052042
1606899933.22604 3.69393545354324 26.1986597649981 0.242570112987016 0.0373007450460481 0.0271782814682442 0.00752152773881878 -0.998906112733282
1606899934.16353 3.6430134343177 25.3803124664169 0.235783896003784 0.023466587743216 -0.0252808680989853 -0.00725504283612436 0.999378587583953
1606899935.1618 3.47634237931474 24.4622709745026 0.226004253044266 0.0853684545845246 -0.0251355395921777 -0.00783192025952908 0.996001552527057
1606899936.17004 3.19763902586491 23.5256337351976 0.208560239836476 0.140734198265509 -0.0268976281606641 -0.0102047403605856 0.989629358048794
1606899937.17542 2.80357513214404 22.6126281136051 0.190122167327641 0.188679745522467 -0.0267857677159178 -0.0078631354851137 0.981641812158482
1606899938.16242 2.32864833113571 21.7031906126722 0.169288382449728 0.231351049798205 -0.0276088355720112 -0.00965671328557145 0.972430558880246
1606899939.16939 1.75615061398232 20.8166529122779 0.157342423070136 0.270035187047197 -0.0260007693894444 -0.00937069783185517 0.962453712014082
1606899940.16865 1.10607277787213 19.9590678892582 0.13575104882657 0.300405959746552 -0.0249132518952789 -0.0073763510305441 0.953457486558383
1606899941.17159 0.402522217231558 19.1007437947371 0.118848060069526 0.32157637971664 -0.0228213413393782 -0.00817688333646016 0.946573270786109
1606899942.1603 -0.34627834625028 18.2470385372109 0.0962771589276839 0.333075110193069 -0.022722686270519 -0.00780875045335768 0.942594119393328
1606899943.17376 -1.14729129335298 17.3591743933111 0.0666855443468322 0.338767794982344 -0.0234264667128745 -0.0061856512615311 0.940557983039122
1606899944.5585 -2.26715106628631 16.1021750622613 0.0314644934251614 0.327015097579086 -0.0223263121579522 -0.00397695389365786 0.944746974368531
1606899945.38437 -2.93364638854844 15.2844747312272 0.00960491114330659 0.30789246752574 -0.0224030218867317 -0.00334483258868587 0.951151483805922
1606899946.36468 -3.66050766592649 14.2830534383675 -0.0167414105033637 0.278827034554494 -0.0240664660400799 -0.00268632416670842 0.960035975199034
1606899947.37342 -4.34487030369152 13.1843622086743 -0.0385889476997015 0.246628722676274 -0.0246463696010269 -0.00417601495962 0.968787587924007
1606899948.36729 -4.92378398329432 12.0854614758222 -0.0569550589727236 0.213115034163275 -0.0231021028168731 -0.00730597043089545 0.976726623910236
1606899949.36039 -5.44016432240918 10.9264942473574 -0.0777073780057497 0.173530981560732 -0.0189646143639306 -0.00711501522806398 0.984620088358399
1606899950.37199 -5.84933518200907 9.70895329292846 -0.101899013503501 0.123612956633376 -0.0220451842884397 -0.00598172023087688 0.992067571199222
1606899951.43856 -6.10664704825132 8.50642613331187 -0.127903907973317 0.066212412769759 -0.0270770266701552 -0.00651366531001044 0.997416825197039
1606899952.36316 -6.22705230708723 7.28481042444028 -0.126550066809519 0.00205334463841235 -0.0263130448980581 -0.00545899014436976 0.999636737455458
1606899953.36218 -6.17512409603066 6.10578449589458 -0.119218624366015 0.0688236563625727 0.0264162269719942 0.00698418019037808 -0.997254585602152
1606899954.36089 -5.97707408367564 5.01797921384838 -0.11732900649955 0.143724500331115 0.0286746043069054 0.00473434163188439 -0.989190892134438
1606899955.36138 -5.61515173826377 4.01058692275583 -0.108281042507004 0.218350378626016 0.0288658297892517 0.00706751169903067 -0.975417821399034
1606899956.36571 -5.13367774372339 3.08546502475928 -0.0950684012816823 0.290647527262349 0.0287486443079073 0.00453749708109152 -0.956387443177177
1606899957.35782 -4.5497507317339 2.3110907804963 -0.0786471289860065 0.357417152831882 0.0250755879420001 0.00704408043310441 -0.933581584373731
1606899958.35553 -3.9296533651227 1.66316405909666 -0.0635626506332125 0.419772499091403 0.0245551037881558 0.00491705756357009 -0.907283813604887
1606899959.34651 -3.21760885781587 1.11576978003097 -0.038961789358665 0.487255593243212 0.0206156567067918 0.00335795116607913 -0.873009567940535
1606899960.39482 -2.47601954427314 0.727806207816793 -0.019714335403682 0.563937937332097 0.0193357075386327 0.00251144438271287 -0.825586958411234
1606899961.40461 -1.71310155931284 0.500390145860005 9.70437017721954e-05 0.639761840734019 0.0174083641770682 0.0019156586015251 -0.768373650152985
1606899962.40448 -0.974275909454396 0.417297610051418 0.0112066958203287 0.705308402663885 0.0190474214421897 0.00180531235797387 -0.70864235952659
1606899963.36204 -0.27724520812235 0.473867022983852 0.028592362241699 0.763388989784473 0.0177652549103318 0.00491966166369398 -0.645675958142262
1606899964.35971 0.396449742392458 0.643591118177786 0.0472342373281201 0.815345670357927 0.0155458238629435 0.0051865381699204 -0.57874248592169
1606899965.41993 1.11845125796641 0.96803280393556 0.07299980174515 0.866069163168459 0.0127877458530824 0.00266690061197452 -0.499753505046045
1606899966.36556 1.66719889065511 1.35171349232005 0.0891038186483779 0.903479912740493 0.00920683388438508 0.00187047338115814 -0.428527458645987
1606899967.39776 2.18998310531281 1.86298387215124 0.111452163643682 0.937301053882148 0.00534769601016311 -0.00145027380814098 -0.348476732716375
1606899968.4203 2.58566461979609 2.40428758239079 0.120701272709853 0.962272436809598 0.00370736914539312 -0.00308828557221659 -0.272044987571472
1606899969.36173 2.84189101268842 2.89638115749655 0.128265584294764 0.978410697698622 0.00146708385503855 -0.00328395126765098 -0.206638742635376
1606899970.36768 3.02777433540687 3.38626970416161 0.136671399060465 0.98953704658911 0.00067836066534483 -0.0042459229821643 -0.144214927772886
1606899971.36272 3.13429353108509 3.79194302616703 0.141425283237662 0.995449202706783 0.000296165155823922 -0.00351257512003432 -0.0952284565277418
1606899972.3642 3.19887337937288 4.13391222482579 0.140120076071662 0.998236027452575 0.0012731407541391 -0.00234171479920839 -0.0593104457926327
1606899973.45965 3.23455571307747 4.46407726169781 0.139311473172804 0.999528326145819 0.000869077362981485 -0.00157763147551906 -0.0306574789505181
1606899974.36112 3.24375730038236 4.73669020912277 0.140650938431237 0.999969086468648 0.000199473993929739 -0.000475084119792733 -0.007846057115725
1606899975.37431 3.23119701026326 5.13727669230414 0.144179759048747 0.999638158772198 0.000199638857156991 -0.000355639716503421 0.0268958210740745
1606899976.37059 3.17500547969909 5.61453166443852 0.142689459775196 0.997693425640232 -0.00173936193572675 0.000430124649145448 0.067857335985889
1606899977.44834 3.03876923110539 6.31706413533537 0.142307833698956 0.993135000400678 -0.00145512192711115 0.00105429985215635 0.116960001928628
1606899978.44927 2.81905251564283 7.05265125775274 0.142765340298415 0.987773912801512 -0.00363328968291669 0.000688585154303006 0.15584935753912
1606899979.41762 2.53097027128768 7.83486297593958 0.143502319913521 0.983256942692116 -0.00561240421682601 -0.0010429677995906 0.182135108600259
1606899980.37282 2.20282963952152 8.63669315854936 0.141487981565539 0.98048812555141 -0.00711420416394336 -0.00308134474977329 0.196425377857166
1606899981.46796 1.76401491845882 9.67004756625456 0.147258360580622 0.978304837568697 -0.00653256285861341 -0.00512387647403158 0.207004145615646
1606899982.38249 1.37847400534507 10.5366682544588 0.146544249660186 0.976441242381629 -0.00752402285143267 -0.00533595338947336 0.215586216762057
1606899983.42807 0.858296925457794 11.6780322814798 0.126040288854725 0.973951253352296 -0.00759863103528097 -0.00274172799050248 0.226613547316808
1606899984.38547 0.339386065632404 12.762748632096 0.12211443773633 0.971683926212504 -0.00712536246552231 -0.00302462532780901 0.236157634624873
1606899985.39085 -0.204335257016913 13.8732171239778 0.111198365779478 0.969107037912162 -0.00463344209683473 -0.00362165262324694 0.246570403568084
1606899986.38721 -0.810170224036765 14.9802898569947 0.104997482741924 0.963671860383853 -0.00674963798061576 -0.00445141598460361 0.266966613618983
1606899987.42688 -1.43462078784665 16.0344427734099 0.0912151054442828 0.959295283128885 -0.00745027120470726 -0.00408651985658838 0.282277086532206
1606899988.38844 -2.05113875188958 17.0433708131111 0.0830865602116699 0.958469313462868 -0.00665076824481615 -0.00583449381795626 0.285058417019496
1606899989.45544 -2.71876882090148 18.1415854675207 0.0688110371852619 0.959136900966432 -0.00598649525162738 -0.00691075091549625 0.28279464033269
1606899990.38507 -3.26654703348078 19.0565249573994 0.049492711241155 0.960825236486376 -0.00685241908554132 -0.00625134210254419 0.276999693150539
1606899991.38649 -3.84978758690381 20.0998480064716 0.0257310954163551 0.96611341830303 -0.0066884058631298 -0.00602443528281928 0.257960916383408
1606899992.37472 -4.35544525471438 21.1193251758195 0.0126673972520071 0.973305899218761 -0.00662988237027487 -0.00602761884206137 0.229336737172241
1606899993.37319 -4.79076645213668 22.1770727781223 0.00161208561389485 0.981077210427929 -0.00562057356687379 -0.00610893346829563 0.19343887216279
1606899994.37986 -5.14625530818256 23.2523152515735 -0.00524007398862615 0.988396376657292 -0.00709227775395917 -0.00592636458571096 0.15161523805276
1606899995.3725 -5.38129953056726 24.3161062495813 -0.00821067896650827 0.994624813450189 -0.0056540049286117 -0.00354627335485063 0.103329263244912
1606899996.37347 -5.51695464892767 25.3935143764499 -0.00743891805338712 0.998452964087362 -0.00520584940241767 -0.0035940848856839 0.0552418337041311
1606899997.38986 -5.54323755852381 26.4302146487615 0.00157477660796171 0.999974829630198 -0.00489038602233895 -0.00482203314519434 0.00178107466303747
1606899998.36222 -5.44417499639136 27.4632220728773 0.00588538212730345 0.997995771448006 -0.00499646201831697 -0.00313292187619739 -0.0630052405734307
1606899999.36583 -5.19523695384707 28.4253902172007 0.013478873095208 0.99057918454622 -0.00176530818910663 -0.00150996324983885 -0.136921447705344
1606900000.45151 -4.78448461956595 29.3756458256107 0.0294049564465195 0.974984786043225 -0.000894530906856973 0.000204035480972253 -0.222269712665102
1606900001.39681 -4.31280613207838 30.0824360975687 0.0493043386890448 0.954210311090945 0.0015902330071857 0.00226154846026363 -0.299123785020963
1606900002.35687 -3.75261959823273 30.6764881772101 0.0707945516593336 0.927558381541873 0.00574804105361214 0.00400118742774845 -0.373612632755686
1606900003.37721 -3.10213172204667 31.1797653356747 0.0936312219412507 0.893746224889466 0.0072348951484734 0.00622372050315245 -0.448471411676504
1606900004.39862 -2.36508009850977 31.5674968180374 0.124403415695623 0.853970754451865 0.0104000196842628 0.00576667471454971 -0.520185097435727
1606900005.35793 -1.66537611424601 31.8106406396439 0.156005712200385 0.81248676361935 0.0117435425510622 0.00689217554133193 -0.582820595095964
1606900006.34909 -0.934536465683133 31.9424250133269 0.181725568448217 0.761386603817023 0.0140750414774848 0.0103888164024305 -0.648062038102173
1606900007.35355 -0.153223849991403 31.9367308747425 0.214148735627942 0.698809977797554 0.0165109724113127 0.0101844951276981 -0.715044249525587
1606900008.35514 0.603381697433744 31.7775970337964 0.236573813019649 0.628602096413847 0.0216012442907321 0.00949430796172661 -0.777369055690756
1606900009.36346 1.32330086820386 31.4977482177063 0.257538263065952 0.554952007060197 0.0199659322127888 0.0099117897816414 -0.831583662558409
1606900010.35706 1.95573244305618 31.104455905056 0.269515266856816 0.478658109694726 0.0204794838964484 0.0114362410773415 -0.877687995333665
1606900011.37412 2.51018819954006 30.5839951893871 0.281762754185015 0.396341405773382 0.0216236669223272 0.0100184939032288 -0.917793842253435
1606900012.37927 2.98770762032173 29.9328202712347 0.283346691613209 0.30643083559349 0.0236451400127631 0.008915857737354 -0.95155743800995
1606900013.4157 3.36335177518523 29.1801905571102 0.281203106638201 0.212940146834335 0.0243398762507198 0.0116626463488744 -0.976692401409171
1606900014.37508 3.60101291496301 28.2983494142854 0.275360888759094 0.123480318557959 0.025986107791835 0.00910274762219866 -0.991964955588847
1606900015.37508 3.71417260038596 27.3428647042622 0.26517299214941 0.0508277032771805 0.0268025254194631 0.0091236329870823 -0.99830602949788
1606900016.3856 3.69325014596687 26.3218433254811 0.256721327936363 0.00613575369053118 -0.0258143964328042 -0.00508324400982917 0.999634998433826
1606900017.37101 3.59119591640588 25.2967543457977 0.242498600887632 0.047323618154715 -0.0246554474196734 -0.00644421248199941 0.998554483342181
1606900018.37404 3.40434691612667 24.2219322935094 0.22585646529893 0.0862578124306233 -0.0253858184836528 -0.00914692625816568 0.995907367055102
1606900019.38282 3.12297812285408 23.1282032307939 0.207151061320276 0.126938909219823 -0.0269383320848449 -0.0112665211003257 0.991480662994929
1606900020.37244 2.72619722917268 22.0245487334141 0.195698327743996 0.169887810083673 -0.0268239049485479 -0.0105273663973895 0.985042021776239
1606900021.39039 2.23775884247169 20.9393485074765 0.185060085234148 0.209938318540021 -0.0271131891725387 -0.0124219340315657 0.977259675284107
1606900022.387 1.65095721839183 19.9024737993229 0.166791990026957 0.246369162149529 -0.0254327648732194 -0.00941426015742542 0.968796563845233
1606900023.38173 0.991981065189821 18.869353621149 0.144063891948912 0.277565479084231 -0.0248549136508713 -0.0105353838509458 0.960327362817108
1606900024.39661 0.249245555343282 17.8450019532369 0.117463721452775 0.296294767102252 -0.0233059536328118 -0.00852615209685903 0.954774082306128
1606900025.4053 -0.567610521264244 16.764496409402 0.0855039338228921 0.302750124353533 -0.0238513568413237 -0.00622422889068191 0.952751139571853
1606900026.4015 -1.40688646627314 15.6500505531164 0.055737473985297 0.302212413606164 -0.0236961029203252 -0.00566857086941467 0.952929178414128
1606900027.39006 -2.23647965652855 14.5187446173906 0.0281730222979247 0.293129050119903 -0.022748185693621 -0.006359250389138 0.955781062774284
1606900028.42319 -3.05477408330312 13.341880121589 0.00162832075381603 0.275745553448341 -0.0235283978936688 -0.00353242463897478 0.960936171773232
1606900029.39247 -3.73689297211361 12.2114018987574 -0.0188635745871176 0.251849918582949 -0.0240784446115371 -0.00788066783832651 0.967434619025634
1606900030.39198 -4.36716621518233 11.0496627007682 -0.036067357464572 0.216580063320142 -0.0194681162040608 -0.0076058374098588 0.976041095375089
1606900031.44761 -4.9248761133023 9.72661974472202 -0.0633633916843844 0.160252171159738 -0.0210453385513757 -0.00577094780692414 0.986834855244411
1606900032.38578 -5.2488224881899 8.56818545589558 -0.0883533022811821 0.103071437349383 -0.0265711094387342 -0.00616700928288825 0.99429986570573
1606900033.38926 -5.43906284335293 7.35276160585402 -0.093809436297163 0.0325993250894892 -0.0260430533604785 -0.00360802426025626 0.999122627877234
1606900034.37881 -5.41871075334898 6.08899523935978 -0.0886495092798422 0.0506727030772608 0.0270504782069183 0.0052288605188462 -0.998335218155353
1606900035.4366 -5.17211808353565 4.79634540618649 -0.0851882962994124 0.145278192976155 0.0304362330466654 0.00486234991284539 -0.988910632927383
1606900036.3776 -4.77579077048878 3.76642929134536 -0.0683465344095979 0.230576303718214 0.0300195946587595 0.00286605104832657 -0.972586848487865
1606900037.43224 -4.12863083094615 2.76976514686201 -0.0347485791587792 0.326769833432573 0.0260711342850248 0.00630105045711671 -0.944723276244784
1606900038.39112 -3.4331410321016 2.01434621052189 -0.0119636822219503 0.403225456247654 0.0240338414942197 0.00551493607215468 -0.914768381273108
1606900039.40471 -2.60574349101618 1.37392147391985 0.0135406150770358 0.482905143625458 0.0204259743547788 0.00260317747887379 -0.875430537106598
1606900040.41249 -1.72975613012966 0.935169657395133 0.0310510398373905 0.566387068994752 0.018566090649368 0.00188494762380637 -0.823928052275191
1606900041.41411 -0.849412151585703 0.686353180939602 0.0346403815034427 0.644769374374787 0.0204660855070624 0.00139693937576188 -0.764101853009626
1606900042.41575 -0.00804317231224085 0.633948609261302 0.047210207161981 0.718581441667694 0.0195290806252884 0.00510947951475537 -0.695149782363339
1606900043.41568 0.81418760204287 0.733381092535382 0.0678113267487131 0.785032116585374 0.0183313365962482 0.0041761866401183 -0.619169683926167
1606900044.40363 1.60919190433168 1.0239162454246 0.0914517504748267 0.844080573363284 0.0131014844795869 0.00310005818565068 -0.536047317327851
1606900045.42283 2.36925368864928 1.49474008940394 0.122016473826962 0.896367551391595 0.0100514702625441 -0.000483206306849549 -0.443197413428218
1606900046.41488 3.00486596983051 2.11643206300457 0.139239945708097 0.938150787466126 0.0070984526684394 -0.00275803230405483 -0.346143185985529
1606900047.41033 3.51698279991509 2.8739933269959 0.152209924223956 0.968838076853142 0.00608100839741336 -0.00282556414184367 -0.24760415659608
1606900048.43664 3.89108083013903 3.7865555598794 0.160163637076528 0.988544169659806 0.0048086130598808 -0.00217889207321849 -0.150839498478939
1606900049.42204 4.09562905084305 4.7661672909151 0.16583505363546 0.997925681268961 0.00350370437650782 -0.00108002462300787 -0.0642720177552953
1606900050.42424 4.14086332148174 5.81253002456445 0.167347729888252 0.999916679185989 0.000823982352211346 1.17624903949464e-05 0.0128823755724748
1606900051.43311 4.03827939114863 6.98526807767614 0.170390131047565 0.996796885608218 0.000527193001760251 -7.88771830508359e-08 0.0799730636482669
1606900052.42417 3.80996445795461 8.11579910984559 0.173365182301752 0.992307490946928 4.78737027692977e-05 -0.000732741533457289 0.123795412712126
1606900053.44631 3.4553015712124 9.3588413032403 0.176088705535699 0.988310467322311 -0.00299209251353634 -0.00278144872827677 0.152399905205082
1606900054.45602 3.06884703775765 10.5572934161939 0.171194446802665 0.984731042686846 -0.00195572433633716 -0.00329587999258544 0.174040471977848
1606900055.45339 2.6212324797956 11.7316809506259 0.161198046463878 0.980878296072594 -0.00386303496791842 -0.0039654488683202 0.194543363983031
1606900056.4429 2.13397355941935 12.8577677710088 0.150928707488312 0.976405337541932 -0.00558528916451663 -0.00397127088439366 0.215837092206456
1606900057.43874 1.54714629040046 14.0739803351124 0.143046683616793 0.970957973960367 -0.00566151357215449 -0.00477194702341792 0.239135502568017
1606900058.43152 0.922246997149376 15.2212968111113 0.133563173998087 0.965981506137307 -0.00660919909637036 -0.00340366842350738 0.258504281065646
1606900059.42697 0.238344583969663 16.3554007302179 0.12626218650954 0.961532969972089 -0.00864429722486303 -0.00420340973220386 0.274521319989477
1606900060.45066 -0.466840848232642 17.482009204917 0.119849943067935 0.960455189673963 -0.00972690899658809 -0.00585755424762025 0.278202992305907
1606900061.45734 -1.16311160468033 18.6431455592015 0.106853423360276 0.963851890918759 -0.00801137399907136 -0.00761537177372878 0.266209234196953
1606900062.42175 -1.79747191733933 19.7770892821683 0.0935119875859094 0.967438362456253 -0.00556629934549715 -0.0078305399604726 0.252924324262195
1606900063.48648 -2.47085294521677 21.0411959044977 0.0678601238404251 0.971038289127445 -0.00661781086235462 -0.00657821250620129 0.238741644352335
1606900064.48552 -3.05317418797566 22.2346887059493 0.0519293648983731 0.975638643643534 -0.00703312895802174 -0.00574122029487066 0.21919582686719
1606900065.44385 -3.54192931810875 23.3960152525492 0.0399482270240134 0.982674038002205 -0.00784047672477623 -0.00535174098438568 0.185098948753378
1606900066.45801 -3.93259613938684 24.6315257519577 0.0334456320287979 0.991176733050263 -0.00830831042632925 -0.00386109494601791 0.132229905027135
1606900067.44025 -4.14769044392086 25.8453918125561 0.0274968748111357 0.997743165477027 -0.00609241888937474 -0.00367004753364832 0.0667681730097459
1606900068.47768 -4.18457491324757 27.1134452088551 0.0361225590205214 0.99989142937615 -0.00471985378899866 -0.00478028046603423 -0.0131149288597585
1606900069.46517 -4.0170961779084 28.2502039903305 0.0426508172201529 0.994452463624419 -0.00451438974776519 -0.00279521561642833 -0.105052865958938
1606900070.45962 -3.6424758824179 29.2889498044857 0.054606548239709 0.977769654062587 -0.0044659743381473 0.000945541362389622 -0.209632212741916
1606900071.43539 -3.09256452788986 30.1278885419754 0.0702230312977139 0.950673956372212 0.000907395925664466 0.00417219993860807 -0.310162534900514
1606900072.4345 -2.35757397072303 30.8523021318005 0.099305690590015 0.910030117729917 0.00411605719404232 0.0049876311291391 -0.414491696458889
1606900073.43763 -1.54300072679506 31.361982179259 0.129892030240551 0.862552096147594 0.00643688731510094 0.00655273859968833 -0.505884877743869
1606900074.86231 -0.334779465772316 31.759952283079 0.179837730174527 0.785609564780156 0.0121727824383559 0.00985878474551392 -0.61852424322494
1606900075.82078 0.528677069193453 31.8343512993598 0.219326623307264 0.724122250967898 0.0163471778999549 0.0112718098255313 -0.6893857278267
1606900076.8154 1.43474474026772 31.7471453904161 0.260163497640987 0.649260596830306 0.0149742924034774 0.0114000302575994 -0.760333142300594
1606900077.81932 2.3211373024011 31.4439539173409 0.288317127570051 0.560848350342838 0.0166996507805026 0.0112402308804245 -0.827673792499969
1606900078.81081 3.09092803350098 30.9518585325532 0.321789531875535 0.466122068088551 0.0203166338301008 0.00830015761305721 -0.884448166606876
1606900079.82544 3.77952864474485 30.2929016014253 0.345671448308764 0.370171513409611 0.0217308650821584 0.0106391426154107 -0.928648280463184
1606900080.83906 4.36915259496674 29.4725295163711 0.354914623884925 0.284802632440586 0.0231957210642612 0.0128217831880457 -0.958219714342749
1606900081.85802 4.82003672282389 28.5172285455972 0.362291341576127 0.208406717144454 0.0268884566735112 0.00842460266033739 -0.977636270407764
1606900082.8391 5.18398214090219 27.4299195583803 0.356028699928027 0.135419831028863 0.0278355776054051 0.0117078703382446 -0.990328014223384
1606900083.85823 5.37822115148352 26.2332640562991 0.355651971226809 0.0654569986022406 0.0241626506372925 0.00822300503555317 -0.99752891177968
1606900084.85647 5.42693669587213 24.9296165030113 0.344245304117642 0.00498698268703875 -0.0246289560502152 -0.0107139109268656 0.999626808684224
1606900085.85701 5.28618439292384 23.6366785625687 0.333191402377525 0.0728906022248767 -0.0220563732165216 -0.00949432491633059 0.9970508183148
1606900086.86894 4.96695828314097 22.3076624686597 0.310664200618393 0.137296888617997 -0.0221286050515466 -0.0131090308975863 0.990195961677897
1606900087.87466 4.49360137268334 21.0496933869129 0.273059923685494 0.18796221733831 -0.0257878727108412 -0.0124687039184723 0.981758484504671
1606900088.86735 3.93958866517503 19.8631570221352 0.253337175071332 0.225554119484794 -0.0279497683313566 -0.0148422530804121 0.973716517861929
1606900089.87095 3.22730858935087 18.6066120205214 0.229373338873848 0.254347548316085 -0.027288479485089 -0.0130289749255874 0.966640010223753
1606900090.86619 2.44733654000122 17.3934387101737 0.205127609296347 0.27845877551946 -0.0261401081501504 -0.00784744130184992 0.960060322452248
1606900091.85774 1.60952132841416 16.1740409023417 0.178212517161903 0.301257107823764 -0.0248695417275291 -0.0106421811924695 0.953159170789114
1606900092.86756 0.711903785080098 15.0083305750876 0.145931785161002 0.321325679453766 -0.0237005308398559 -0.00917489135218918 0.946627653267197
1606900093.86819 -0.223895645906149 13.8627337866733 0.112766151240889 0.331967620651762 -0.0227040133124068 -0.00860718606754338 0.942978230377731
1606900094.86996 -1.2070032802361 12.6822136702762 0.0847882006537847 0.328511960017212 -0.0232691126315498 -0.00611574162720511 0.94419332672252
1606900095.8785 -2.09297808357298 11.5370424753823 0.0505731824648808 0.306422593239234 -0.0230774842062935 -0.00838584199219582 0.951578846827384
1606900096.87087 -2.91454861717434 10.3519665045516 0.0201828627032074 0.268158241739845 -0.017423648244992 -0.00392561399813346 0.963209304057829
1606900097.88456 -3.57848563217263 9.09835336950089 -0.0291165617874847 0.209745797293613 -0.0215634543770407 -0.00311958166049503 0.97751316418924
1606900098.87157 -4.04032671777273 7.82709132509435 -0.0624202178299703 0.135588574456601 -0.0242122144551136 -0.00247766719734255 0.990466237846231
1606900099.874 -4.29308256964742 6.48263201591728 -0.0779905266113894 0.0501100145460205 -0.0266361792216732 -0.000826875099625145 0.998388109242212
1606900100.87987 -4.30285543945044 5.20645362727948 -0.0820742963048702 0.0383045369102751 0.0303857635572588 0.00118808865707977 -0.998803312104278
1606900102.0627 -4.02143165868141 3.82280690894906 -0.0684001751367987 0.157199059542506 0.0293919107293379 0.0014392506478263 -0.987128411008519
1606900102.87459 -3.66912045706335 3.03706047022506 -0.0536456455072384 0.238893604401048 0.0272042153256902 0.00360473201052169 -0.970657912115242
1606900103.86592 -3.05747940679327 2.17148225352789 -0.0372176506577759 0.342591138601211 0.0239039854152538 0.00568596995712208 -0.939163234469301
1606900104.88498 -2.27206273635319 1.43943000724197 -0.0191455257843278 0.445056446173136 0.021179703115875 0.00282361931678797 -0.895247567474839
1606900105.86629 -1.4545791033855 0.970609454760583 0.0020965560600163 0.539734859659934 0.0191834152318216 0.00176503965110795 -0.841614616367221
1606900106.86399 -0.604017387605702 0.698204217340831 0.00942208417083474 0.62690578555964 0.0209298348005181 0.00220221756313416 -0.778810778228498
1606900107.863 0.225997091166382 0.623863159521241 0.0243618640382495 0.702571565626656 0.0194338408497298 0.00561100909839653 -0.711325549646317
1606900108.86628 1.03695251962325 0.700373617103589 0.0437899930582777 0.764605871521331 0.0168886583791952 0.00554870566477416 -0.64425293660076
1606900109.88196 1.83483983264036 0.905514933638848 0.072100668429744 0.814536197006604 0.0148454127684086 0.00177169619655226 -0.579920044987533
1606900110.85979 2.51506571059836 1.23410525206002 0.0958722090710059 0.862514406956239 0.0103790217994573 0.000719791489830124 -0.505925543533459
1606900111.92041 3.16707370277222 1.70512719483294 0.11660620554593 0.907259742009913 0.00828964810037184 -0.00216043411569032 -0.420483501206539
1606900112.87341 3.65723764310255 2.21977718716263 0.128824352268426 0.940061505453952 0.00838859646710932 -0.00292162666503019 -0.340889221757732
1606900113.90061 4.06120593792576 2.85530372497496 0.140903629800571 0.967299450015532 0.00509158214754915 -0.00146812066014806 -0.253581731228043
1606900114.90835 4.33092665297979 3.48578593377896 0.149102339832174 0.984994921794485 0.00323192450207946 -0.00204572642071184 -0.17254093342306
1606900115.86879 4.46660653457279 4.02958496455498 0.151286088088843 0.994101310635708 -0.000457694437488664 -0.00120492724250176 -0.108447788628949
1606900116.87365 4.53713779554999 4.47967369024384 0.162209042483302 0.998210516884635 -0.000560972557601297 -0.00185162661798785 -0.0597663849464449
1606900117.9043 4.56239895227299 4.7840000202348 0.171246199819365 0.99959361715998 -0.00114089824747069 -0.00184159333259298 -0.0284237122525301
1606900118.92298 4.56529219081782 5.0128706257202 0.183272391238884 0.999968261185351 -0.00095891344474533 -0.00188882743446664 -0.00768045818128336
1606900119.89088 4.56114049288529 5.1785619177121 0.192647195219511 0.999979289990969 -0.00126454640310608 -0.00164149608884955 0.00609311103963967
1606900120.89426 4.55313616123731 5.30759339544674 0.196979223757949 0.999889169745476 -0.00179878223761549 -0.00127306726188901 0.0147238550628265
1606900122.23564 4.54379206813557 5.44091249630902 0.202670679095357 0.999768786487399 -0.00235052087458761 -0.0010607217326258 0.0213476810576304
1606900123.08321 4.54142129448611 5.4991205712719 0.202783867599714 0.999722161357367 -0.00250515020891727 -0.00103196026196052 0.0234149390647014
1606900124.31784 4.53940418380461 5.54774506131937 0.203620628940938 0.999691115067239 -0.00248471779403996 -0.00122378293242869 0.0246982385695567
