1605412502.04738 0.000534783578701666 0.0937467678411174 0.00284155627966958 0.999999874876684 0.000109480983861321 -0.000106279129919209 0.000476408728758605
1605412503.07522 -0.00761760141827385 0.767732610702469 0.019701874356559 0.999981624580166 -0.00123417611579803 0.000480641042455001 0.00591576668872445
1605412504.08573 -0.0313483230849645 1.49872254864246 0.022692829119132 0.999865468461697 -0.00296709700985836 0.000827109416869462 0.0161107791002862
1605412505.08855 -0.0678828908758339 2.27509026897883 0.0212263068863605 0.999574989676615 -0.00300990680615185 0.00217037832749165 0.0289148738874804
1605412506.08 -0.133316170161506 3.06495223277929 0.0281010258794255 0.999119513508363 -0.00466383217351458 0.00404660986556987 0.0414978474726735
1605412507.10929 -0.218267551703257 3.92352909036428 0.037584824346622 0.998482242913759 -0.00388452469943308 0.00298064060651226 0.0548565113304096
1605412508.09072 -0.323027774761457 4.76545750679841 0.0705671155386339 0.997714695073634 -0.00539715724300844 0.00161270991110124 0.0673324371648848
1605412509.08211 -0.437254061572782 5.61000095905104 0.118086621062871 0.996668746371387 -0.00423960285900972 -0.000854974291652625 0.0814414193948356
1605412510.11349 -0.594076756531019 6.4882211647125 0.113675704553293 0.994445386204948 -0.00201252385687528 0.000722723195863429 0.105232130428872
1605412511.08212 -0.813871834612388 7.30568279526329 0.10181121457749 0.990974747394059 -0.00640378734558539 2.68809540500537e-05 0.133895634030123
1605412512.08431 -1.05912653045645 8.14170028255671 0.111218221119467 0.986198240144197 -0.00250670122226257 -0.0014693702308719 0.165543313173913
1605412513.08089 -1.35918800907088 8.94038406984024 0.116576064502708 0.980165986270894 -0.000716495563701405 -0.0015541502676009 0.198170912620036
1605412514.0846 -1.75253776904364 9.74007246861584 0.0975116332170172 0.972724960197965 -0.00263403543831411 -0.0043537697022986 0.231905710051641
1605412515.07892 -2.18923309389711 10.4999587732267 0.0707223334136502 0.96414025575065 -0.00224910127385512 -0.00537159401503695 0.265329332645808
1605412516.07224 -2.65219847323985 11.2055414802531 0.044071980238822 0.952482536314575 -0.00168369602586792 -0.00395780068624756 0.30456283259317
1605412517.11855 -3.19520055863207 11.8781987083381 0.0180207006754209 0.935850422488272 -0.0045264220439628 -0.00351957366506423 0.35235083486948
1605412518.08444 -3.73405880230173 12.4137927936546 0.00386529268410365 0.916238482478708 -0.00642417827748933 -0.00227483702522903 0.40057533408222
1605412519.07841 -4.32765409253447 12.8883827573212 0.00104860169662601 0.892698660091118 -0.00646246769393006 -0.00235504049760239 0.450601589618904
1605412520.07489 -4.96608134055231 13.2889927763228 -0.00927642388926044 0.866250831501409 -0.00769129072017358 -0.00201866658556053 0.499546059893772
1605412521.07426 -5.64160852020078 13.6011956235815 -0.0231742239652946 0.836957475753449 -0.0120269251026636 -0.00438411435846495 0.547118192344472
1605412522.07752 -6.36724995178439 13.8587953243446 -0.032891270341142 0.804267429815755 -0.0114674745306239 -0.00387191630813524 0.594144264156064
1605412523.0792 -7.13121038650918 14.0300141120251 -0.0296498671341991 0.770139681202733 -0.0108713406162003 -0.00573731815676318 0.637756825577373
1605412524.0762 -7.92991670607632 14.117157321376 -0.0657175413027122 0.736188113662407 -0.0126890393358713 -0.00883121624941276 0.676600368905069
1605412525.07259 -8.75131335488334 14.1452290558492 -0.118351801046402 0.704581124613236 -0.0132318621624603 -0.0079272369593488 0.70945578831711
1605412526.07762 -9.56630099130586 14.0960672354567 -0.128161677615532 0.675633170694925 -0.0135131240195773 -0.00851052957485 0.737064980189881
1605412527.08364 -10.3737719526365 13.9916816475391 -0.132247384171233 0.652620291275543 -0.0149167382970986 -0.00585575081662713 0.757515647703976
1605412528.08932 -11.1913896642442 13.8309653732589 -0.154957769839278 0.632981514832298 -0.0163149349607751 -0.00757344942917027 0.773957923689382
1605412529.07635 -11.9868799711038 13.6441491375816 -0.183298464353965 0.617357577394936 -0.0155875071823969 -0.00870183538005678 0.786480088313692
1605412530.08756 -12.7835486626869 13.4340990294357 -0.199852821284558 0.6057849892619 -0.0150349611516244 -0.0070070539218155 0.795455465707204
1605412531.07472 -13.563940779982 13.2004221657356 -0.20903756368126 0.597851188656131 -0.0154428595195031 -0.00684052127294998 0.801429149445556
1605412532.08226 -14.3576015166888 12.9535650028158 -0.225407049321002 0.58925095936812 -0.01597331784355 -0.00567549362300609 0.807772213419696
1605412533.07732 -15.1314935471104 12.6917738461578 -0.236573717808538 0.577464866200431 -0.0152255748419687 -0.00556178701497311 0.816254602866073
1605412534.08532 -15.8992863365743 12.4119271850064 -0.27378491110479 0.563667093623344 -0.0148898544405305 -0.0042070718478848 0.825857130711734
1605412535.07266 -16.6355368098876 12.1110699569271 -0.317675177459722 0.548544497804477 -0.0152342169042306 -0.00389433952191301 0.835973496400117
1605412536.0797 -17.3905850909135 11.7582546589672 -0.338706886103961 0.528404400785403 -0.0145868578610612 -0.00264984170343623 0.848863352458631
1605412537.08506 -18.1321165568183 11.3496543940649 -0.343603874849286 0.501170690107651 -0.014211530422599 -0.00265501651711598 0.865227671001894
1605412538.08316 -18.8146851613643 10.8991848514893 -0.35031980325022 0.45997551956011 -0.0135360165206777 -0.0014886697810387 0.887827168723982
1605412539.07775 -19.4268568962854 10.3871000226242 -0.361651699912945 0.415159084212922 -0.0162241758032145 -0.00276635892351922 0.909599944026659
1605412540.08007 -19.9965429541325 9.83274276912375 -0.394963293336586 0.370994454545119 -0.0174528331491219 -0.00309062698076005 0.928465918241862
1605412541.0878 -20.5372508121281 9.2082370308882 -0.436537224415908 0.324175267896498 -0.016323186171282 -0.00336056810159519 0.945850229084651
1605412542.09158 -20.9945901891809 8.50982823005153 -0.443643400244664 0.27552771780307 -0.0165863845198216 -0.00450721211078847 0.96113945585944
1605412543.09996 -21.3907584663311 7.76131375082686 -0.443455122915831 0.226234166233748 -0.0182359446820448 -0.00138104219604805 0.973901250164783
1605412544.10058 -21.6996992746429 7.015883074597 -0.449731803547089 0.17587293670369 -0.0203538898711137 0.00104947499735156 0.984201873552659
1605412545.15063 -21.8925049296111 6.2552985022803 -0.462305105316388 0.113656849283905 -0.0293530728797869 -0.00397418544192327 0.993078407565809
1605412546.11141 -21.9976921086206 5.53052652202875 -0.456130631344134 0.0544332787121557 -0.0308206648718103 -0.00423382644669523 0.998032654525454
1605412547.10799 -21.9964271249528 4.7748609054897 -0.425256289848111 0.010946146009885 0.0280149590097641 0.00851971054071358 -0.999511259812271
1605412548.14397 -21.9207078450225 4.00483450041152 -0.392538628058206 0.0812933049683598 0.0269730123730812 0.00671186590708748 -0.996302567509935
1605412549.11655 -21.7445656620144 3.30548472406687 -0.357238644961623 0.149467883155742 0.0276716193673086 0.00776472150748605 -0.988348795965495
1605412550.11184 -21.4743745984516 2.61839953307211 -0.351059798781517 0.219847688411285 0.0260019109354739 0.00562895957918878 -0.97517137434503
1605412551.1218 -21.0974145095162 1.98120709131585 -0.36180494032137 0.290674145027899 0.0253790014691744 0.00619170661497109 -0.956465425651091
1605412552.10653 -20.6407122760231 1.42274931823536 -0.344365219832863 0.357399776570361 0.0237044382224925 0.00575545038396483 -0.933632890437612
1605412553.1103 -20.0918115337976 0.926389660475878 -0.321059325967038 0.424063789457476 0.023813056899946 0.00583906507755844 -0.905300362372106
1605412554.12501 -19.48062886526 0.508360426904649 -0.331485796420186 0.489005629248099 0.0244659557064948 0.00462728288745495 -0.871925168708943
1605412555.11439 -18.8244069238685 0.192918204978301 -0.353519866734319 0.547418239600132 0.0247481582262201 0.00561341121412725 -0.836474320724817
1605412556.11188 -18.0903630464259 -0.0557848863027767 -0.36170072896149 0.59570690154181 0.023902766306985 0.00586539244087329 -0.802824727066777
1605412557.13098 -17.2885261748156 -0.235168285651922 -0.358743974863276 0.634582153648398 0.0228560559943819 0.00666896746060892 -0.772488586225293
1605412558.13435 -16.490154339507 -0.333801876351521 -0.370682600196688 0.663389859026574 0.0214665201246176 0.00750421455266944 -0.747928318903883
1605412559.13247 -15.6723004902977 -0.381779325873167 -0.386463784613238 0.684468377105504 0.0206567512024485 0.00748229608136725 -0.72871143439476
1605412560.12981 -14.8522872534611 -0.397035726951108 -0.387423046901016 0.699074183136771 0.0188201581169661 0.00842264763638829 -0.714751808061303
1605412561.14508 -14.0223073044531 -0.393540402121178 -0.38374956185876 0.709245265250798 0.0181309443413196 0.00873360656700267 -0.704674496979243
1605412562.14778 -13.173490837236 -0.378219608366424 -0.377495075864112 0.713960393023456 0.0169538858079309 0.00918842539166266 -0.699920492476557
1605412563.14779 -12.3348860469394 -0.36379903613105 -0.370613541564127 0.714187401730437 0.0176137757555063 0.00996467350761151 -0.699661929359493
1605412564.13418 -11.5054230150788 -0.353895405687261 -0.347190804100649 0.711398211669572 0.0174070329945704 0.00972226564825032 -0.702506268432051
1605412565.13018 -10.6789748613483 -0.35890964776512 -0.320042803329684 0.704864795507671 0.0181834822806776 0.00922322710797634 -0.709048597141121
1605412566.12228 -9.85614929557619 -0.377247092985589 -0.280373202286009 0.696820951023801 0.0166710973134727 0.00992478161182412 -0.716982660486715
1605412567.11289 -9.04073353459554 -0.433527514929941 -0.241211444131061 0.685385574070021 0.0177743260469542 0.00782739125265453 -0.727921300784956
1605412568.1173 -8.22183726094145 -0.503900967652145 -0.215729875156739 0.66523710688382 0.0178324223189639 0.00849060852503794 -0.746370890312556
1605412569.10717 -7.42152675660112 -0.610278732198649 -0.194530960171667 0.640035667394296 0.0164415754957084 0.0109390414594993 -0.768091372448815
1605412570.10839 -6.61299448135431 -0.82031114196305 -0.173554778673758 0.61089284822679 0.0188519492498718 0.00801179171043562 -0.791448256797896
1605412571.12553 -5.80042779265972 -1.08478983479237 -0.151914488578914 0.580836996348669 0.0198147536684294 0.00991148734576 -0.813718330645384
1605412572.13423 -4.99887598584581 -1.38819038783915 -0.124552706442436 0.550511030749464 0.0185138759941575 0.0123927821097312 -0.834530562873773
1605412573.12433 -4.23855534116925 -1.74704255979968 -0.102295275063608 0.514911722683824 0.0182312288351023 0.0127583227255886 -0.856954354291504
1605412574.13254 -3.50812318217312 -2.19235715610671 -0.0679376385525947 0.474987947971044 0.0195782750443964 0.0110850921110186 -0.879704644276381
1605412575.13097 -2.82954815093726 -2.68044650059886 -0.0348050581107334 0.434241899959921 0.019547703493752 0.0133698679452506 -0.900484928379396
1605412576.14169 -2.19276569990336 -3.24380191622772 -0.0137927160801549 0.390061365903291 0.0194677800538126 0.0151053516418816 -0.920459105404043
1605412577.14752 -1.57474066230313 -3.93962656400992 0.000782262941308628 0.338494281959047 0.0221040992235402 0.0144972248480838 -0.940597076515895
1605412578.15292 -0.99256928615586 -4.77427894264673 0.0210318853890594 0.279583825122487 0.0218302332966315 0.0128198464863586 -0.959787464587947
1605412579.13906 -0.527274644145552 -5.63471909616742 0.0431880256022072 0.220671296677376 0.0205477898542323 0.014044473460106 -0.975030625119058
1605412580.13451 -0.194952480183902 -6.51729557731279 0.0313589280472696 0.162578611179586 0.021178534674244 0.0130021667202583 -0.986382587293869
1605412581.13281 0.0320167401748295 -7.45078547861938 0.0085649989152614 0.103125236718226 0.0229271687364225 0.0120481978766021 -0.994331117592861
1605412582.12533 0.165929036266804 -8.46350707629559 -0.00477322903398523 0.0412669001562941 0.0230896012701785 0.012401751636975 -0.998804340109218
1605412583.14214 0.171720370760422 -9.54164173858188 -0.0223714601029187 0.0247917541907153 -0.0272937255985134 -0.011954231797735 0.999248476510836
1605412584.13575 0.0353282210810432 -10.6319471105817 -0.0629336745533148 0.0931409780178913 -0.0285629267415173 -0.011311448540553 0.995178862597947
1605412585.13273 -0.283161573704512 -11.7572496625808 -0.0942393239672348 0.16428251952436 -0.0240929443419928 -0.00902062423592528 0.986077792139168
1605412586.13346 -0.762923320708181 -12.8763962962647 -0.121964994080132 0.237058907821432 -0.0236112638410514 -0.0115089496189565 0.971140116832276
1605412587.13797 -1.41364636679872 -13.9074948699141 -0.148039672121374 0.309470435136286 -0.0240658831611108 -0.0104239417620427 0.950547328901815
1605412588.13337 -2.17297972093871 -14.7757572252421 -0.177829871822369 0.376119956891248 -0.0235482106403106 -0.0094142590763549 0.926223856057384
1605412589.14791 -3.05606805810676 -15.5188360057044 -0.204222550148136 0.440014738567456 -0.0185176929713544 -0.00796163991867296 0.897764299346013
1605412590.16594 -4.0037628325383 -16.1461953760428 -0.250808195554355 0.499490643341474 -0.0185322845412968 -0.013078616761802 0.866022286911601
1605412591.15016 -4.98509394961541 -16.6037728806155 -0.30348444970628 0.551035167447433 -0.0169600013146867 -0.0111767005001687 0.834234789467279
1605412592.16962 -6.03088222148042 -16.9675170411814 -0.370574452121328 0.601767816193137 -0.0187192842278793 -0.0108551227538179 0.798377886781779
1605412593.16564 -7.10843353959882 -17.1874674258063 -0.434316035111193 0.655210715880782 -0.0185996914039257 -0.00907684376774483 0.755162618368976
1605412594.18305 -8.26131157475413 -17.2276010365298 -0.462689900032298 0.718293145186837 -0.0179877120671505 -0.0112021601491369 0.695417796292405
1605412595.16298 -9.36059192157402 -17.0363720646958 -0.47585932031606 0.783730514191722 -0.0147035225697974 -0.0113079908529407 0.620823982213709
1605412596.16592 -10.3838341399774 -16.6499765400632 -0.507928158187524 0.846935628194407 -0.0146473447285548 -0.00952394398119278 0.531408309568444
1605412597.16164 -11.2608537008867 -16.0739189644749 -0.523962415921622 0.899880912800688 -0.011582819210345 -0.00821346201340943 0.435904485085776
1605412598.18102 -11.9572922601839 -15.3497479710383 -0.554713942450173 0.942402527860393 -0.00871609093252264 -0.00510007396748583 0.334328423091311
1605412599.16886 -12.4501447730584 -14.5479317843947 -0.579722959759246 0.972005087524472 -0.00681780667898923 -0.00389367092635981 0.234828589965848
1605412600.15903 -12.7560623753307 -13.6864389421168 -0.580581337447836 0.990714344755663 -0.00275372306716794 -0.00365193541350404 0.135882918250831
1605412601.16353 -12.9007758960697 -12.8019633004294 -0.579210743257522 0.999328189381479 -0.00396838949563345 -0.00234508674023225 0.0363582502401664
1605412602.15925 -12.8549936321777 -11.9705939276545 -0.583995866342741 0.998055175702715 -0.00156960953190984 0.000169360334069002 -0.0623167224428361
1605412603.16949 -12.6537841540099 -11.2020387781942 -0.584278755753046 0.987433630788693 0.00227816917270772 0.00367104542936855 -0.157975182095592
1605412604.18887 -12.3383377512001 -10.4903641561162 -0.592288720416168 0.969359345234741 0.00272291578491461 0.0074962913943815 -0.245517516994273
1605412605.18326 -11.9066615700453 -9.86446636859867 -0.59667601406254 0.947090591004659 0.00773503143435288 0.0084026425285825 -0.320763117140504
1605412606.1741 -11.3746231472939 -9.29057898208334 -0.584177370877979 0.924314848305476 0.0103664625891122 0.00747571908853895 -0.381416716046273
1605412607.1823 -10.7466589208928 -8.7542596010976 -0.567995688150179 0.902886337645787 0.0123420444981586 0.00682715945774468 -0.429647908320198
1605412608.18176 -10.0724713758939 -8.21765639668052 -0.559824562981175 0.888051947928601 0.0111499585655789 0.00686573036969292 -0.45955661016973
1605412609.18672 -9.34494783226823 -7.70221069972027 -0.559784156976531 0.879667719017506 0.0134681983415606 0.00478050673628715 -0.47537401959648
1605412610.19599 -8.58264834318966 -7.18446477983347 -0.540283951916162 0.879190332006913 0.0106482061757624 0.00464532814007521 -0.476329084496511
1605412611.19362 -7.8243362067136 -6.66978567455924 -0.508542748709299 0.884141496372797 0.00970168212936793 0.00302493218959971 -0.467108704201475
1605412612.18223 -7.07137318311418 -6.13891805063545 -0.496542056399504 0.890304019298181 0.0124989853066719 0.00169114070940663 -0.455191903081446
1605412613.19525 -6.32189247112205 -5.54897636460105 -0.483685066385678 0.896579841130599 0.00991645575128065 0.00436766899222772 -0.442749563355106
1605412614.2099 -5.55998270670267 -4.93629903042438 -0.443996769759786 0.90604163229038 0.0109115350234875 0.00627578045654024 -0.423001316238705
1605412615.20457 -4.77538892666699 -4.2537945129403 -0.391162878610567 0.917759843737222 0.0135029492931062 0.00541167536761691 -0.396869315207831
1605412616.18712 -4.00731393404283 -3.45593777274679 -0.373215490714781 0.931124037174764 0.0105891518668865 0.00437487376878688 -0.36452264365553
1605412617.174 -3.2541169349366 -2.54995106699688 -0.353925618885209 0.945870362105178 0.00814007750723303 0.000572035268818583 -0.324442090371838
1605412618.18398 -2.57587185113984 -1.57372062113105 -0.338051732882349 0.960618627808115 0.00843099519859037 -0.000187538253139112 -0.277742209715088
1605412619.17148 -2.02416469426389 -0.56810924048919 -0.325130068700165 0.972669095688967 0.00489653142307721 0.000682347043443061 -0.232143034946437
1605412620.1811 -1.55063065264075 0.496967241399301 -0.31757590891201 0.983138951530564 0.00468747942440571 0.000167442060898297 -0.182799894647631
1605412621.17263 -1.20530905962184 1.55935188617901 -0.317977779151348 0.991454720978998 0.00328699042266625 0.00125160753031674 -0.130403855084918
1605412622.16839 -1.00148252461549 2.62265953426831 -0.309916999237124 0.997463466169509 0.00204309342183588 0.00316648185987399 -0.0710804672115339
1605412623.1783 -0.945424098927759 3.677328072686 -0.302056865827504 0.999955920235447 -0.00142641759244192 0.00484904631219173 -0.00791262717401298
1605412624.17558 -1.00451829904832 4.74253445086559 -0.295070474406029 0.998337544040511 -0.000900822442839995 0.0026948037403538 0.057568000754651
1605412625.16612 -1.22439435638628 5.8021427925406 -0.287007375451794 0.992369341375021 -0.00455625433843197 -0.000597997332469616 0.123215150223104
1605412626.16544 -1.56260754320246 6.86317664448557 -0.282076054607981 0.981754989465949 -0.001741704767006 -0.000784651560141931 0.190140714853891
1605412627.18155 -2.06788879050744 7.88588440527448 -0.279313098814852 0.965268129045702 -0.00292239238922869 -0.000408477809933982 0.261244582369115
1605412628.17589 -2.72076014931793 8.82436767550442 -0.305117079642939 0.94405196406872 -0.00505019954603492 -0.00306759649233038 0.329743801267434
1605412629.18866 -3.49856703079146 9.68322987175499 -0.346198950946426 0.918832511572083 -0.00305913491577072 -0.00479862224847297 0.394606678347214
1605412630.18652 -4.3459459419725 10.3615892964151 -0.351805025111353 0.894463176790444 -0.00893594121335476 -0.00613593527037457 0.447010206392355
1605412631.17562 -5.22493736168474 10.958845227902 -0.344213250175336 0.874418873439969 -0.0083414686430926 -0.00485463362840849 0.485075753058411
1605412632.18562 -6.18358478169413 11.4760358995475 -0.346436837276224 0.847601323603861 -0.00767064802836303 -0.00501970266397218 0.530554389265581
1605412633.1917 -7.18336980253109 11.8630977926758 -0.351754806775361 0.818081801072567 -0.0119804114990239 -0.00768902434686839 0.574925660758651
1605412634.19613 -8.21270894670365 12.1846532862135 -0.384418922041607 0.785729132451661 -0.00879950601944012 -0.00284467627815133 0.618501581992678
1605412635.18446 -9.32074557428505 12.3701712315465 -0.414813865839535 0.751835066958599 -0.0125409703828079 -0.00540098649496154 0.659209819024336
1605412636.18042 -10.4880700348169 12.445445360674 -0.435522537115319 0.715866941177718 -0.0126313029963518 -0.00508705723843205 0.698103928195598
1605412637.17709 -11.7017908769518 12.3920733695376 -0.4496834575738 0.679689308641225 -0.0123031054563706 -0.0058434793844766 0.733373664010119
1605412638.1811 -12.9575963991177 12.2209703173339 -0.470695057537895 0.641472592581366 -0.013623496235419 -0.00492977352263086 0.76700913335519
1605412639.17388 -14.2014739141621 11.9217755606386 -0.495686671490269 0.599790865881903 -0.0153352790971074 -0.00334130377618475 0.800002863812828
1605412640.17304 -15.4310161568495 11.4669523473293 -0.519140454174572 0.549649096964443 -0.0141438746159216 -0.00296683813759834 0.835270626137713
1605412641.18188 -16.5685410561749 10.8403931765881 -0.550571057559655 0.487265248532439 -0.0162525627201578 -0.00440262461593368 0.873091661095293
1605412642.18765 -17.5764700411023 10.0944353107848 -0.573090216098924 0.416402305572946 -0.0155155708350267 -0.0028879901243154 0.909043478876693
1605412643.2029 -18.4232834719519 9.20343306589604 -0.590213306496879 0.33591313174358 -0.0163999488142829 -0.00237074237260855 0.941747200251592
1605412644.18761 -19.0468930041511 8.2393705767903 -0.614335258604425 0.245650980988681 -0.0164163307220241 -0.000415425963932085 0.969219235800751
1605412645.18355 -19.4489934334304 7.19842352740037 -0.639185058008633 0.149046677084176 -0.0196472134644485 0.000507504028288599 0.988634825146732
1605412646.18556 -19.6326469476301 6.13546117401696 -0.638098872026585 0.0557703570799623 -0.0247069075449142 -0.000296134660218103 0.99813784032818
1605412647.20729 -19.6315090712603 5.06446128601169 -0.615760530081024 0.0201757951007187 0.0268084047549849 0.0035566373528251 -0.999430636441213
