1604566970.19348 0.000134154384870281 0.016425878667519 0.000487206513239797 0.999999996328282 2.48993178789092e-05 -1.04054844079087e-05 8.13337908478931e-05
1604566970.86311 -0.0109373540691592 0.901997255770267 0.0244349364645975 0.999969687490242 -0.00172910349691018 0.000348076145598591 0.00758374213450159
1604566971.54534 -0.0465974950002515 1.91738655047445 0.02010362013512 0.999736289124958 -0.00235840019431513 0.00175665145606363 0.0227750813575897
1604566972.24085 -0.129278646970481 3.01896992163365 0.027956734376807 0.9991511534225 -0.00468362147219987 0.00393118989052637 0.0407379681677589
1604566972.94239 -0.249874546726594 4.19723217581681 0.0424207667451108 0.998275427508714 -0.00362304367552907 0.00309625262618481 0.058510320512668
1604566973.63746 -0.399925789474916 5.38838158720969 0.106771907015135 0.997008236384709 -0.00330564706368722 0.000185784680804917 0.0772244440743624
1604566974.3098 -0.60384282113478 6.53039329907856 0.11279887792682 0.994291782529075 -0.00208743044501396 0.000716416419762101 0.106672304638107
1604566974.97678 -0.915033436524948 7.65292943690593 0.100117329936783 0.989217325432442 -0.00580353491362981 -0.000831963762242152 0.146337657091711
1604566975.64594 -1.28304625891797 8.74371024451612 0.115667372796286 0.981663618543832 -0.00217167949337948 -0.00150780999510001 0.190603122599361
1604566976.30899 -1.78648155193174 9.80157939665403 0.0953392238186039 0.972091714288333 -0.00281988586770396 -0.00469146452421566 0.234537283637977
1604566976.96931 -2.37641921331014 10.7911624914752 0.0558909150826591 0.959711640976284 -0.00265136582906122 -0.0049585263431261 0.280930506443059
1604566977.63105 -3.02544971463977 11.685394013071 0.022762606478993 0.941451015010186 -0.00341949721239904 -0.00266988631076329 0.337121884608806
1604566978.30453 -3.77300409422153 12.4484248899982 0.0035270441473241 0.914687744547246 -0.00650714898235222 -0.00229731524556278 0.404102350067227
1604566978.99063 -4.6083623828066 13.076416448601 -0.00239557095691331 0.881277180802321 -0.00688663793687332 -0.00243310069213509 0.472543315301424
1604566979.66013 -5.49668998252564 13.5419633867722 -0.0198543869773935 0.843485102398357 -0.0110988651247089 -0.00346243498977838 0.537026730032051
1604566980.32949 -6.46072179376914 13.886791704225 -0.032492936265248 0.800152081120516 -0.0107953063873518 -0.00382669808273233 0.599687806129402
1604566981.01356 -7.51793907343244 14.0768375008308 -0.0391264556035013 0.753302033359387 -0.0127035175732397 -0.00782964326568079 0.657505409760415
1604566981.68816 -8.62421155695815 14.1420699236089 -0.110389362315862 0.709286923441966 -0.0137334627985135 -0.00866094605089471 0.704732885742744
1604566982.36174 -9.71629890065378 14.0779153046444 -0.128375546711047 0.670812848791224 -0.0141048382391406 -0.00857366288987566 0.741442963240937
1604566983.04905 -10.825265107723 13.9025952511394 -0.142143174527367 0.641662202160092 -0.0168664126717382 -0.00722902176664381 0.766767816021868
1604566983.72891 -11.9259915767118 13.6593446873087 -0.181218354225443 0.618403275415955 -0.0156710158058528 -0.00866713523802988 0.785656851930406
1604566984.41657 -13.0143529000023 13.3680712807609 -0.199724354010047 0.602966305897769 -0.0147722252892029 -0.00705208639368784 0.797598698212014
1604566985.09197 -14.0795428080979 13.0428368195181 -0.216521530481363 0.593012357322032 -0.0150957713641429 -0.00611005290430108 0.805028651045287
1604566985.76986 -15.1342630186834 12.690734408657 -0.236638842413747 0.577420926512136 -0.0152352107962827 -0.00556857212552412 0.816285460474669
1604566986.4496 -16.1682507563016 12.3073076456223 -0.292132216176163 0.558261670088448 -0.014997210454449 -0.00349183392851072 0.829522030138114
1604566987.13099 -17.1865698829347 11.8630313424682 -0.337581694912053 0.534293882178689 -0.0143529537246819 -0.00223362451592262 0.84517397682804
1604566987.81979 -18.2031432442121 11.3077528426821 -0.343346656024672 0.49772774565715 -0.014033027220376 -0.00234950639593387 0.86721660798775
1604566988.50818 -19.1168916011557 10.6651632973087 -0.357706026333343 0.438600701576183 -0.0146753035469268 -0.000716127659567548 0.89856193287044
1604566989.21073 -19.9318953431698 9.90000123147864 -0.389737580651075 0.3760584844837 -0.017291267599831 -0.00307642930275255 0.926429470545578
1604566989.89874 -20.6611121014965 9.04782137613325 -0.446579941278574 0.312033001216208 -0.016435970391898 -0.00271877277167393 0.949925193530469
1604566990.57593 -21.2456839132055 8.06587864838757 -0.444830389081263 0.246192023010273 -0.0167181682255824 -0.0018393836776117 0.969075129866089
1604566991.25506 -21.6888531893378 7.04959851738047 -0.449607145030069 0.178235750539278 -0.0202566776959599 0.00127643419314969 0.983778458269022
1604566991.93489 -21.9331777190611 6.05838158692781 -0.464721862942735 0.097964404819551 -0.030022537597041 -0.00318101851709574 0.994731875303983
1604566992.6072 -22.0112011001512 5.03654319865032 -0.431400182574815 0.01298902705126 -0.0276156098386075 -0.00637003973802661 0.999513924797068
1604566993.2806 -21.9257509134883 4.03420584709724 -0.394407445864896 0.0785831558736861 0.0270312436925481 0.0066969507598151 -0.996518514794325
1604566993.95185 -21.6646970919997 3.0701696610981 -0.345981902388203 0.172740641954442 0.0269036821377061 0.00705510479769984 -0.984574572087302
1604566994.62728 -21.2278367766674 2.179373264123 -0.359127271779154 0.268339534286554 0.0254225078267338 0.00604204130235996 -0.962969929006911
1604566995.293 -20.6290560618399 1.41070039435555 -0.344074618453323 0.358977783117555 0.0237227501422418 0.00580070051496385 -0.933026545296129
1604566995.97165 -19.8749010436984 0.761563540545875 -0.317877981505908 0.448711863718653 0.0245383517239032 0.00550530974866964 -0.893322575678785
1604566996.63687 -19.0260447135337 0.280330167477546 -0.346517636146581 0.531105402663902 0.0244450221499225 0.00563083541800799 -0.846934345652483
1604566997.31953 -18.0352114027656 -0.0696229855916262 -0.361791494383752 0.598745975052522 0.0237147090567949 0.00624148227517538 -0.800563497688825
1604566998.00981 -16.9447474990345 -0.286243790739514 -0.359413671012593 0.648081108566552 0.0218783744425472 0.00713276568025514 -0.761223578920577
1604566998.69769 -15.8342640042613 -0.377061133766716 -0.384102559019325 0.68081314749747 0.0212184839382417 0.00723207741824267 -0.73211401515759
1604566999.4012 -14.6753379682702 -0.397368942490201 -0.387269220702221 0.701379076593183 0.0186632718270831 0.00859492413949223 -0.712492245909413
1604567000.08137 -13.5516540348679 -0.386435570109318 -0.38440797654892 0.712781944474529 0.0183064419045629 0.00938545214776899 -0.701083937274195
1604567000.76495 -12.3949859365116 -0.364192370911889 -0.371061153623602 0.714236539170004 0.0174444831827699 0.00999048585007232 -0.699615641844449
1604567001.45782 -11.2352261582381 -0.349589351315084 -0.337781585062859 0.709566551118981 0.0166689449752658 0.00998160109894723 -0.704370515741558
1604567002.14134 -10.1026539708503 -0.367148905323386 -0.292541915637626 0.699262020295518 0.0167696459879633 0.0103398367790859 -0.714593936247048
1604567002.83995 -8.94899507506993 -0.439297413572321 -0.236572212434682 0.683532516384488 0.017498843963685 0.00803836511688096 -0.729666001805808
1604567003.53002 -7.82701816807748 -0.553358883728801 -0.204269269131474 0.653343837197198 0.0175144232935931 0.00885272043442478 -0.75680691375941
1604567004.22997 -6.69892037870879 -0.795806325818891 -0.175612640614775 0.614070325405211 0.018659446771423 0.00791401324088048 -0.788991019528959
1604567004.91063 -5.61066600550226 -1.15269098653414 -0.147624036100709 0.573919130031399 0.0194197295951463 0.0110614202063071 -0.818606957745579
1604567005.58885 -4.5432082868838 -1.59402687089359 -0.112851972457635 0.5305593313187 0.0182283656607897 0.0124614793656118 -0.847360156113096
1604567006.29193 -3.51286531683252 -2.18942037326215 -0.0682265542655407 0.475230236732447 0.019596466804638 0.0110408096849825 -0.879573931574542
1604567006.97774 -2.58962993757476 -2.8768451651132 -0.0252090518511718 0.418207155214823 0.0193391609926124 0.0141407951061532 -0.908035687675872
1604567007.66174 -1.74902865254554 -3.73245615614067 -0.00597669612197076 0.353905462857485 0.0221899104700773 0.0143325937211362 -0.934908074620272
1604567008.33093 -0.964292292555359 -4.81980757115657 0.0226308579995325 0.276382243810333 0.0217123128426668 0.0128472798344973 -0.960716596181331
1604567008.99491 -0.385566228402809 -5.9833163864907 0.0449883558642454 0.197415123506012 0.0213083535083172 0.0124560187612993 -0.980009219690554
1604567009.67511 -0.0176747173976136 -7.22044273586839 0.0148888512103656 0.117688513477141 0.0227260664118587 0.0110162295318192 -0.992729360091605
1604567010.35199 0.175754323168743 -8.59148394284321 -0.00605596403081026 0.0335816924109997 0.0230580975036801 0.0127636317099599 -0.99908842640674
1604567011.03195 0.125072658526823 -10.0523447826943 -0.0358390504945898 0.0564430894839027 -0.0278566441940584 -0.0111844965452643 0.997954453900972
1604567011.70013 -0.212031613237049 -11.5459614743813 -0.0873235600331487 0.150722388711786 -0.0247681366515941 -0.00862161863358761 0.988228196642839
1604567012.37254 -0.856748490532244 -13.047655759103 -0.125266632397531 0.248362204932336 -0.0232476493408546 -0.0114442760882652 0.968320603161003
1604567013.04008 -1.77421282648716 -14.3514254638085 -0.158998575859403 0.343056472073796 -0.0233329162766937 -0.00965223635733625 0.938975327854576
1604567013.73032 -2.92920257510576 -15.4253429439969 -0.199624631650909 0.431188759302095 -0.0189608529730011 -0.0083029877213013 0.902024279219222
1604567014.40952 -4.19527565322748 -16.2536031885766 -0.261867492649087 0.510207774515057 -0.0185324833721881 -0.0142593751556314 0.859733240083587
1604567015.0955 -5.58223619554746 -16.8204485066726 -0.340330644018819 0.580009123895603 -0.015753067952201 -0.0105331659503097 0.814389531773961
1604567015.77749 -7.03314596179331 -17.1788695610197 -0.430461153935056 0.651188222974849 -0.0189869768750982 -0.00952284404317351 0.758618948095374
1604567016.44504 -8.54801160939191 -17.2067315468734 -0.467041851810616 0.734657002447874 -0.0185826259324724 -0.0126498072635472 0.678066189353188
1604567017.1169 -10.0030397626186 -16.8182866326552 -0.492996441477887 0.823943588490329 -0.0134770075019053 -0.0103537898708393 0.566416924437984
1604567017.77951 -11.2122052729189 -16.1131219402975 -0.523110845061336 0.896971300184902 -0.0116460647186408 -0.0082712840385812 0.441857942874776
1604567018.46218 -12.1174849824249 -15.12011423551 -0.562385675826796 0.952084809124019 -0.00730605794860184 -0.00494703791921862 0.305706827807882
1604567019.12871 -12.6671091816863 -13.9998414016928 -0.583377458518453 0.985272582274187 -0.00411055281172366 -0.00339885884130916 0.170907839881365
1604567019.79 -12.8981123465523 -12.8351413565629 -0.579238288826938 0.999181936028694 -0.00377702369840868 -0.00242697879038543 0.0401908270614492
1604567020.45266 -12.8109452277154 -11.7387084273983 -0.585450181422937 0.99589325235993 -0.000474558189260051 0.00109894848500676 -0.0905273274249982
1604567021.11352 -12.4794675927059 -10.7793161201143 -0.586951711514049 0.977591594521799 0.00358021965876325 0.00583641924748811 -0.210399126799255
1604567021.78008 -11.9457275060344 -9.91317234894476 -0.596755671935853 0.948986608956005 0.00725916664272027 0.00849624328087812 -0.315118286317929
1604567022.4492 -11.2138886123983 -9.14431960192132 -0.578170160782497 0.918285683647534 0.0112243226315323 0.00672502885213219 -0.395702150330754
1604567023.13072 -10.3287597688094 -8.41633821306116 -0.559558898787982 0.893155473071666 0.0110209973081905 0.00632063170483211 -0.44956855779215
1604567023.81612 -9.3522931922428 -7.70729717365713 -0.559702063088593 0.879735067964528 0.0134426751144182 0.00480267728211029 -0.475249870036952
1604567024.50665 -8.31008138822072 -7.00186430767944 -0.527693500112938 0.8801612477881 0.0105913560837691 0.00431810189649301 -0.474536990196142
1604567025.20507 -7.24684693378533 -6.26473743365825 -0.497519619624315 0.888954361947166 0.0115603424944672 0.00181674726767935 -0.457846262719139
1604567025.89672 -6.21980422671166 -5.46671153083739 -0.481251393569944 0.897594402212926 0.00984499468404216 0.00445118131508886 -0.44068985940295
1604567026.59946 -5.1522385169134 -4.5850097957373 -0.419857885339774 0.912014087195505 0.0117766855971848 0.00773204016993596 -0.409916857409044
1604567027.27422 -4.08097639490221 -3.5382024964031 -0.374351089166559 0.929798640435335 0.0109131478594698 0.00454780754220081 -0.367878660559373
1604567027.95579 -3.05813842171908 -2.27879049296192 -0.352409290758191 0.950428884147133 0.00693706181783411 0.00112998704560984 -0.31086256847914
1604567028.62773 -2.21312147918995 -0.951030636734958 -0.329360303483452 0.968267713921844 0.00750084474466495 -0.000463768078090486 -0.249802234625419
1604567029.29434 -1.57192109470978 0.443084334328672 -0.317547346538701 0.982672573950036 0.00464518086888658 0.000141272624675879 -0.185291701765493
1604567029.96873 -1.12596207955236 1.89261136678319 -0.315837091844849 0.993665976098002 0.00255152720994993 0.00137568224982975 -0.112336659877571
1604567030.63126 -0.954670159060358 3.28966838115705 -0.302480853815839 0.999486948643516 -0.00141650046407822 0.00473911074559479 -0.0316444915751544
1604567031.30978 -1.00252716550882 4.72918038846123 -0.295211214895357 0.998384101615598 -0.000815762961755591 0.002718089010369 0.0567550188453677
1604567031.97936 -1.31724668660752 6.16497083127387 -0.287480045758041 0.989341541462979 -0.00192786838438214 0.000314473676594381 0.145600476528946
1604567032.6597 -1.89538573658189 7.57332593723201 -0.279610492280653 0.971010697614336 -0.00297765427260495 -0.000412128435866242 0.239017130858242
1604567033.33187 -2.74323390554199 8.85292714877403 -0.30695022537265 0.943301807511466 -0.00500197970481921 -0.00305706090382292 0.331884519860845
1604567034.00122 -3.79483099016956 9.94801198860108 -0.351637235192757 0.909806703106868 -0.00409452890867729 -0.00540363482269121 0.414976865072658
1604567034.67084 -4.9635570488301 10.7966731414794 -0.345152780707945 0.880669040671954 -0.00739321047557024 -0.00511907624974769 0.473646678758706
1604567035.33991 -6.22123390374487 11.4932994391219 -0.346286563406538 0.846547454065135 -0.00768192958054199 -0.00515233758201767 0.532232890181731
1604567036.01876 -7.57508172053308 11.9890332141434 -0.355016351279699 0.806013952091802 -0.0117893538059826 -0.00833767898599279 0.591720375920348
1604567036.69529 -9.03560782079056 12.3320503030342 -0.407078661606397 0.760611391447564 -0.0118087039438584 -0.00521492251008189 0.649079094020583
1604567037.3643 -10.5959410522571 12.4459102617225 -0.437124185121094 0.712483215946322 -0.0128963108254497 -0.00514608295914482 0.70155175859808
1604567038.04709 -12.2792991290348 12.3336037586191 -0.459106221060969 0.662684561801972 -0.0117833530919003 -0.00423775396623198 0.748793940667632
1604567038.73725 -14.0061522344565 11.9770189822783 -0.493119635326297 0.606928700588031 -0.0154573322616799 -0.00331213506748044 0.794599051750737
1604567039.42695 -15.6963321645389 11.3452292254878 -0.525907022433711 0.536661473497771 -0.0139567877868882 -0.00209315197764364 0.843679613154586
1604567040.11386 -17.1763894528061 10.4220626377776 -0.567241366065182 0.447207913904124 -0.0160938708088832 -0.00267607866730599 0.894281224037984
1604567040.81315 -18.3980086933478 9.23519307655756 -0.589751897007159 0.338730265608063 -0.0164063403740753 -0.00239270520187843 0.940737431018049
1604567041.50098 -19.2181189106563 7.87188247132658 -0.623727826629873 0.211299364232027 -0.0171501380353647 0.000447026304056278 0.977270817945564
1604567042.1742 -19.5984129562705 6.4457668820365 -0.639893812229963 0.0819393413876296 -0.0230952645356161 -0.000254502127241175 0.996369654454439
