1605412502.04738 3.46944695195361e-18 -5.55111512312578e-17 0 1 0 0 0
1605412503.07522 -0.0275918985643814 0.638339391642057 -0.00449020875908612 0.999989215920997 0.000525102550354994 -0.000566837977656694 0.00457941084949864
1605412504.08573 -0.0648940734655739 1.3285565431947 -0.00641551505582205 0.999911828009367 0.000545040923369664 -0.0024943823440387 0.0130313926378025
1605412505.08855 -0.0758116378587806 2.06942382425747 -0.00342842010661659 0.999675356704025 0.00155664321434569 -0.00170691777200256 0.0253740909650495
1605412506.08 -0.131352158118376 2.86787757357038 1.006611322385e-05 0.999261562721924 0.00293565572308494 -0.00305702717538775 0.0381885555744513
1605412507.10929 -0.198445774158404 3.69695574767261 0.0117964647524709 0.998713858724362 0.00314543841440168 -0.00275883326646062 0.0505284419716752
1605412508.09072 -0.305559651646107 4.56539629510746 0.0130449092347713 0.997989098526813 0.00199991736550578 -0.00281792351325386 0.0632915386070199
1605412509.08211 -0.422712968453804 5.43018035326918 0.0413118229942877 0.997035658958085 -1.93125343743339e-05 -0.00196958952706486 0.0769156363175822
1605412510.11349 -0.577530140348703 6.27737288533087 0.0486964049316125 0.995343633110395 -0.00023352621099263 -0.00102808575940212 0.0963843375854185
1605412511.08212 -0.782743834198514 7.11554609035532 0.0417577962260303 0.992143481098538 -0.000791970955731595 -0.00275436358548455 0.125072375754673
1605412512.08431 -1.02027982787065 7.93738042877123 0.0561369710260098 0.98780856535722 -0.00195744954887744 -0.00103367803043139 0.155657759549289
1605412513.08089 -1.31920044043116 8.76007371489847 0.0626476410492693 0.981919711599986 -0.00340581850600942 0.000227296658098174 0.189267083001598
1605412514.0846 -1.68588962163318 9.55131746084994 0.0490014396493246 0.97495917479203 -0.00624122695875931 0.00118294051555355 0.222293174044166
1605412515.07892 -2.10421430833401 10.3319894298593 0.0542330255448935 0.966791742130164 -0.00783108907587195 0.000151391940787454 0.255445451071826
1605412516.07224 -2.55728955451107 11.0316179211036 0.0558333717853376 0.955860706806478 -0.00833799603274642 0.000345451685186274 0.293701664395542
1605412517.11855 -3.06155307794551 11.6787850833487 0.0368067611943159 0.941411570678183 -0.0077688585060368 0.000638969573877327 0.337169825382747
1605412518.08444 -3.61448426537138 12.2540103358005 0.037307804044761 0.922321802155379 -0.00772421195908619 -0.000288994205786666 0.386345371786454
1605412519.07841 -4.19663028281821 12.7565302035131 0.0345159442719793 0.899427519688991 -0.00896632811331426 -0.000851214426003751 0.436977135809501
1605412520.07489 -4.82910295168608 13.1833907210357 0.0201812377492059 0.873642698897431 -0.0100364928271037 -0.000206537610577868 0.486464449695103
1605412521.07426 -5.48932886453367 13.5316966207044 0.00540363199098048 0.845244243246561 -0.00939911072020825 -0.00233113392718797 0.534292421610892
1605412522.07752 -6.20000239418671 13.7987014697335 -0.00302257762774605 0.813156389725243 -0.00996535544990335 -0.00331767803449794 0.5819504880591
1605412523.0792 -6.94894045657136 14.0031093545861 -0.0159881711001789 0.779334748088913 -0.0148304466023191 -0.00293924920872514 0.626425389882031
1605412524.0762 -7.71135508936456 14.1089895696749 -0.0307907124060628 0.745427203283069 -0.0137152262301021 -0.00658798295011795 0.666413366954542
1605412525.07259 -8.50971767186407 14.1513082997935 -0.0465200732530467 0.712780575266177 -0.013809475922545 -0.00743087956401165 0.701211759689516
1605412526.07762 -9.32103876656616 14.1300519751106 -0.0643788724368105 0.682963287251963 -0.0163471746626811 -0.00637141498809746 0.730241962104062
1605412527.08364 -10.1359494471042 14.0482192382531 -0.0844282445939166 0.658477883487092 -0.0153868343522295 -0.00543745092502282 0.752423123258725
1605412528.08932 -10.9480285078506 13.9015946433161 -0.114699684238828 0.63829129106599 -0.0137627507644965 -0.00625717171063295 0.769646452757946
1605412529.07635 -11.7612621006579 13.7312929852525 -0.136827286854818 0.621290694900822 -0.0154868437494473 -0.00678270896126747 0.783397743779927
1605412530.08756 -12.5610425645234 13.5334769796881 -0.153173303146598 0.608627787856897 -0.0165532677431046 -0.00551379131720417 0.793264018647483
1605412531.07472 -13.3520049650306 13.306038294023 -0.168482495058531 0.599653285093925 -0.0170818181205071 -0.00601300248315544 0.800054993714119
1605412532.08226 -14.1353291293628 13.0721015726549 -0.191393088544077 0.592335761449304 -0.017240815450741 -0.00525259757619012 0.805489609001612
1605412533.07732 -14.9240805774983 12.8180190989951 -0.209144343086539 0.580643574804901 -0.0183656730300662 -0.00463323139815257 0.813937512502495
1605412534.08532 -15.6929781567741 12.5309384449285 -0.223174072707789 0.567245726001947 -0.0182446007826727 -0.00466820298545395 0.823333242834085
1605412535.07266 -16.4467968891946 12.2149188910206 -0.248392944241289 0.552843799922 -0.0194168304210667 -0.00393642277576194 0.833049352775652
1605412536.0797 -17.1992148711637 11.884948981553 -0.2683253156708 0.534000027044122 -0.0214576086539885 -0.00283020405696441 0.845207389989419
1605412537.08506 -17.9345628876072 11.5015940612843 -0.280472646740593 0.509740386254806 -0.0214881868036031 -0.00392636158087332 0.860050917174926
1605412538.08316 -18.6360178112487 11.0807907290479 -0.297048523843783 0.471834901263145 -0.0239979595947843 -0.00392059954417275 0.881351548920463
1605412539.07775 -19.2756916915958 10.5847619515849 -0.324742597464826 0.427675252364117 -0.024270948081317 -0.0038295119621512 0.903598436493034
1605412540.08007 -19.8622464676123 10.0377822140214 -0.335260478436614 0.382746011273891 -0.0229816030396827 -0.00547338271311355 0.923551503088663
1605412541.0878 -20.4074249358181 9.42688111451776 -0.346250203985861 0.336950281412133 -0.0232156775084586 -0.00703203614935039 0.941209907853557
1605412542.09158 -20.8858198597851 8.74092171406142 -0.369748231808953 0.288485302882055 -0.0237600545800591 -0.00846939028642336 0.957152004258246
1605412543.09996 -21.3059390967406 8.02807515851295 -0.383120833799453 0.239756229744996 -0.0265201428086467 -0.00781619154122507 0.970439353836016
1605412544.10058 -21.6498583872717 7.29020607490762 -0.393080647781663 0.189515789269071 -0.0289856552225002 -0.00503109968686006 0.981436847405366
1605412545.15063 -21.8526380875702 6.56317888021947 -0.41033052140737 0.133171751614068 -0.0237707274506539 -0.00182511600858855 0.990806189948399
1605412546.11141 -22.0076658162338 5.81187076281116 -0.42563824666083 0.0709743444409215 -0.0242245700090727 0.00129360586953203 0.99718310215472
1605412547.10799 -22.037257435525 5.03852845922858 -0.419427598925022 0.00730838349374277 -0.0217046705176967 -0.00271882112410321 0.999734016036327
1605412548.14397 -21.9788134946572 4.31886440594452 -0.405247286380578 0.0608088998549055 0.0217100082912687 0.00272688893994999 -0.997909573716546
1605412549.11655 -21.8294828480171 3.60131986264525 -0.402634298574406 0.13035679963502 0.0216510549393287 0.00361669261485033 -0.991224120037169
1605412550.11184 -21.5858897251681 2.90347999103808 -0.39933445949377 0.201721537819059 0.0235819487876216 0.00556816033422369 -0.979143150137805
1605412551.1218 -21.2245446495116 2.25754369236828 -0.399709428362896 0.272090958159089 0.0231988547433434 0.00667567015062171 -0.961968689227828
1605412552.10653 -20.7754392500146 1.64290633043945 -0.387347012997396 0.34039358057323 0.022578975198076 0.00812921818332734 -0.939976763540072
1605412553.1103 -20.238315516024 1.11908670699807 -0.389594451441839 0.407814898297181 0.0224143881647671 0.00793620252968709 -0.912754961980195
1605412554.12501 -19.6367334194048 0.665847451547195 -0.377479024392957 0.472565397272917 0.0226824207821501 0.00822549189251961 -0.880965262862775
1605412555.11439 -18.9697717288219 0.311625194206424 -0.368774997320001 0.533975794850061 0.0222260901759713 0.00800009240558665 -0.845169716655322
1605412556.11188 -18.240662650273 0.0349758095625754 -0.355165712438487 0.585549867226843 0.0222223594093525 0.00876564258106998 -0.81028432247147
1605412557.13098 -17.4636322250989 -0.138071834496112 -0.341274399706419 0.627014371368893 0.0201880825070648 0.00689938203735618 -0.778715492300662
1605412558.13435 -16.6648865255469 -0.265040045788919 -0.325188917808559 0.658258072885194 0.0189556926590307 0.00648781134599347 -0.752525680293521
1605412559.13247 -15.8600018847386 -0.347934387567825 -0.310548848406474 0.681298241210987 0.0190141461910143 0.006703743952446 -0.731728247769938
1605412560.12981 -15.0398665949441 -0.373087738449941 -0.289430992190396 0.697233276550142 0.0171790887260157 0.00597817423326625 -0.716613493045263
1605412561.14508 -14.220131411238 -0.380670758181758 -0.267782082240167 0.708442331256319 0.0158910767653714 0.00551261803611601 -0.705568244754352
1605412562.14778 -13.3974936695525 -0.362557406224386 -0.253848149201772 0.714884654961348 0.0160052570189977 0.00464811200931777 -0.69904374462783
1605412563.14779 -12.5556920258674 -0.340939332206182 -0.230852977781782 0.715917814133837 0.0149967705813229 0.00403419973055519 -0.698011823331448
1605412564.13418 -11.7165979557129 -0.326907728438453 -0.214875630256966 0.713839849384988 0.0155930991088498 0.00478712544033462 -0.700118995685888
1605412565.13018 -10.8715693011601 -0.318086487210793 -0.195264508266851 0.708466167836787 0.0149444691714776 0.00435090112558592 -0.705573115652259
1605412566.12228 -10.0414321808104 -0.313155760345581 -0.181711183133639 0.700573697890063 0.0147466500489815 0.00387942989528934 -0.713417115130176
1605412567.11289 -9.19863946790903 -0.364765101508022 -0.161419622644038 0.691109237029333 0.0157375731127735 0.00585630782837461 -0.722555226224178
1605412568.1173 -8.34988149253305 -0.416268549613261 -0.144901422847515 0.674267657773214 0.0150432815615539 0.00493441683837955 -0.738317328044893
1605412569.10717 -7.5234635886637 -0.512815864731608 -0.134307320361705 0.650179379052228 0.0144349809453391 0.00512987901979154 -0.759626283590563
1605412570.10839 -6.71388272437157 -0.691648783384881 -0.109651585868823 0.62205534996515 0.0154645068763079 0.00634845868879182 -0.782794792828289
1605412571.12553 -5.89931312896268 -0.919126285567692 -0.103882519432963 0.592948420230016 0.0172257050538547 0.00592678735319759 -0.805034359033076
1605412572.13423 -5.10611642345617 -1.19594983864513 -0.0920301480210099 0.562705023898093 0.0143135252290672 0.00374926404962463 -0.826525330582463
1605412573.12433 -4.31761334253902 -1.55054710308065 -0.0860478713948377 0.52993888738898 0.0139308385417768 0.00434286140627277 -0.847910282356134
1605412574.13254 -3.58419951075425 -1.98526964434429 -0.0708020633125016 0.490968308900072 0.0168829548469061 0.00563823949302331 -0.870995577340586
1605412575.13097 -2.87625552808309 -2.46568629163013 -0.0513145424253149 0.450262001611013 0.0134006780694041 0.00471825027251701 -0.892783450701731
1605412576.14169 -2.2276203010573 -3.0109635883892 -0.0504816650908041 0.408031451867036 0.012550837172014 0.00432935560212318 -0.912871331269435
1605412577.14752 -1.60404099357626 -3.66386140448551 -0.0487204888010827 0.360403890028261 0.015220489685391 0.00361759040302209 -0.932665152016472
1605412578.15292 -0.986089683811217 -4.45924698897594 -0.0334719389185383 0.303828886173091 0.0156904150078932 0.00530298803400686 -0.952582645822193
1605412579.13906 -0.467963288535246 -5.3210819168229 -0.0264437693453985 0.243983745619157 0.0138851200539837 0.0068774503757352 -0.96965552439568
1605412580.13451 -0.0991633980947785 -6.21110458492789 -0.0283437239816248 0.185370304086097 0.0160412727970292 0.00766674695090691 -0.98250788746008
1605412581.13281 0.168838393726353 -7.1340910440443 -0.0344427331942212 0.127327804795047 0.0176964270171538 0.00683325028206432 -0.991679269364588
1605412582.12533 0.358911660924897 -8.12732956007407 -0.0416152912087573 0.066577479594816 0.0166916536960617 0.00630680735447934 -0.997621697883865
1605412583.14214 0.411184623516385 -9.17222248575534 -0.0428008067895995 0.0030086679579504 0.015792404959409 0.00446611038687906 -0.999860791170816
1605412584.13575 0.324449106906931 -10.2595377433947 -0.0640367080114599 0.064075771591016 -0.0165329579691208 -0.00184673521362556 0.997806367169933
1605412585.13273 0.0676518641135042 -11.3878656901094 -0.0564318460564861 0.134122402988046 -0.0178868420466932 -0.00374462672834385 0.990796255376944
1605412586.13346 -0.355136174093972 -12.5376001828724 -0.0688893000339732 0.206316135415081 -0.0158609170464852 -0.00601934536399503 0.978338311147642
1605412587.13797 -0.959656978330705 -13.6109298545678 -0.0796990932429869 0.279034121309985 -0.0149639766040253 -0.0059891587109434 0.960145910019354
1605412588.13337 -1.69106798748322 -14.5394342693309 -0.102557543278259 0.348409396321139 -0.0153426503150242 -0.0048025451861637 0.937204583426791
1605412589.14791 -2.52548393753185 -15.3392789033367 -0.110257276584222 0.411754144461887 -0.0164518715545111 -0.00641322286688897 0.91112388346112
1605412590.16594 -3.42733604278551 -16.0081972271603 -0.144094465957213 0.472738074333301 -0.0171908815669307 -0.00823014207250122 0.88099685097511
1605412591.15016 -4.38857779268568 -16.5313987975728 -0.147101124875904 0.526764350410116 -0.0144493730813673 -0.0108812503681548 0.8498188825538
1605412592.16962 -5.39830773543136 -16.9290780420718 -0.188856793092604 0.577003093912006 -0.0156194107837 -0.00845659847852657 0.816548804153748
1605412593.16564 -6.48781634028553 -17.235662652739 -0.205678878688478 0.62834096582233 -0.00997711403819931 -0.00783219112230144 0.777834651225538
1605412594.18305 -7.65112652138673 -17.3680862885729 -0.242533632826738 0.688000733631363 -0.0112198123128796 -0.00639425899451735 0.725595079769896
1605412595.16298 -8.80168207706188 -17.2997647954431 -0.239148792777839 0.753856675703994 -0.00932932691820671 -0.0104618180281619 0.656889356375427
1605412596.16592 -9.86878365648852 -16.9935110547329 -0.276938144638285 0.820481818689307 -0.0104374175830202 -0.00847943895799505 0.571514430814693
1605412597.16164 -10.7936404610733 -16.4695146261113 -0.283055603841538 0.877575656088676 -0.00875361612684169 -0.00710857314707278 0.479305549971046
1605412598.18102 -11.5461966559137 -15.7994595697437 -0.299227689799265 0.924200592728898 -0.00603623985047932 -0.00628327423377583 0.381807999749776
1605412599.16886 -12.1240904975406 -15.0160555988935 -0.312027131645639 0.959380289717215 -0.00565353566701028 -0.00340993312660054 0.282038773207951
1605412600.15903 -12.5012608815479 -14.164314237105 -0.303111596521844 0.983250627916866 -0.00428123443625069 -0.00171688508317897 0.18220023610962
1605412601.16353 -12.7035440088221 -13.2824251988355 -0.303547465734095 0.996429388421952 -0.00349100621318683 -0.00112647737714479 0.0843505649856214
1605412602.15925 -12.7232668241125 -12.427064905407 -0.296880239117403 0.999897218046445 -0.000939953130865892 -0.00217431139779106 -0.0141400919741705
1605412603.16949 -12.5811172264148 -11.6396079988076 -0.292749306736996 0.993908661741978 0.0030064138015165 9.52614136178476e-06 -0.110165936203423
1605412604.18887 -12.3228216033113 -10.9306244497111 -0.292180899118267 0.979909308646521 0.00652262428125669 9.85696233540766e-05 -0.199336881896984
1605412605.18326 -11.9324957837781 -10.2897605339864 -0.269626069423242 0.960007360126743 0.0089023196489055 -0.000743454319157445 -0.279832207729965
1605412606.1741 -11.4406215259178 -9.69093873342177 -0.263351373172371 0.938123807516821 0.0105016667673638 0.00231996085797185 -0.346133001239218
1605412607.1823 -10.8680251569588 -9.1382039391398 -0.240539295038856 0.916439078242429 0.0107568778615118 0.00401656547151819 -0.400009465701316
1605412608.18176 -10.2256649476629 -8.60872225600389 -0.226442571948234 0.899735987419164 0.00990037747567419 0.00390293750772039 -0.436304827554672
1605412609.18672 -9.52468470066961 -8.11570370287084 -0.20213098050243 0.889591424723922 0.0111505722060838 0.005532982582315 -0.456587503005594
1605412610.19599 -8.79819606593341 -7.61758331468064 -0.198137863790427 0.885215815977775 0.00955438464053349 0.00660360905327641 -0.465035552645618
1605412611.19362 -8.04108213597561 -7.1005296473946 -0.17046949389849 0.888450980257905 0.00862024046153581 0.00599301606639659 -0.458851425726869
1605412612.18223 -7.28327153203262 -6.54632528162854 -0.143067968603788 0.894486753111356 0.00753091726706281 0.00697862974249762 -0.44697654582801
1605412613.19525 -6.55671384641613 -5.96868575430862 -0.152498137124276 0.9000018768923 0.00918051152083651 0.00562090367524023 -0.435753078291395
1605412614.2099 -5.82434694500349 -5.3737675871871 -0.127999933109221 0.907785056435975 0.00953679232448061 0.00451245771027353 -0.419302967589196
1605412615.20457 -5.07557085023296 -4.71165238886982 -0.114153112446143 0.918190318932824 0.0118756626583968 0.00388030338330759 -0.395942483323168
1605412616.18712 -4.29065291557829 -3.93558518993342 -0.099563718093199 0.930736616958929 0.0101023007073942 0.00613912560294867 -0.365499116974442
1605412617.174 -3.52278439279443 -3.04053397795981 -0.0674272330055107 0.94427125183188 0.0057132577999304 0.00631858464825656 -0.329058106019604
1605412618.18398 -2.8422323150969 -2.06719758646075 -0.0434969502733615 0.959303290934331 0.00384735013141822 0.00455899120116333 -0.28231473482402
1605412619.17148 -2.23382285239838 -1.03735230386933 -0.0417892035222776 0.971421556875646 0.00263414484416498 0.00561196086861027 -0.23727984746591
1605412620.1811 -1.75825324537995 0.0261648523604451 -0.0124753391120426 0.981979937162626 0.00173277643077873 0.0024650508638465 -0.18896117066785
1605412621.17263 -1.39551909990253 1.09110966123085 -0.0132407641011409 0.99034767338946 0.00248801700289224 0.00221550232877902 -0.138565461544024
1605412622.16839 -1.1573987446303 2.17345077997113 -0.000664459383312055 0.996706737426698 0.00297296864664319 0.00112193799349606 -0.08102828074686
1605412623.1783 -1.0572951565245 3.23030118230831 -0.00161147414717844 0.999798112312165 0.00445508622933808 -0.00183526028424586 -0.0195068870763471
1605412624.17558 -1.06206010787678 4.31250149951526 0.0144810937675648 0.998951969394214 0.00327701193046457 0.000991533943133981 0.0456425338546103
1605412625.16612 -1.24618224438542 5.40113933383729 0.0268371214869452 0.993767030397888 0.000977607772153434 -0.00264215325568624 0.111441251802824
1605412626.16544 -1.54376377812659 6.47257941206773 0.0353072550986862 0.984072364793285 -0.00231606423222758 0.00178824079865941 0.177744251359837
1605412627.18155 -2.02112143896803 7.4822482585791 0.0398218199519211 0.968971091109861 -0.00366525226437755 0.00109131175107136 0.247144491255352
1605412628.17589 -2.64169119628745 8.42808998578113 0.034341997348416 0.948566488108212 -0.0067773695290271 -0.000593173089240765 0.316504870493342
1605412629.18866 -3.37699459126186 9.27625932111294 0.0254417136308041 0.923685746598645 -0.00995831184176611 -6.88558597305159e-05 0.383021499154598
1605412630.18652 -4.20991044503778 10.0113190015765 0.008580564538055 0.898204211334776 -0.0112424824473528 -0.00212867765763317 0.439429482465985
1605412631.17562 -5.10272176712326 10.6285343118877 0.00203199143202215 0.876921441116763 -0.0110090783582979 -0.00226773120837908 0.480502282719414
1605412632.18562 -6.03547175888032 11.1621539655245 -0.0157042727399394 0.851952533775914 -0.0113426679589937 -0.00163138643295392 0.52349361281173
1605412633.1917 -7.01187462764962 11.5814346079996 -0.040131192958958 0.823466262167029 -0.0119891717914942 -0.00418365706205555 0.567223123511376
1605412634.19613 -8.01906077176397 11.8931464463954 -0.0362474435885352 0.791357741562175 -0.0128661534312363 -0.00309104742942666 0.611210137670578
1605412635.18446 -9.10647393363839 12.1073116006939 -0.0754420535713962 0.757431971644034 -0.0138218868864037 -0.00329534387043668 0.6527594537677
1605412636.18042 -10.2617742515469 12.2106410968148 -0.0974436425076916 0.721356465973791 -0.0143495402793457 -0.00341861747435795 0.692406854924284
1605412637.17709 -11.4684851388233 12.1848055849776 -0.121146782278062 0.684593157386765 -0.0156909880695735 -0.00457307637708271 0.728742127727682
1605412638.1811 -12.7053321678364 12.0481781059926 -0.149173962496237 0.64730783203787 -0.0181924991013843 -0.00272857556654663 0.762006665610122
1605412639.17388 -13.9568418922583 11.7620960066733 -0.174572649655644 0.60663353370486 -0.0166132045889239 -0.00244046879326813 0.794804253467551
1605412640.17304 -15.182000318249 11.3477010768028 -0.199901016925708 0.559440686889047 -0.0188020787333486 -0.00297404452484564 0.82865176929008
1605412641.18188 -16.3499234315776 10.7666024810156 -0.233365414709753 0.500538899594852 -0.0210459527919074 -0.00413768157383103 0.865448298545124
1605412642.18765 -17.386643563645 10.0540773703732 -0.249827800131003 0.432889797086848 -0.023021720863147 -0.00377623464809064 0.901144918422386
1605412643.2029 -18.2787457597305 9.20934688793295 -0.27600969428921 0.356161707041909 -0.0244099210111856 -0.00573114517824387 0.93408786961836
1605412644.18761 -18.9699449271275 8.26020636431363 -0.292025456861905 0.268438571346962 -0.0272841837869562 -0.00734651364693893 0.962882306133785
1605412645.18355 -19.4408094455712 7.22006284350188 -0.314420647419005 0.171631958752929 -0.0287718244884898 -0.00739731401986288 0.984713121977933
1605412646.18556 -19.6802134485724 6.14722900170443 -0.329425054424034 0.0751127470657125 -0.027906250954042 -0.00542946746932678 0.99676970121936
1605412647.20729 -19.7479735895811 5.04507030922896 -0.34876550922345 0.0084592223030844 0.0258332477279552 0.00340655313713211 -0.99962466969637
