1604566970.61808 -0.0328491662890392 0.637224841493235 -0.00495604309314834 0.999989215920997 0.0005099847789273 -0.000560909837800028 0.00458184868682181
1604566971.11713 -0.0775659642657837 1.32683380790582 -0.00743813339848726 0.999911828009367 0.000508550781986037 -0.00248448636681592 0.0130347577868644
1604566971.61619 -0.0921081567230955 2.06582385907835 -0.00487081048770871 0.999675356704025 0.00146235824590207 -0.00168408296044162 0.0253812247857101
1604566972.11559 -0.154689622373671 2.86143327688085 -0.00217489579108326 0.999261562721924 0.0027973305405564 -0.00301827641346423 0.0382020184790973
1604566972.61517 -0.226771523078735 3.68939356576046 0.00893709195109726 0.998713858724362 0.0029529649908133 -0.00271304245773749 0.0505425344663424
1604566973.11474 -0.339732124903128 4.55835113374193 0.00939103105954647 0.997989098526813 0.00175419621542639 -0.00277488529472798 0.063300726922194
1604566973.61433 -0.461603536865055 5.42495280292712 0.0368997334923422 0.997035658958085 -0.000328561820738084 -0.00193538560366162 0.0769158052399685
1604566974.11425 -0.620276810241887 6.27103157163261 0.0432779144536793 0.995343633110395 -0.000631657339832339 -0.000986806603966947 0.0963829821510583
1604566974.61383 -0.832587783608771 7.10765872939309 0.035058604809515 0.992143481098538 -0.00129811778935924 -0.00270436364532648 0.125069237709169
1604566975.11342 -1.07230295900941 7.92930818157821 0.0481696209714634 0.98780856535722 -0.00260498056862536 -0.000978680334719379 0.155648625011436
1604566975.61313 -1.37403994486457 8.75185392721943 0.0531393901508981 0.981919711599986 -0.00420406435722937 0.000286567440367727 0.189250954273374
1604566976.11323 -1.74428532368465 9.54451788112414 0.037715466004308 0.97495917479203 -0.00718543239415685 0.00123600766088867 0.222264368118723
1604566976.61332 -2.16873357692537 10.3238959216075 0.0408599112846317 0.966791742130164 -0.00890718473393904 0.000207547857660116 0.255410153151603
1604566977.11308 -2.6250270804412 11.0210038292397 0.0402514325595607 0.955860706806478 -0.00957653782234269 0.000414921882439307 0.293663799176183
1604566977.61285 -3.13117065066648 11.6640701094222 0.0187926515358173 0.941411570678183 -0.00919255714536346 0.000732007484554219 0.337133824543618
1604566978.11258 -3.68712422225365 12.2352307924599 0.0166935635513457 0.922321802155379 -0.00934807081660393 -0.000173677109084583 0.386309560685628
1604566978.61217 -4.27199373081828 12.7355763279977 0.0112595573162551 0.899427519688991 -0.0107991260767313 -0.000722464662764444 0.436935914919911
1604566979.11157 -4.90519705793677 13.1606622126316 -0.00589381886492646 0.873642698897431 -0.0120823133824201 -6.36307475379555e-05 0.486417976968029
1604566979.61117 -5.56797502476235 13.5030222757881 -0.0236327244977851 0.845244243246561 -0.0116306213682856 -0.00216214651021267 0.534249214344396
1604566980.1109 -6.28016801853687 13.766167531501 -0.0351532765872479 0.813156389725243 -0.0123901849627913 -0.00313158978336684 0.581904942676229
1604566980.61045 -7.03279838346096 13.9725143082761 -0.0512696988305682 0.779334748088913 -0.0174451007560231 -0.00276920691313894 0.626358803222143
1604566981.11004 -7.79759192189756 14.0695639901115 -0.0693526268536132 0.745427203283069 -0.0164713536011671 -0.00639179142810259 0.666352852562715
1604566981.60976 -8.59605634859482 14.1066224682983 -0.0884535536708305 0.712780575266177 -0.0167058668228161 -0.00721984510090666 0.70115093908062
1604566982.10988 -9.40796049491407 14.0842636886672 -0.109682521597397 0.682963287251963 -0.0193734808815106 -0.00616617388168058 0.730169702743265
1604566982.6103 -10.2197927717254 13.99753661259 -0.133121588930155 0.658477883487092 -0.0185134268727232 -0.00521526642851821 0.752354258963068
1604566983.11075 -11.0292935657986 13.8433941730439 -0.166747973626979 0.63829129106599 -0.0169558597320094 -0.00601531342864051 0.769584655885508
1604566983.6112 -11.8433554154654 13.6687940117903 -0.19220243877564 0.621290694900822 -0.0187339016088876 -0.00654741509898183 0.783328822855181
1604566984.11161 -12.641579670601 13.4680048486624 -0.211820077205641 0.608627787856897 -0.0198511696802664 -0.00528199471041756 0.793189918898762
1604566984.61189 -13.4317703580754 13.2349810554962 -0.230346738742829 0.599653285093925 -0.020404607551939 -0.00578206091168806 0.799978848119329
1604566985.1118 -14.2127559768994 12.9965858793654 -0.256446066709052 0.592335761449304 -0.0205920795089181 -0.00502042583843557 0.805412383375233
1604566985.61142 -15.000329934564 12.7388305798367 -0.277406563385815 0.580643574804901 -0.0217570215035411 -0.00440560234004679 0.813855184735652
1604566986.11081 -15.7669372133528 12.4464698989582 -0.294536419142053 0.567245726001947 -0.021675245895672 -0.0044354913948879 0.823251356794492
1604566986.60967 -16.5191892676604 12.1272667670428 -0.322799054528047 0.552843799922 -0.0228937250599524 -0.00370804072370992 0.832962100383129
1604566987.10855 -17.2708783918871 11.7953748502949 -0.345793903306424 0.534000027044122 -0.0249937600575619 -0.0026114758217654 0.845110917731569
1604566987.60761 -18.0044998635231 11.4061005898582 -0.360847759244576 0.509740386254806 -0.0250787403037435 -0.0037012109317654 0.859954706041671
1604566988.10703 -18.7065648136858 10.9830591615539 -0.380254887563697 0.471834901263145 -0.0276781272008202 -0.00370445385329188 0.881244588208235
1604566988.60677 -19.3437013194175 10.4837904043849 -0.410447695804697 0.427675252364117 -0.028045422328455 -0.00360546247977382 0.903490084860932
1604566989.1072 -19.9264848990881 9.93067849111694 -0.423137652133211 0.382746011273891 -0.0268279982318247 -0.00523088756053649 0.923449179532977
1604566989.60817 -20.4693604878477 9.31477923785898 -0.436141811421586 0.336950281412133 -0.0271249077589896 -0.00678335110620012 0.941107184853628
1604566990.10964 -20.9452566955466 8.62441662914251 -0.46135545364493 0.288485302882055 -0.0277257781143532 -0.00821757136882327 0.957047534226906
1604566990.61147 -21.3651115538244 7.91100528270228 -0.476317311804674 0.239756229744997 -0.0305465121761509 -0.00757881321611803 0.970322844460838
1604566991.11312 -21.7079767844617 7.17555638804557 -0.487620009870361 0.189515789269071 -0.0330787540170587 -0.00480706945661666 0.981308541557465
1604566991.61458 -21.8995142641526 6.45067276239573 -0.50531965111194 0.133171751614068 -0.0279270807545684 -0.00155855236454813 0.990698205129642
1604566992.11537 -22.052158436248 5.70293548679811 -0.521174181630706 0.0709743444409215 -0.0284307343191392 0.00155958193583226 0.99707166416534
1604566992.6158 -22.0757759411908 4.92334631171572 -0.514500657167483 0.00730838349374276 -0.0258920921674417 -0.00243302204724028 0.999635067160821
1604566993.11607 -22.0153716131223 4.20365069054813 -0.499817361620278 0.0608088998549054 0.0258896905545543 0.00244194241369817 -0.997810622582599
1604566993.61616 -21.8639135365778 3.48497899964537 -0.496280945438955 0.13035679963502 0.0257960400884794 0.00333426791517144 -0.991125901065116
1604566994.11557 -21.6207518354667 2.78406918792181 -0.491738073179088 0.201721537819059 0.0276616291356054 0.00530530289409432 -0.979037848714073
1604566994.61481 -21.2567361098999 2.13719170999795 -0.490318416879793 0.272090958159089 0.0271980931701335 0.0064176155786865 -0.961865681073122
1604566995.11403 -20.8043318291807 1.52157018742191 -0.475778991233729 0.34039358057323 0.0264749515236602 0.00787635935076968 -0.939877252735554
1604566995.61342 -20.2656305468774 0.999012981831437 -0.475614249515996 0.407814898297181 0.0261972065478 0.00769427240228264 -0.912656295254764
1604566996.11319 -19.6629581673681 0.546196836466377 -0.460860575559125 0.472565397272917 0.0263292831795745 0.00799970309692134 -0.880865891550979
1604566996.61309 -18.9946334733726 0.193711034499876 -0.449257676869242 0.533975794850061 0.0257239538225227 0.00778690508978081 -0.84507247785211
1604566997.11389 -18.2639449852846 -0.0820408475595855 -0.432506992521569 0.585549867226843 0.0255677359734609 0.00856796042064395 -0.810187776951769
1604566997.61538 -17.4856795959705 -0.248545074399097 -0.415254074611754 0.627014371368893 0.0234144018874385 0.00670082928815225 -0.778626895738888
1604566998.11703 -16.6855283435446 -0.370514322151924 -0.395725662306384 0.658258072885194 0.0220748472986913 0.00629186149332958 -0.752442305480732
1604566998.61883 -15.8801806550289 -0.449692938391852 -0.377692332350218 0.681298241210987 0.0220441634367119 0.00651749158580888 -0.731644916393615
1604566999.12064 -15.0589056040184 -0.467572473085968 -0.353036550117496 0.697233276550142 0.020150895983172 0.00578515278667067 -0.716537669260635
1604566999.6216 -14.2384743668018 -0.468291435126625 -0.327884885745293 0.70844233125632 0.0188198680795494 0.00531503876876948 -0.705497715242556
1604567000.12222 -13.4171121094122 -0.44393109827692 -0.310555933859348 0.714884654961348 0.0189129515605087 0.00445430696229894 -0.698972381080647
1604567000.62249 -12.5752336849696 -0.414524655500554 -0.283994641093764 0.715917814133837 0.0179046821821181 0.00383343711490024 -0.697944417931451
1604567001.1224 -11.7361385482929 -0.395490087952565 -0.264495405813979 0.713839849384988 0.0185043101011669 0.00458979884742019 -0.70004942231548
1604567001.62128 -10.8910394743952 -0.378839227642145 -0.241305706925183 0.708466167836787 0.0178818768069649 0.00414637313911031 -0.705506013512507
1604567002.11965 -10.061218835589 -0.366405086376325 -0.224263676186206 0.700573697890063 0.0177205577205656 0.00366995925704505 -0.713350549910608
1604567002.61821 -9.21707167886618 -0.414022848881608 -0.200361671142375 0.691109237029332 0.0187353413281741 0.00565001399670336 -0.722485354052169
1604567003.11742 -8.36800356819367 -0.456206123719171 -0.180224737327274 0.674267657773214 0.0181142173846213 0.0047160024694031 -0.738249795211808
1604567003.61751 -7.5396703637751 -0.544379320346651 -0.166032898887045 0.650179379052228 0.0175941952178643 0.0048974745057772 -0.759561211551354
1604567004.11815 -6.72832595941609 -0.717462232942116 -0.137857884334111 0.622055349965149 0.0187122278782139 0.00611328082929067 -0.782725764176108
1604567004.61929 -5.91385250470616 -0.937952024291526 -0.128642185458551 0.592948420230016 0.0205700846420009 0.00569468880955085 -0.804957522533898
1604567005.12073 -5.11623644828674 -1.2018899323056 -0.113220645532488 0.562705023898093 0.0177645210548759 0.00348617512116816 -0.826459511684972
1604567005.62237 -4.32308745572642 -1.54910684947251 -0.103666702766286 0.52993888738898 0.0174674903748754 0.00406740077963017 -0.847846164503816
1604567006.1242 -3.58784917842014 -1.98004762253674 -0.0851751102130838 0.490968308900072 0.0205071278877235 0.00537421353500829 -0.87091945390517
1604567006.6262 -2.87110407117797 -2.44964184634988 -0.0623074321050336 0.450262001611013 0.0171234697629618 0.00441886460460436 -0.892721339682281
1604567007.12769 -2.21576637730041 -2.98734814848627 -0.0584293692929793 0.408031451867036 0.0163610827145253 0.00401475954406779 -0.912812429234775
1604567007.62898 -1.58916605367743 -3.63444571307484 -0.0538271772676596 0.360403890028261 0.0191192040288689 0.00331386896971241 -0.932594504788792
1604567008.1301 -0.962638690921487 -4.4259606527786 -0.0354785214201552 0.303828886173091 0.019660531144482 0.00499380469853126 -0.95251064737176
1604567008.63073 -0.432345437964615 -5.28401212150629 -0.0256704843897706 0.243983745619156 0.0179155635015729 0.00654730389050143 -0.969591716791059
1604567009.13046 -0.0571836420812676 -6.1721432825249 -0.0255833061547109 0.185370304086097 0.0201199217863536 0.00734674354694083 -0.982435272407091
1604567009.62988 0.217618058042635 -7.09159424877332 -0.0301468291467983 0.127327804795047 0.0218197648208213 0.00652138209326118 -0.991599213172757
1604567010.12911 0.419080068631227 -8.08206115190216 -0.0359729704706206 0.066577479594816 0.0208439213381018 0.00598489709362782 -0.99754556345103
1604567010.62815 0.483086902923535 -9.12384325670096 -0.0364277907401008 0.0030086679579504 0.0199676958712159 0.00413662292469199 -0.999787541125359
1604567011.12724 0.40655959584443 -10.2084166863639 -0.0575755039676182 0.064075771591016 -0.0207188788982186 -0.00152369437453144 0.997728771714874
1604567011.62663 0.158921828763632 -11.341969711482 -0.0504019304047495 0.134122402988046 -0.022029218877228 -0.00343464016742012 0.990713933372945
1604567012.1269 -0.250291100964026 -12.4998064826401 -0.0639226179860619 0.206316135415081 -0.0199341624472517 -0.00569991632727533 0.978265706436025
1604567012.62734 -0.843340557207714 -13.5796684006085 -0.0767108753118831 0.279034121309985 -0.0189608984092774 -0.0056712294267035 0.960077226390183
1604567013.12777 -1.56597688665914 -14.5138890480158 -0.102196781395167 0.348409396321139 -0.0192517353776198 -0.00449766809417435 0.937133946787653
1604567013.62838 -2.39550816344827 -15.3235674365851 -0.112971529284502 0.411754144461887 -0.0202392630852478 -0.00612810683091045 0.911049583203293
1604567014.12901 -3.29361169306219 -16.0031362977574 -0.150248729785949 0.472738074333301 -0.0208380404510275 -0.0079638563778277 0.880920578790958
1604567014.62944 -4.24928954533549 -16.5406714790519 -0.157039301289093 0.526764350410116 -0.0179458530306443 -0.0106085830336117 0.849755684571766
1604567015.12969 -5.25565539146154 -16.9438885132784 -0.202846899358065 0.577003093912006 -0.0189936722520615 -0.0082074559390633 0.816479826877163
1604567015.63014 -6.33637303373999 -17.2649171035639 -0.224173148016923 0.62834096582233 -0.0131932187175179 -0.00755873213895457 0.777789454298389
1604567016.13108 -7.49992122089811 -17.4060760284591 -0.265846988671896 0.688000733631363 -0.0142265744467635 -0.00615329102280875 0.725544438412842
1604567016.63187 -8.65583117279514 -17.3552799360119 -0.267464687375439 0.753856675703994 -0.0120169725355032 -0.0102374350078772 0.656849221505259
1604567017.13305 -9.72764937764946 -17.0564767686594 -0.309881186484296 0.820481818689307 -0.0127802593676564 -0.00830134277935205 0.571469454895747
1604567017.6338 -10.6578370686784 -16.5421896706821 -0.320214337841233 0.877575656088676 -0.0107184812710485 -0.00695921267738455 0.479267828420272
1604567018.13408 -11.4176435691934 -15.8817768545235 -0.340005659441645 0.924200592728898 -0.00759688289869974 -0.00615737319300786 0.381782187281099
1604567018.63363 -12.0026068965875 -15.1019703348924 -0.355600442606431 0.959380289717215 -0.0068154040668244 -0.00332577099135254 0.282014094003883
1604567019.1327 -12.3885899723104 -14.2537439008145 -0.348730422422589 0.983250627916866 -0.00503537344993586 -0.00166716542638975 0.18218141583254
1604567019.63194 -12.6014634053983 -13.3728765460111 -0.350490486690512 0.996429388421952 -0.00383764039392346 -0.00111457434149025 0.0843356634485049
1604567020.13099 -12.6338327851032 -12.5188789796283 -0.344503482106147 0.999897218046445 -0.00086437410112801 -0.0021874855870202 -0.0141428818562791
1604567020.63056 -12.4994175825564 -11.7328998556939 -0.340293476085444 0.993908661741978 0.00346996344358576 -1.74284621353848e-05 -0.110152308937302
1604567021.13066 -12.2512898859542 -11.0232352464986 -0.339190892696606 0.979909308646521 0.00736074368756638 5.7776927783414e-05 -0.199307709188806
1604567021.63126 -11.8714160715931 -10.378326973153 -0.315490525878461 0.960007360126743 0.0100853928056217 -0.000802569914265477 -0.279791903449637
1604567022.13189 -11.383229111812 -9.77555772236168 -0.307385850925692 0.938123807516821 0.0119411892296526 0.00224299184597632 -0.346086837018549
1604567022.63248 -10.814683731412 -9.21655596117651 -0.282352230877854 0.916439078242429 0.0124106728035207 0.00391741092213182 -0.399962554450286
1604567023.13326 -10.1771085312356 -8.67884176700326 -0.265734694887911 0.899735987419164 0.0117078209521201 0.00378128991750663 -0.436261139362624
1604567023.6337 -9.47916124200417 -8.18199836630583 -0.238716561897721 0.889591424723922 0.0130313344954875 0.00541146379724082 -0.45653915214196
1604567024.13398 -8.75419752159228 -7.67664217670267 -0.23175711697828 0.885215815977774 0.011462874909638 0.00646652771384634 -0.464994350138725
1604567024.63406 -8.00104616822929 -7.15279421207713 -0.201119135102743 0.888450980257905 0.0105072331590108 0.00585182219980502 -0.458813916426967
1604567025.13415 -7.24517480117021 -6.59296069395316 -0.170702669559888 0.894486753111356 0.00936069968753414 0.00683467306739586 -0.446944194563176
1604567025.6346 -6.52535240780036 -6.01196004709801 -0.177505307337291 0.9000018768923 0.0109729971955906 0.00549414849991266 -0.435713242001139
1604567026.13486 -5.79867349341655 -5.41246329834315 -0.150284216540537 0.907785056435975 0.0112681898442756 0.00439569343194948 -0.4192612515943
1604567026.63496 -5.05626120230077 -4.74903238490174 -0.133802134001806 0.918190318932824 0.0135133021460505 0.00379121329081562 -0.395890837965383
1604567027.13505 -4.27201110115081 -3.9678459248651 -0.116090895017016 0.930736616958929 0.0115952096991788 0.0060504740598607 -0.365456280186195
1604567027.63482 -3.507121742638 -3.06319987473932 -0.0808853893352045 0.94427125183188 0.00705160893206083 0.00621382003893549 -0.329034141413695
1604567028.13407 -2.83375960947839 -2.08382083470853 -0.0545221538403775 0.959303290934331 0.00500197677848079 0.00446135980143455 -0.282298197832704
1604567028.63345 -2.22930252143205 -1.0502316822594 -0.0506573749232722 0.971421556875646 0.00359148684680912 0.005525435863767 -0.237269318745684
1604567029.13301 -1.76391371319153 0.0169554966650062 -0.0199094054600568 0.981979937162626 0.00250995254635751 0.00239350966636526 -0.188953365304185
1604567029.63275 -1.40733055963919 1.08150786049337 -0.0197046027940301 0.99034767338946 0.00305487135740455 0.00217200419898036 -0.138554812153289
1604567030.13233 -1.17607124010917 2.16297907024442 -0.0067046875478623 0.996706737426698 0.00330567024880267 0.00110769742647728 -0.0810155856539018
1604567030.63257 -1.08478519764581 3.21655885505289 -0.0079247994308021 0.999798112312165 0.00455056294878903 -0.00181106517918034 -0.0194870992401895
1604567031.13236 -1.08976734379077 4.29878020859161 0.00781245650757345 0.998951969394214 0.00307746053034653 0.00103601404474968 0.0456554351091443
1604567031.63278 -1.2836149635065 5.38760546128384 0.0189106272790502 0.993767030397888 0.000527948538720214 -0.00258518873448641 0.111445625143882
1604567032.13304 -1.57973461056205 6.46170768930125 0.0259251722719455 0.984072364793285 -0.00307734956556962 0.00185036507786963 0.17773206497107
1604567032.63333 -2.06214028509359 7.46936747082312 0.0280134421955127 0.968971091109861 -0.00471348333785364 0.00117445091688461 0.247126340832445
1604567033.13376 -2.68959490085794 8.41445366151779 0.0195866130030271 0.948566488108212 -0.00810503688275939 -0.000502005889331089 0.316473812511035
1604567033.63419 -3.42877804972692 9.26236019229633 0.00731414642833084 0.923685746598645 -0.0115697212493001 2.85038933652197e-05 0.382976216321908
1604567034.13465 -4.26793954187488 9.99250057734076 -0.0133775774350005 0.898204211334776 -0.0130761064792694 -0.00201557910613307 0.439379275365466
1604567034.63561 -5.16344772836971 10.6034777630531 -0.0239689759713326 0.876921441116763 -0.0130145762079244 -0.00213459607957403 0.480452755653879
1604567035.13605 -6.09765335923987 11.1321193234962 -0.0458581748812776 0.851952533775914 -0.0135338095868768 -0.00148156028378968 0.523441994083386
1604567035.63635 -7.07883162872389 11.5441514562867 -0.0745861219573443 0.823466262167029 -0.01434555345741 -0.0040190305684968 0.567169610929527
1604567036.1359 -8.08613496147511 11.8518109638523 -0.0750520699467647 0.791357741562175 -0.0154157131176697 -0.00291330422949509 0.611152021445691
1604567036.63564 -9.17469303418555 12.0603881317391 -0.118902234042034 0.757431971644034 -0.016544802554781 -0.00310611597972635 0.652697042955899
1604567037.13502 -10.330189588217 12.1573189501799 -0.145802927628253 0.721356465973791 -0.0172384186318301 -0.00321559933180946 0.692341928415298
1604567037.63432 -11.5383219628483 12.124412471878 -0.174555924025023 0.684593157386765 -0.0187242581331526 -0.00436371571507667 0.728671784139979
1604567038.13348 -12.7745103496809 11.9846770755206 -0.20773493236636 0.64730783203787 -0.0213792952601153 -0.00252287503665024 0.761924623186679
1604567038.63272 -14.0215695305319 11.6900616775655 -0.238275160672778 0.606633533704861 -0.0199402378132365 -0.00220851113685886 0.794728422279752
1604567039.13232 -15.2466966246623 11.26983495626 -0.268579765572645 0.559440686889047 -0.0222675771200327 -0.00274311752189805 0.828566682994541
1604567039.63153 -16.4144250485105 10.6825547864108 -0.306719835670079 0.500538899594851 -0.0246576843391773 -0.00390685868374329 0.86535399984667
1604567040.13092 -17.4493345534026 9.96624556296293 -0.327298088462668 0.432889797086848 -0.0267863050104398 -0.00354407142185759 0.901041817564397
1604567040.6309 -18.339928744977 9.11494854902117 -0.356891383658822 0.356161707041909 -0.0282987164425747 -0.00549447470846772 0.933979567138583
1604567041.13093 -19.0312874084421 8.16106795243804 -0.375522333358062 0.268438571346962 -0.0312821767713736 -0.00711814979462186 0.962762426963759
1604567041.63136 -19.4997879689295 7.11832860298245 -0.399582839568094 0.171631958752929 -0.0328612832709259 -0.00717018221929881 0.984586814498022
1604567042.13198 -19.7334317951875 6.04614814693308 -0.415218872620406 0.0751127470657125 -0.032060994208411 -0.00519063308971624 0.996645987904802
1604567042.63364 -19.7936233840139 4.94563814596596 -0.434400696064063 0.0084592223030844 0.0300149918901478 0.00315121922213073 -0.999508685123484
