1606899872.88771 0 0 0 1 0 0 0
1606899873.90623 0.00891299694961323 0.0266028415939915 -0.00401445468368578 0.999999980670616 -3.50235519713484e-05 0.000109087274354192 0.000159787625645473
1606899874.93941 0.00492702055139742 0.0464362292796384 -0.00721992278361983 0.999999990064942 5.60058886595957e-05 0.000118908056613541 -5.09345631830979e-05
1606899875.93676 0.0188173235588467 0.0474503195185386 -0.0109222442915127 0.99999990930232 0.000113065882918814 0.000157051545836358 -0.00037940251654498
1606899876.91425 0.00976514346351756 0.0761187941975844 -0.0116000053620842 0.999995390609003 0.000346871180653801 0.000131513770924605 -0.00301349386244689
1606899877.92803 -0.0117302594892441 0.238908534338854 -0.0120549214497734 0.999911338064375 0.00055251041093563 0.000162590629187053 -0.0133035448976872
1606899878.96763 -0.00803588438319842 0.53393589275544 -0.00793989554969921 0.99933231579382 0.00111266544533096 -0.000339724940621705 -0.0365180663881984
1606899879.93453 0.0519700996511438 0.931828656361036 -0.005177458413965 0.997264001649693 0.0018905361675776 -0.00116428722420438 -0.073888979705364
1606899880.92396 0.163681169409771 1.39586472275818 -0.00240811496616145 0.992389171193811 0.00260515595849395 -0.0019636310753607 -0.123097888741819
1606899881.96589 0.362333094666538 1.87252852400951 0.00410735476266111 0.983898285149262 0.00494491655889189 -0.000654798967907413 -0.178659686328166
1606899882.94302 0.639130862260549 2.40673333637734 0.0187058370258359 0.973026202971363 0.00612949076419571 -0.00011600745122128 -0.230613148403065
1606899883.93444 0.99962419783941 2.96784055152161 0.0294901957166369 0.961745651446061 0.00647957514126917 0.000373623362926263 -0.273867079869348
1606899884.91258 1.46057868679156 3.55609265644238 0.0490241674240082 0.953672756470378 0.00621870184746395 0.00322304177903899 -0.300764381726318
1606899885.933 1.95927028518709 4.19111738801147 0.0682145945051753 0.951465645976751 0.00653570504421138 0.0040528855181003 -0.30765887473726
1606899886.91929 2.46868482455917 4.88545879430615 0.0900302433887132 0.955879403006166 0.00748271740798176 0.00402049921234659 -0.29363652946262
1606899887.92629 2.9545872096182 5.61933850732571 0.0908161615210958 0.964856970461591 0.00848397057679991 0.00632680307824516 -0.262562412309418
1606899888.93525 3.38403735381293 6.38696200928536 0.11646304948716 0.975814187393005 0.00679478858180566 0.00520290406600296 -0.218434045697867
1606899889.94495 3.719158983771 7.18543133586922 0.133030308152935 0.986139989740834 0.0056021605332386 0.00444391312334588 -0.165761238133222
1606899890.94709 3.94363333899934 8.01247320649058 0.146699656989911 0.994880559063114 0.00204884289658914 0.00397147397830053 -0.100958916572489
1606899891.92746 4.05579893960936 8.83911710118803 0.154752262432821 0.999519693995223 -3.34534062974407e-05 0.00491084746389113 -0.0305984276352881
1606899892.95022 4.06151101750982 9.67363888570319 0.163773594234775 0.999087151708074 -0.00244643853465722 0.00557874013787364 0.042281862409533
1606899893.95696 3.92844607613165 10.5274733502044 0.166418317383859 0.993180187006107 -0.00424706815655421 0.00445683224177057 0.116426866302228
1606899894.95859 3.66329121553806 11.3900520934179 0.171826536925409 0.981954394392619 -0.0070080825292096 0.00434264133695154 0.188938073395773
1606899895.96015 3.25643744112455 12.2073867783023 0.161528367072138 0.966611082853551 -0.00864747021590572 0.00214714933105579 0.256093001687476
1606899897.00507 2.7396567920615 12.9813856121958 0.154888845261502 0.9476532412618 -0.0106235556722443 -0.00143335248012095 0.31912132472079
1606899897.9594 2.13292385883019 13.7299013041659 0.140434441295427 0.927632452511168 -0.0133357900287697 0.000659667508357115 0.373255615619112
1606899899.40724 1.41592368938204 14.3969411934168 0.123347221151181 0.909586493527915 -0.0136598296595931 -0.00269840816217657 0.415281276291929
1606899900.15567 0.506366376810213 15.1537191929147 0.100569976057842 0.895094754328854 -0.0136856781415248 -0.00363558622954514 0.445651058003393
1606899901.23184 -0.289591998422971 15.7679163392346 0.0786283109297299 0.888207738508655 -0.0140762810077226 -0.00334179280571217 0.459214224504399
1606899902.16089 -1.11982687797707 16.3583500665104 0.058063452313148 0.888342380761117 -0.0142356905735491 -0.00468623258786489 0.458937031499635
1606899903.152 -1.945305497618 16.9927193528807 0.0384469750885648 0.894282052884206 -0.014403736566604 -0.00493511283934833 0.447244661145767
1606899904.14967 -2.76022481583018 17.6703388846696 0.0118677040641197 0.90516893925305 -0.01348019591917 -0.00530961660564782 0.424804994910595
1606899905.15436 -3.52468782253124 18.3970952941964 -0.00255430223187647 0.918787785259085 -0.0132019992363773 -0.00550545959251217 0.394492589017262
1606899906.15166 -4.23580834524967 19.1894597414753 -0.0209558394419788 0.932512047177233 -0.0124572713979545 -0.00506258313202637 0.360888443304402
1606899907.15778 -4.8843146240143 20.0410937091429 -0.0358145797781856 0.944577841822077 -0.0122956388129941 -0.0028506782847725 0.328044801266908
1606899908.14622 -5.5160989720343 20.9482474802772 -0.0529039067683771 0.954734373380573 -0.0111568656476534 -0.00513435229872829 0.297206054886164
1606899909.14584 -6.05517188797747 21.8885615079749 -0.0606724060568601 0.966780256276357 -0.00972461978356599 -0.00452655332275541 0.255383786014895
1606899910.15324 -6.51621578646444 22.8662292049144 -0.0698030839092324 0.978731134919039 -0.00876223942624025 -0.00579567620119367 0.204878009648909
1606899911.14644 -6.84255064333711 23.8709240939872 -0.0831373852654841 0.989091857729503 -0.00594345276413803 -0.00742483303907164 0.1469926671531
1606899912.14187 -7.00478530548778 24.8693970864809 -0.0799840351092498 0.996652882452584 -0.00357435547653171 -0.0049848899968653 0.0815193642860573
1606899913.2259 -7.02709082188802 25.8611575960711 -0.0649290189262753 0.999938317856931 -0.00114455684554619 -0.00255425354056834 0.0107483142831841
1606899914.1496 -6.94294644429627 26.8029314566984 -0.0595295358681674 0.998143678980735 0.000148011931294772 -0.00452529116861921 -0.0607346354489047
1606899915.18611 -6.70353663628857 27.6979354502622 -0.0408621726437433 0.991442789293929 0.00148024151375395 -0.002177105090616 -0.130515380915658
1606899916.14658 -6.35264366641353 28.5300440480065 -0.028476116115656 0.979074143854886 0.003886034233404 -0.00224415028046572 -0.203454376611261
1606899917.20262 -5.89298527278952 29.2796788320744 -0.018532591009448 0.960698004960956 0.00696359509502523 -0.000354807796611013 -0.277508064241057
1606899918.15072 -5.36320226916167 29.9236507564095 0.00384609880065767 0.937607078147195 0.00880376798865263 0.000480900473592956 -0.347584852104081
1606899919.1531 -4.74938867022782 30.4768071385963 0.0274156011110556 0.910549988706926 0.0118288886559245 0.000118372814406422 -0.413229695746638
1606899920.19363 -4.06870978052529 30.9214449760684 0.044348764017498 0.879587401153458 0.0152562453554229 0.00182388045840747 -0.47548914201045
1606899921.14948 -3.35546978099106 31.2631890577086 0.0694086096939863 0.84377674046256 0.0169953134264315 0.00114466798391802 -0.536423956690156
1606899922.15289 -2.59033863239176 31.4971020863316 0.104947571870734 0.80097123190631 0.0178166670704454 0.00263801988219582 -0.598431861521502
1606899923.21169 -1.82943343153626 31.6103024963331 0.135148246525356 0.751309560931146 0.0196797155920549 0.00193144242366385 -0.659653637887208
1606899924.14489 -1.0747512302416 31.5924323751397 0.161942235226872 0.697256064493735 0.0230598919391944 0.00245702612617734 -0.716446917037876
1606899925.17193 -0.317689779003335 31.4623008105279 0.179170093451163 0.639881375794947 0.0243437379323016 0.00332052164507466 -0.768080843056416
1606899926.14326 0.397421081180342 31.212641728487 0.206720070278805 0.579030116906705 0.027400344842129 0.00432523872619341 -0.814834116325219
1606899927.1605 1.06679747174644 30.8692187097359 0.23287064547117 0.515205892026189 0.0261717252311502 0.00517576196826356 -0.856651119831155
1606899928.17308 1.68352857162778 30.4290247754224 0.250924748573932 0.448421948558156 0.0262868310322559 0.00565297158524998 -0.893417484985516
1606899929.19498 2.20882148675194 29.8944960168068 0.265822143478619 0.378665729337049 0.0273641468961716 0.00696030143392848 -0.925102709483782
1606899930.14956 2.67311017616439 29.2720884160266 0.276924670263407 0.305611970327841 0.0278701763409643 0.00695759841581114 -0.951722737296605
1606899931.15557 3.04182578245664 28.5636792356057 0.274850346981198 0.227394144918096 0.0281259125657995 0.00558456785201363 -0.973380526054028
1606899932.24457 3.28710861502202 27.7726874293357 0.283466223923422 0.147032223599063 0.0300639385242669 0.00558774532131805 -0.98865892092579
1606899933.22604 3.42246055630991 26.9335188839129 0.286667116383381 0.071842341196765 0.0307154817641809 0.00627583666432795 -0.996923192159519
1606899934.16353 3.43726878474011 26.0471262488296 0.27309574822446 0.00363227163202012 0.0309178136348599 0.00714832635979663 -0.999489768248322
1606899935.1618 3.34887157136606 25.1235927067475 0.257331542935898 0.0586824073391845 -0.0311467144978633 -0.00721241774768752 0.997764620677191
1606899936.17004 3.13496648530195 24.1863012964764 0.243284450452565 0.116538798063026 -0.0278279467871755 -0.00709346541704279 0.992770868162444
1606899937.17542 2.79681406793812 23.2451035822755 0.233834430523724 0.16721134021903 -0.0279131518564008 -0.00584397446710564 0.98550853452318
1606899938.16242 2.38788791971157 22.2966481108667 0.201178796423489 0.211564365914995 -0.0270487896587846 -0.00611839949405346 0.976970545738515
1606899939.16939 1.86879473339436 21.3797218745825 0.190327855783199 0.252320253838907 -0.0268751975499415 -0.00733879369554471 0.967242655886523
1606899940.16865 1.26101120463554 20.488100050177 0.171874704225637 0.286307297433013 -0.0273563152467198 -0.00710783432055013 0.957720858154399
1606899941.17159 0.611069037785655 19.601923303483 0.138517805906668 0.310055875613935 -0.027972244421322 -0.00847318497801682 0.950268968595544
1606899942.1603 -0.108245372092269 18.7225511334038 0.115247765072285 0.325159048671849 -0.0286656416891719 -0.00907169170844185 0.94518124106592
1606899943.17376 -0.870094040425552 17.8293284422636 0.0841314182772581 0.332877487349028 -0.0299251455734425 -0.00781109924331574 0.942462758313142
1606899944.5585 -1.66367065097836 16.9095382934294 0.0540914976096513 0.331857136176194 -0.0305011857084927 -0.00701043215178395 0.942810358810485
1606899945.38437 -2.63298884199689 15.7363990059352 0.0126415904946294 0.312887128043137 -0.0328610954500561 -0.00630838813405513 0.949200715207216
1606899946.36468 -3.40026239613916 14.6857255795927 -0.0210493317710865 0.284996830532094 -0.0326688756734019 -0.00538992346671134 0.957956418567107
1606899947.37342 -4.09179309975997 13.5858246444904 -0.0481359567601474 0.253724300799072 -0.0328191708134753 -0.00602657828128068 0.966700864572572
1606899948.36729 -4.69688451745979 12.4420132849997 -0.0759031643998446 0.220637130511055 -0.0307831695194644 -0.0088722082447472 0.974829696426533
1606899949.36039 -5.23479656018525 11.2845819486706 -0.0985544439383998 0.182804571839993 -0.0333581410658685 -0.0116025708242268 0.982514683498061
1606899950.37199 -5.64981673164946 10.0872563434489 -0.124192486656131 0.137423570521003 -0.03283650496816 -0.0120935430922829 0.9898940713138
1606899951.43856 -5.93990917178099 8.86330134460308 -0.159582098966053 0.0805194261629363 -0.0331501324928231 -0.00731931416174664 0.996174742887161
1606899952.36316 -6.07812529753449 7.65276210191386 -0.166856224185829 0.0190006142206955 -0.0321737643489733 -0.00625005090668353 0.999282123531947
1606899953.36218 -6.05065885048046 6.48518236030369 -0.175618956334012 0.049848522735527 0.0319228170484291 0.00754394992459512 -0.998217985889011
1606899954.36089 -5.87587700572409 5.37193153859002 -0.171691013769979 0.124954863426001 0.0336847365356234 0.00614025728751676 -0.991571438612044
1606899955.36138 -5.53359567763557 4.33910105408573 -0.174372726663692 0.20070838593809 0.0336321367574574 0.00522273543765504 -0.9790596234274
1606899956.36571 -5.06459232031567 3.40362408463606 -0.147394339458821 0.273755889075143 0.0342804073874515 0.00533281041051931 -0.961173307993492
1606899957.35782 -4.46792820277901 2.58925578257285 -0.139810413932204 0.342796699599982 0.031381656211979 0.00607843371011508 -0.93886562778727
1606899958.35553 -3.82102840783105 1.90019786637818 -0.10769183460065 0.408214915844141 0.0319065480631533 0.00747235244397608 -0.912297494582774
1606899959.34651 -3.12258435262276 1.34432748113745 -0.0861730678008678 0.473146047036858 0.0287469726178951 0.0098202338045875 -0.880460102870496
1606899960.39482 -2.43018481039603 0.939172174189784 -0.0710670681398384 0.545947260929748 0.0271724182794375 0.0111594747489454 -0.837304433340395
1606899961.40461 -1.69094541110627 0.702746208321948 -0.0477831479396549 0.621191652647119 0.0244783956643152 0.0106266269099781 -0.783204196635692
1606899962.40448 -0.950344596019646 0.606476951951334 -0.0266117162813312 0.689837367376029 0.0240610866940237 0.0104275556224731 -0.723489278954812
1606899963.36204 -0.234246060198547 0.659307128259152 -0.0165095991530482 0.751847932109805 0.0229084647128331 0.00755369376879463 -0.658895159291035
1606899964.35971 0.468010074528976 0.828548801411827 0.00031343830606434 0.807076171853943 0.0209426369886707 0.00451097942639881 -0.590058564759601
1606899965.41993 1.13307400273247 1.1063666324098 0.0273735595291931 0.855765711261137 0.018086666704738 0.00565570865875029 -0.517016375830398
1606899966.36556 1.73355659071562 1.50741962720821 0.0460922968822637 0.896803666978032 0.013645156392702 0.00438201615605999 -0.442196551927061
1606899967.39776 2.26106087660129 1.99058870760143 0.0721920734994013 0.931222177985035 0.00891847126055054 0.00391227866894836 -0.364321849708192
1606899968.4203 2.66764348402983 2.52471754360084 0.090764897233393 0.957926710349734 0.00474629863225575 0.00382018554780202 -0.286948246954412
1606899969.36173 2.95038370674401 3.07394111372388 0.098727285945766 0.976802229839066 0.00219275946176184 0.00168682498827658 -0.214125547772399
1606899970.36768 3.13076960212522 3.58392554804129 0.110548879323976 0.988820522412017 0.00022054858907992 0.000113444448125642 -0.149110405222115
1606899971.36272 3.22487057989236 4.00929985751976 0.11019715575533 0.995405419757339 -0.000498331162218648 0.00018205996710483 -0.0957484665043653
1606899972.3642 3.27843795838919 4.37194392349496 0.107904241990737 0.998448578575122 9.6036854504233e-05 0.00214374489111068 -0.0556401929910553
1606899973.45965 3.29734050427887 4.66248175421541 0.106333065194997 0.999635549303252 0.000174190453055052 0.00162386695311758 -0.0269462665872185
1606899974.36112 3.30351021116853 4.92365490789607 0.099844055563058 0.999992402162635 0.000841222267161479 0.00144576456080249 -0.00352104060389245
1606899975.37431 3.30625657360634 5.26159149710577 0.106479605465072 0.999597117184791 0.000235005912118458 0.00131943311338989 0.0283514935115682
1606899976.37059 3.2581013903325 5.69166542871055 0.10241867499154 0.997725416498012 -0.000496370074137527 0.00135467603794633 0.0673937070018488
1606899977.44834 3.15681980092517 6.25947360672601 0.103308840431814 0.993666707169932 -0.000443559391162277 0.000599837124107131 0.112365112524111
1606899978.44927 2.97422644046139 6.95985234346317 0.103802966840389 0.987959139801268 -0.00208327449920711 0.00215439330015251 0.154685993677541
1606899979.41762 2.68129651382081 7.7394936106021 0.109955797607491 0.982520263654815 -0.0033703593571537 -0.00150893552524444 0.186119035294771
1606899980.37282 2.34962743225805 8.5672887919237 0.104414888162899 0.97863241355832 -0.00510241516624651 -0.00179343449653314 0.205546462108194
1606899981.46796 1.97316502681755 9.46911100275394 0.109520904587405 0.976657645447336 -0.00839530088514466 -0.00306470227843523 0.214615866403811
1606899982.38249 1.53322357599811 10.3999658460419 0.095779815767371 0.974572902496928 -0.00800591148878519 -0.00484958250292928 0.223875064822982
1606899983.42807 1.05918091709411 11.417710614599 0.0785760165248377 0.972218715358124 -0.00693462802255014 -0.00203727937324367 0.233962667821905
1606899984.38547 0.509387247245989 12.5241395778978 0.0711661479181065 0.969673869678978 -0.00707920211580857 -0.00215303578865029 0.244290474222988
1606899985.39085 -0.080441026438021 13.6599076868489 0.0749886461401108 0.967212359661404 -0.0100251044309412 0.000740780122492396 0.253769974276268
1606899986.38721 -0.678829518382801 14.7404642755857 0.0620154427101023 0.96243643326406 -0.00970387765749671 -0.00039157804909477 0.271333362030905
1606899987.42688 -1.33046158995204 15.7946877151881 0.0516460373037912 0.957017850776917 -0.0105876238010045 -0.00101878559100965 0.289833913806681
1606899988.38844 -2.00090804760662 16.8175967961013 0.0435512675414622 0.95504713946337 -0.011013207872663 -0.0035930801250783 0.296227548398867
1606899989.45544 -2.64653669541543 17.8306812081245 0.025626774826436 0.955270467757993 -0.0119622140851271 -0.00234902224111049 0.295482183825214
1606899990.38507 -3.2895109801778 18.8220497589258 0.00965616743710207 0.956454825888691 -0.0114001626108932 -0.00381591707527788 0.291632716106326
1606899991.38649 -3.91380497283561 19.8252070757368 -0.0100096609338652 0.960757495609556 -0.0106646631039637 -0.00333994097814103 0.277164471722468
1606899992.37472 -4.48536889705512 20.8532054227358 -0.0192532731510365 0.967955623267145 -0.00993337228189718 -0.00356303086831188 0.250899470528844
1606899993.37319 -4.94277667880527 21.9008677486542 -0.0258327461716623 0.976224461875385 -0.0093381301310742 -0.00267157856089702 0.21654436503812
1606899994.37986 -5.34300389731368 22.9654035735312 -0.0411348978831265 0.98424121838087 -0.00727640271250728 -0.00314257487751381 0.176653339133017
1606899995.3725 -5.64923798574159 24.0532658708449 -0.0347456318370221 0.99148402730576 -0.00473954523000259 -0.004447699057084 0.130066053533049
1606899996.37347 -5.82906055344448 25.1228470423157 -0.0371200007845525 0.996623913120626 -0.00365465129272185 -0.00211627520728423 0.081993540595018
1606899997.38986 -5.90656500576031 26.2170315954722 -0.0321129141047892 0.999536648191786 -0.0027432614430327 -0.00503285869649538 0.0298937078919157
1606899998.36222 -5.85530536820179 27.2598977344808 -0.0221251619151743 0.999506912094695 -0.00219417961520261 -0.00480926642602188 -0.0309514007306096
1606899999.36583 -5.65305528035179 28.2593478219895 -0.0113695772483413 0.994719854169323 0.000867488938629407 -0.00229490854385495 -0.102598209434072
1606900000.45151 -5.32836670350774 29.1920552419258 -0.000100052650235494 0.983939813681205 0.0030497634409351 -0.00106884896001154 -0.17847128496722
1606900001.39681 -4.86844731543552 30.0110774282532 0.0270727815409626 0.965435851249066 0.00589747078780225 -0.00193802909886867 -0.260566845558891
1606900002.35687 -4.31915427557055 30.6823510419155 0.0468854875132929 0.94061857599565 0.00961835688442488 -0.00178532782333324 -0.339324320241451
1606900003.37721 -3.69737895205056 31.2389663262515 0.0552692593585802 0.90966046331533 0.0139098570395216 0.000627647012874455 -0.415119215909485
1606900004.39862 -3.02168082769824 31.672753300842 0.0962332543103104 0.873890705947922 0.0151129953742545 2.37849960021465e-05 -0.485887467283253
1606900005.35793 -2.30013324646197 31.9950547297456 0.123066404935355 0.833486195382964 0.0158683974838657 0.00102146174417434 -0.552311427261133
1606900006.34909 -1.55555191853554 32.194854000885 0.139149136114158 0.786136683231499 0.0189449654573514 0.000571563128175775 -0.617761990476258
1606900007.35355 -0.760749686984888 32.2661733789667 0.178575440256055 0.728682747051531 0.0214073080310798 0.00159931389641765 -0.684514881874278
1606900008.35514 0.026079268970452 32.1893705034213 0.202228224443457 0.661231170237528 0.0244017728671104 0.00178246355582211 -0.749783112513828
1606900009.36346 0.766037364648307 31.9571936264345 0.227724360766301 0.58900144838546 0.0253265124091824 0.00344183590298641 -0.807727686373715
1606900010.35706 1.42607729921204 31.6228364327677 0.254182537201794 0.515135436675364 0.0237367391190698 0.00424850033715056 -0.856769513546182
1606900011.37412 2.00514619315491 31.1674808360761 0.273277638328741 0.437343576969266 0.025231121420608 0.005552239819926 -0.898923333120555
1606900012.37927 2.51908461595833 30.5965240438673 0.28633063108169 0.352055545032322 0.027573757412674 0.00692341341037669 -0.935547244911175
1606900013.4157 2.95770986217444 29.8754280875982 0.292982795845824 0.258839101572094 0.0264470601651762 0.00637368079768431 -0.965537284986478
1606900014.37508 3.2595416707696 29.0520100644685 0.290613982178644 0.167447416621152 0.0292743855069425 0.00592867064066625 -0.985428446861835
1606900015.37508 3.44442175209534 28.1327251822041 0.282393342971748 0.0881768484323855 0.0301147485397545 0.00631080514551305 -0.995629508933587
1606900016.3856 3.4707800500152 27.1470787623341 0.285775611283638 0.0266982057812317 0.0329969146698078 0.00639804355007452 -0.999078312480592
1606900017.37101 3.42121881833762 26.0764392845393 0.266136283711204 0.0209601120516188 -0.0317598463596023 -0.00749481821551388 0.999247623745944
1606900018.37404 3.29239344800909 24.98356005212 0.249635753595217 0.0599871338817643 -0.0307103565121759 -0.00753770653508624 0.997698151121739
1606900019.38282 3.07865894884235 23.8633965074549 0.245309245445775 0.0998194021069847 -0.0262651780828796 -0.0075769300892607 0.994629990254517
1606900020.37244 2.75086352309241 22.7550913719125 0.22403120368864 0.141737988252128 -0.0271346818866441 -0.00725650187277908 0.989505631568472
1606900021.39039 2.34344036196552 21.6482063886683 0.197004158533338 0.182994752240168 -0.0257741126859129 -0.00709868299973313 0.98275033679337
1606900022.387 1.81809081528212 20.5704292153501 0.191251567773278 0.221098349018146 -0.0258322555345874 -0.00766269862149 0.974879222101529
1606900023.38173 1.20849344506088 19.4935517275046 0.154850067502643 0.255214775144244 -0.0272630722928412 -0.0082318995295219 0.96646488775711
1606900024.39661 0.507863134841871 18.4309696009157 0.134347870847843 0.279438198726284 -0.028455175443935 -0.00902826263588695 0.959699477209841
1606900025.4053 -0.249514354306952 17.3547072449549 0.103894403869041 0.28995764102028 -0.0302193716573653 -0.00648301755323711 0.956540290042188
1606900026.4015 -1.03755655870425 16.2275843952826 0.0703116645243695 0.291720566148188 -0.0287948755913546 -0.00693450114355767 0.956044914802515
1606900027.39006 -1.87456825544538 15.0680690225322 0.0341618168095266 0.286632894637328 -0.0316848596267452 -0.00788735130343806 0.957483912696018
1606900028.42319 -2.65540579773143 13.8924126471221 0.0100448045379028 0.272151115699244 -0.031675858011903 -0.00611783373527774 0.961713565648969
1606900029.39247 -3.38978127426991 12.7055537518286 -0.0436748855256933 0.250905056869109 -0.0303986523991149 -0.00681226196657358 0.967510293204535
1606900030.39198 -4.04949536779995 11.5115939157538 -0.0587969257747561 0.219202246518175 -0.0316590560580615 -0.0107841726731022 0.975106035726708
1606900031.44761 -4.60494531512638 10.2910975352081 -0.0765179272331862 0.17273709091212 -0.0343964995992852 -0.0130975017827586 0.984280058563408
1606900032.38578 -4.97593147360052 9.06065251445658 -0.115473964480443 0.114497830930125 -0.0325264527252069 -0.00842411837576967 0.992855130829772
1606900033.38926 -5.20558176251308 7.81190322670138 -0.140856810061596 0.0470376870623236 -0.0335521364815012 -0.00634420412058804 0.998309301372791
1606900034.37881 -5.24107936337265 6.55753720719184 -0.14868065058113 0.0347114365995188 0.0328085786216592 0.00703596887431513 -0.998833924373829
1606900035.4366 -5.07945208156773 5.34907497487721 -0.153258942869992 0.121637571606077 0.0363977945086582 0.00508596528593846 -0.991893963428446
1606900036.3776 -4.69112032301086 4.21075956189632 -0.136532214136531 0.212761202320216 0.0365659361123642 0.00424401894302888 -0.976410564981091
1606900037.43224 -4.10458933019337 3.20787548657886 -0.131885753939126 0.305597549281215 0.0334232375399149 0.00617098643062301 -0.951553962732613
1606900038.39112 -3.39615999893856 2.36326962214042 -0.0928480939672404 0.389527212953124 0.0315209489272289 0.00732245606528056 -0.920446284030128
1606900039.40471 -2.59138974599754 1.67743933518871 -0.0645728635057765 0.467966723538175 0.0295307788877389 0.0112118891383336 -0.883181392637536
1606900040.41249 -1.73845422167828 1.20012619716931 -0.0449315140392506 0.550155427222818 0.0273199065710225 0.0111154092617996 -0.834541237015387
1606900041.41411 -0.84943002506148 0.920109023862391 -0.0198773828025792 0.630817830276646 0.0262928570227636 0.0113184045762635 -0.775402762693359
1606900042.41575 -0.00466810905994769 0.848219977004793 -0.0123420031620276 0.706347097677949 0.0254982451986222 0.00818173305742902 -0.707358944481446
1606900043.41568 0.809592691948811 0.938476140436358 0.0245232430074993 0.774443411271111 0.0225512498565261 0.00560121580587876 -0.63221631602654
1606900044.40363 1.62273262011013 1.19450068719695 0.0383696494553178 0.835464203161537 0.0185465765506409 0.00580760619565447 -0.549201112020164
1606900045.42283 2.38551567801147 1.62504902094195 0.080373857560208 0.888437384037747 0.0135196497473109 0.00737931557852551 -0.458739337114736
1606900046.41488 3.03605722383192 2.22199274755632 0.103687963803078 0.932325682049985 0.00717184669479808 0.00502353802709551 -0.361513694444216
1606900047.41033 3.57388308662149 2.95430533765335 0.120544193888764 0.965245708994525 0.00572437032325929 0.00655918902676433 -0.26119902352683
1606900048.43664 3.95964746043468 3.82056721816207 0.132531732680409 0.986429615162453 0.00327964500545163 0.00445419925095825 -0.164091493893275
1606900049.42204 4.19146914104209 4.78424629763421 0.136021273246774 0.997342882811677 0.00238332207370351 0.00390319862834255 -0.0727066635271738
1606900050.42424 4.24956956465536 5.84556479677641 0.137655099952982 0.999950176874079 0.000347779865175016 0.00212674341325463 0.00974678311634124
1606900051.43311 4.15428824112919 6.9580198426588 0.14808572710885 0.996731335165055 -0.000960586428275592 0.00128149450034112 0.0807717806269402
1606900052.42417 3.92818499139159 8.10489333527565 0.152498931555333 0.991216558245539 -0.00353619883601409 0.00251582201783481 0.132177534389301
1606900053.44631 3.56517614341138 9.26413929889267 0.147160875460431 0.986408997446413 -0.00525038072381168 0.000448763714543353 0.164223999068788
1606900054.45602 3.17272150787923 10.4142241905791 0.151575035094659 0.982547975513172 -0.00663878199352398 0.00100216964938536 0.185888133146263
1606900055.45339 2.71776308900345 11.5654673271441 0.14006906599179 0.978522705157771 -0.00799674576462571 0.00049160741194797 0.205983314542822
1606900056.4429 2.19994583301647 12.7212029172273 0.1350356576336 0.973675238721885 -0.00775823458174361 -0.00192629202442299 0.227799536204733
1606900057.43874 1.62790624307971 13.8896901725944 0.126768669760657 0.968111991815855 -0.00875540924578145 -8.40197303864055e-05 0.250364748021687
1606900058.43152 0.980251877344811 15.0372549037937 0.11877070556125 0.962585219395825 -0.00841316427687478 -0.00327177722435188 0.27082874578105
1606900059.42697 0.31002581109486 16.1463703333744 0.103126640993926 0.957300160005218 -0.00940086745213014 -0.00266527557354406 0.288930655436992
1606900060.45066 -0.396345493561497 17.2202024285016 0.0889452340831367 0.954931206174128 -0.00879128998703788 -0.00415451412881141 0.29666790306257
1606900061.45734 -1.11324363907489 18.3403991201963 0.076654435217852 0.957069661816226 -0.0108987832579478 -0.00498546703664569 0.289610124258282
1606900062.42175 -1.79634349526006 19.4989203581997 0.070534740965922 0.96126526657037 -0.0130184500178593 -0.00304922631255394 0.275300398589293
1606900063.48648 -2.46727556901969 20.666924707696 0.0395762856862223 0.964958121468098 -0.010978807679702 -0.0033093071569441 0.262153272115442
1606900064.48552 -3.09710166728405 21.8565572163213 0.0212196296979927 0.969069816346546 -0.00959026465944061 -0.00280391702707648 0.246584378903325
1606900065.44385 -3.67300044320918 23.0726791838824 0.0115504070896264 0.976087650372176 -0.00844826585394701 -0.00466070966809821 0.217163080150321
1606900066.45801 -4.13524205574371 24.3191336103473 0.0101588065272054 0.985257269605773 -0.00623105626970196 -0.00531894011481638 0.170882987751257
1606900067.44025 -4.42360788516129 25.5817277284265 0.00858559462463315 0.994052233823648 -0.00492825828636678 -0.0043760892765218 0.108704731006165
1606900068.47768 -4.53970027338379 26.8434323507445 0.0177287417400493 0.999382870437223 -0.00391974197839582 -0.00381189821356276 0.0346984629557113
1606900069.46517 -4.45024915679051 28.0529441347029 0.0247722553223415 0.99857405701502 -0.00175629782315037 -0.00460991022067333 -0.0531555905082205
1606900070.45962 -4.13592474184266 29.182986649439 0.0353429558237437 0.988072533176753 0.00157899190511694 -0.00495535606624718 -0.153901333368153
1606900071.43539 -3.60774219575365 30.1433910800647 0.0604455029879729 0.965166567021724 0.00662991525592926 -0.00293367331944972 -0.26153572545267
1606900072.4345 -2.94353069928095 30.9214138579509 0.085542192664162 0.930879726877608 0.0101944834767247 -0.00339919650902419 -0.365167704018312
1606900073.43763 -2.16821383462665 31.5097338562554 0.117884541501116 0.887852971084588 0.0118001418443955 -0.000949831571536323 -0.459974951718794
1606900074.86231 -1.19173974835538 31.9499045213738 0.156506159588209 0.828100205132037 0.0162689243315299 -0.000794804523286777 -0.560343413137999
1606900075.82078 -0.117596494950035 32.1712938759184 0.18858847216058 0.759185460746158 0.0196154736407235 -0.000882718173422898 -0.650578119978009
1606900076.8154 0.810649202979231 32.1689675325357 0.230133805409325 0.690043086041719 0.0209714104525661 0.000386873953224533 -0.723464297445421
1606900077.81932 1.72333063088394 31.9716373917342 0.270598320657676 0.607702094912907 0.019942136793121 0.00327890386589763 -0.793907881185234
1606900078.81081 2.54346521152287 31.5499087605919 0.298490921136067 0.516572770552674 0.0241077537703758 0.00628860950728335 -0.855880740712248
1606900079.82544 3.2702579460961 30.9731211706476 0.311800122223537 0.421126205748687 0.0255349144998602 0.00630206306783909 -0.906620632334323
1606900080.83906 3.88946559109775 30.2320234591932 0.327080662214483 0.332885399804718 0.0265778369741175 0.00681552889281105 -0.942568022873968
1606900081.85802 4.4208225301466 29.339021184887 0.343181204397255 0.255039352824563 0.0275182582006345 0.00523079433950794 -0.966524864019032
1606900082.8391 4.84043451960752 28.3025772033739 0.331150469740584 0.180451939631268 0.0292667289900748 0.00430578115244472 -0.983138859117165
1606900083.85823 5.11123316637037 27.134092554821 0.343232255036813 0.110096724262219 0.0285879086708742 0.00660263529698002 -0.993487719094549
1606900084.85647 5.23779148622991 25.8650943259026 0.32925266868214 0.0402594108584789 0.0304570991128498 0.00805876811984969 -0.998692445754622
1606900085.85701 5.2081109960612 24.5260505207945 0.324538856844891 0.0286724859033608 -0.028277950270169 -0.00980675551471937 0.999140667587359
1606900086.86894 4.99617615160281 23.2023305450882 0.293190478956683 0.0943394375573629 -0.025926464564601 -0.0115458979341544 0.995135458717774
1606900087.87466 4.60033350655619 21.9255471324947 0.278701678644827 0.15029694467423 -0.0262000029541972 -0.0103034838046112 0.988239964021026
1606900088.86735 4.09477054799673 20.6573201261841 0.244297374824033 0.193412116542335 -0.0212452850756941 -0.00785844331367104 0.980856072981838
1606900089.87095 3.46383973917861 19.4231022361982 0.21538461879236 0.225544611226432 -0.0245930336812353 -0.0064147422362292 0.973901258918538
1606900090.86619 2.75937204430559 18.1527279015798 0.203638749939103 0.250552325796548 -0.0254764588566897 -0.00594579804311552 0.967749517988872
1606900091.85774 1.96696066326344 16.8785603419366 0.155774239831868 0.274751475733481 -0.0253057916618178 -0.00812756400830793 0.961147848249131
1606900092.86756 1.10854111776726 15.653877192946 0.127955913492831 0.296875775568526 -0.0291126235023055 -0.00888432730523922 0.954430876366504
1606900093.86819 0.202466019659581 14.4587386310552 0.0891954382526685 0.311667487951587 -0.0285444106943321 -0.00829910062208444 0.949726128155336
1606900094.86996 -0.739600648795639 13.2875474939385 0.0543637170084948 0.313620905676514 -0.0295488244747266 -0.0075651853270017 0.949058250301726
1606900095.8785 -1.65135331841687 12.1142921801554 0.00706493229121863 0.299665772109694 -0.0281942149968875 -0.00684214810601377 0.953603007690258
1606900096.87087 -2.50155454109251 10.9072079572725 -0.00541568731691888 0.266225836840609 -0.0335672153524816 -0.00978263090575457 0.963276360129615
1606900097.88456 -3.21098003704758 9.66621981739959 -0.0435101708519312 0.215238380676331 -0.0360579821871955 -0.0103004606198531 0.975841258563829
1606900098.87157 -3.71834179970038 8.38115811512965 -0.086119298577418 0.144197900631311 -0.0343741575804822 -0.00802125462386542 0.988919128249835
1606900099.874 -4.03682743789695 7.08885483423075 -0.100134591672248 0.0630605954365564 -0.0382401873187376 -0.00787782888034756 0.9972457015145
1606900100.87987 -4.08989915155242 5.80361490998963 -0.113853811495314 0.0230417927001373 0.0367505047405421 0.00498188740073126 -0.999046373792731
1606900102.0627 -3.94255170366852 4.60919310070546 -0.111243613509219 0.118688068306228 0.0382575404975992 0.0034028769158015 -0.99218845158846
1606900102.87459 -3.5563968029116 3.5117855062605 -0.0992970627265974 0.223835275388486 0.0359771260726631 0.00676068907966501 -0.973939273761193
1606900103.86592 -2.97607241220314 2.57897168490379 -0.0754951764432462 0.328482138286506 0.0329415614897404 0.0088683944443963 -0.943893897603603
1606900104.88498 -2.25370965852073 1.83142543596044 -0.0484887954026924 0.428100971757732 0.0296856035260403 0.0108103687894993 -0.90317853099485
1606900105.86629 -1.44607803578528 1.2995799958968 -0.0305189106860823 0.524636437952313 0.0282336150696246 0.0118318223460979 -0.850775810030338
1606900106.86399 -0.593969642057663 0.990347458425567 -0.0162271500168224 0.614566993243444 0.0276056706055658 0.0106477078213204 -0.788309561076282
1606900107.863 0.246624494737887 0.889514582362905 -0.0014184361378724 0.693357174161788 0.0257346931828972 0.00683003138813282 -0.720102010326592
1606900108.86628 1.06465919263284 0.940908742099445 0.0283542418695388 0.759700619634478 0.0230654297419387 0.00615552352093563 -0.649834643588654
1606900109.88196 1.86375000101015 1.14184356858303 0.0640937869950029 0.810601008949349 0.0186624671757707 0.00523953973093678 -0.585277937250857
1606900110.85979 2.57483757171887 1.44418109429909 0.0891221732953906 0.858913640461963 0.0148138976447696 0.00797012472455248 -0.511844101047207
1606900111.92041 3.19776805832707 1.86701215448725 0.117719364250849 0.902415832725074 0.0103427424433878 0.00623915387003706 -0.430696837096404
1606900112.87341 3.73113879394896 2.39380418588733 0.136698739871777 0.938062633599211 0.00800677066843575 0.00717001143943474 -0.346298971994336
1606900113.90061 4.14456088138425 2.99508149397502 0.140331105304499 0.965491034375344 0.00650068316825906 0.00508330578556867 -0.260305519844403
1606900114.90835 4.42884646711223 3.65143221355598 0.151958952874275 0.984389153054243 0.00281332374034127 0.00228252925326758 -0.175968379599548
1606900115.86879 4.58160215274773 4.26936125324507 0.148106698192247 0.994713207730641 0.00142678187865594 0.000574141219281285 -0.10268042180255
1606900116.87365 4.6621583641403 4.76902928649806 0.154221151873474 0.998860221903899 0.000689642380193467 -0.000288759647381742 -0.047725235560947
1606900117.9043 4.6961717632767 5.10350804321491 0.152736812086136 0.999930611827146 -0.00034182814680934 1.51812956178431e-05 -0.0117751625906435
1606900118.92298 4.69999764128861 5.33764131438861 0.157009622565523 0.999941489641213 -0.000846392055005543 6.89336487058709e-05 0.01078406986035
1606900119.89088 4.68814415212459 5.50728913389494 0.154532214858742 0.999641061756493 -0.00092494466358694 4.64015790709743e-05 0.0267748011125179
1606900120.89426 4.669335903224 5.64197138141795 0.153868402871524 0.999311392751797 -0.000850337190713857 -0.000216266038739363 0.0370940759707791
1606900122.23564 4.65359501675106 5.76890710544101 0.15423464889384 0.999026638785595 -0.000727263682961053 -0.000413904281075729 0.0441030017973654
1606900123.08321 4.64332474057641 5.83034630925405 0.152546596485152 0.998889460503793 -0.0007931209530636 -0.000518197412464044 0.0471057122336238
1606900124.31784 4.63563171268812 5.87540110068746 0.153137343121795 0.998805875982433 -0.000959756063330076 -0.00061768499783551 0.0488417796206071
