1604566970.41832 -0.00945047606662286 0.0196558971152899 0.371317956992433 0.999997394666338 0.000107963852436566 -0.00227322698865092 -0.00017732287477259
1604566970.71797 -0.0285914748289404 0.0446131266234328 0.768087088694894 0.999982806046457 0.000512902322186985 -0.0058270732523257 -0.000412019384688478
1604566971.01725 -0.0485348514701963 0.0699141469513481 1.17766244241758 0.999938325732828 0.000388527496126388 -0.0109859590953533 -0.00158192280746419
1604566971.31672 -0.0498581369342075 0.080383211855077 1.60263881963227 0.999842773330989 0.00101013032324344 -0.0176697729445327 -0.00108966903965888
1604566971.61619 -0.0657743176179574 0.106945855437711 2.04159479267043 0.999675356704025 0.00175363832817561 -0.0254147573286429 -0.000442788007851035
1604566971.91583 -0.102674559026061 0.127561230055386 2.50505723131347 0.999449036695553 0.00251031731695694 -0.0330806185347007 -0.000997011866122633
1604566972.21547 -0.135921109786996 0.146879081414092 2.98709507264979 0.999163109878262 0.00385068915306392 -0.0407015525957578 -0.00127893226591653
1604566972.51529 -0.174595546590085 0.164860911411226 3.47927609199955 0.998831847588837 0.00376926305338774 -0.0481707893331198 -0.000554935426789553
1604566972.81495 -0.216384921579141 0.186828927544697 3.99106215513107 0.998428729800925 0.00302685887156907 -0.0559514100410813 0.000591056594868455
1604566973.11474 -0.291211397334866 0.21541240157291 4.50050206735021 0.997989098526813 0.00253077378990198 -0.0633340881347095 0.00038429911329193
1604566973.41439 -0.365011886996458 0.227483286300026 5.03048698343968 0.997488659659781 0.00182310718304413 -0.0708024254725655 0.000258219934620798
1604566973.71437 -0.440177328277303 0.245883469631577 5.54154092673722 0.996771615051715 -0.000223772753752742 -0.0802730153792714 0.00159384907367885
1604566974.01419 -0.534595315560166 0.260266179222395 6.02510624815687 0.995811174278518 0.000340068511949628 -0.0914000954441329 0.00245195600472577
1604566974.31417 -0.637238256251651 0.292974492168306 6.50669668741178 0.994181000286887 0.000870817317538166 -0.107593861716762 0.00519049772549311
1604566974.61383 -0.792589727669186 0.314693206698352 6.99219301437444 0.992143481098539 0.000334685165962913 -0.125050074120835 0.0036986297310375
1604566974.91362 -0.947619943805449 0.339153798402021 7.46633095611923 0.989706349100664 0.0004675437683205 -0.143059042270519 0.00390312404388136
1604566975.21343 -1.09813341505347 0.346252438370814 7.94341645677962 0.986720660649316 -0.00112281680158013 -0.1622152390015 0.00820325337256542
1604566975.51325 -1.30339448195574 0.367177085874428 8.40633032246694 0.983167983348744 -0.00143964177156148 -0.18249548370254 0.00860478806881618
1604566975.81309 -1.50595743860703 0.389151728939373 8.86770427590741 0.979358550143975 -0.00315774679792332 -0.201696216037502 0.0128644988710756
1604566976.11323 -1.75209162553196 0.421150435896572 9.32085102475122 0.97495917479203 -0.00407337402717044 -0.221979377250186 0.012773847834484
1604566976.41322 -2.01966120479974 0.441689397178678 9.77105868639167 0.970171847519141 -0.00528015947870296 -0.242071323283842 0.0118397905718875
1604566976.71338 -2.28191700513779 0.460047783426685 10.1958662227604 0.964896217763538 -0.00586632335381905 -0.262215901782201 0.0135534515335949
1604566977.01319 -2.56070963073232 0.47558858482573 10.5791150950857 0.958301610543624 -0.00549161204447624 -0.28532044545139 0.0148360653163075
1604566977.31301 -2.86277082755532 0.491715513408176 10.9517602001676 0.950569026406747 -0.00530967783162293 -0.309978665383102 0.0174229838077209
1604566977.61285 -3.18749678618954 0.522249092704463 11.2864822776586 0.941411570678183 -0.00451246292177153 -0.336739586181722 0.0181753506094969
1604566977.91264 -3.54107696855521 0.533116827004055 11.596178154991 0.930308535190941 -0.00478863820055227 -0.366288002992105 0.0183356799471744
1604566978.21244 -3.8801207905553 0.55319262839596 11.8655189727772 0.917931396385813 -0.0037293120229388 -0.396205646677697 0.0202269449431859
1604566978.51227 -4.24105351558631 0.561626485109805 12.1206235125737 0.90427568216068 -0.00457424433052201 -0.426409932181374 0.0209555882455443
1604566978.8119 -4.60590747951333 0.574766443839762 12.3393881241396 0.889349268005167 -0.0049331613968591 -0.456594699945559 0.0235546895316292
1604566979.11157 -4.99373382890172 0.587456007602423 12.5352450704078 0.873642698897431 -0.00536902940863246 -0.48589234892266 0.0250645854711742
1604566979.41119 -5.38142677730258 0.599862968229494 12.7045496527791 0.856856463860841 -0.00511967533525049 -0.514878791312819 0.0258963225305731
1604566979.71102 -5.79579268697126 0.619671907964375 12.8261017018865 0.838991965343497 -0.00422863676755339 -0.543552613844357 0.0250031338658356
1604566980.01082 -6.2074624199171 0.627246573995321 12.930939777156 0.819987732401147 -0.00391576491711476 -0.571782403087574 0.0258779639102143
1604566980.31064 -6.63340778503032 0.623305779937641 13.0313483209449 0.799849917129131 -0.00637426135581925 -0.599477588333247 0.0287419544715389
1604566980.61045 -7.07297822991001 0.638028498560443 13.0919990852547 0.779334748088913 -0.00889121753767894 -0.625842329766907 0.0296593146215137
1604566980.91027 -7.51084068200099 0.649080196703145 13.113098962011 0.758758309143761 -0.00776181598457617 -0.650709656353257 0.028328883609283
1604566981.20994 -7.95984515037513 0.652889570204175 13.1172501436732 0.738600959080632 -0.00787356711524312 -0.673509508690108 0.0281348874186831
1604566981.50972 -8.41210233645135 0.665700755034599 13.0986976045134 0.719101520937182 -0.00718810955321469 -0.694279038030982 0.0285998429655907
1604566981.80971 -8.88313257632861 0.655180218504662 13.077583080986 0.700419197833308 -0.00850675092630904 -0.712999230354322 0.0311878182848285
1604566982.10988 -9.34373678811809 0.664979863521359 13.0272297324741 0.682963287251963 -0.0095032275948947 -0.7297065940449 0.0316089154933243
1604566982.41019 -9.80475962433745 0.667244309263165 12.9555010509525 0.667440659505874 -0.00816606335987217 -0.743948770224011 0.03156752650667
1604566982.71053 -10.2790171424864 0.671078549280532 12.8843784129689 0.654193363202064 -0.00836686091055883 -0.755496552218333 0.0344383328151706
1604566983.01068 -10.7488053926445 0.686476988309649 12.7823636359326 0.642415440082808 -0.0067670690608641 -0.765569412655569 0.0340599989099316
1604566983.31089 -11.2278962183784 0.676152025686493 12.6816425002454 0.631131829383133 -0.00766173952734367 -0.774873217304423 0.0344297660638027
1604566983.6112 -11.7033262264922 0.689111408463989 12.5624775036848 0.621290694900822 -0.00814413629158827 -0.78280388377069 0.0339061207931814
1604566983.91151 -12.1808115798678 0.676841499930558 12.4461720079554 0.613208524978848 -0.00887482194310547 -0.789102466265876 0.0348402089812396
1604566984.21167 -12.6459640340989 0.684482068370825 12.3199916716083 0.606559186014067 -0.00913282295035117 -0.794198289078916 0.0353782847384249
1604566984.51183 -13.1170901901277 0.678465605374263 12.194279929474 0.601031962731786 -0.00994718458143235 -0.798374002272402 0.0355047291107474
1604566984.81199 -13.5791708096534 0.680507045273169 12.0532604806697 0.596869495298065 -0.00919184442892386 -0.801487053124986 0.0357885351984959
1604566985.1118 -14.0486129773854 0.684686090489596 11.9187234085433 0.592335761449303 -0.00964421471744064 -0.804800936321617 0.0366167683801667
1604566985.41162 -14.5162636621041 0.677268688285568 11.7700710591659 0.585615627774819 -0.00969391433424894 -0.809647983177143 0.0378220553112922
1604566985.71126 -14.9719248230393 0.685325827791107 11.6095336544611 0.578233919039831 -0.0104181827950573 -0.814938092920085 0.0375885760153475
1604566986.01092 -15.4213656633289 0.675650420542787 11.4360368042947 0.569891174552045 -0.00994586363174956 -0.820796688047291 0.0376553562578714
1604566986.31038 -15.8808576841436 0.671335314744233 11.2593476694013 0.561582445607871 -0.011411695296264 -0.82640649577492 0.0393348921005843
1604566986.60967 -16.3172838185469 0.672409290455453 11.0642102626915 0.552843799922 -0.0115194386101107 -0.832272897222986 0.0394063442857713
1604566986.90896 -16.7626764409004 0.661328305131402 10.8678024255739 0.542170406992992 -0.0125299439318781 -0.839195897310777 0.0405523886211126
1604566987.20825 -17.1877418685696 0.664486665596948 10.6520806986686 0.529669004803187 -0.0133103264529573 -0.847103125914169 0.0411080846909797
1604566987.50776 -17.6151433436378 0.657125339056717 10.4129665956605 0.515478892713933 -0.0129039255155897 -0.855832889523886 0.0408052090044978
1604566987.80737 -18.0241435555333 0.643364516508916 10.161423055009 0.496678027185216 -0.0145833116607351 -0.866820915009818 0.0414700570767508
1604566988.10703 -18.3963735611889 0.637421961352451 9.88919269096544 0.471834901263144 -0.0156346858472223 -0.880545804671247 0.0420293757308417
1604566988.40683 -18.7476681282511 0.627851300620685 9.59074935629907 0.445105360795981 -0.0168544356340956 -0.894295239633578 0.0428155364191107
1604566988.70682 -19.0677537887689 0.632701018943782 9.26097915817901 0.418422297175254 -0.0151198686301453 -0.907113099013745 0.0428951791798383
1604566989.00699 -19.3855796170755 0.613126208288354 8.90632540593687 0.391536752899991 -0.0141216732806001 -0.919090887646588 0.0420890688575269
1604566989.30747 -19.6763658631878 0.610740580725442 8.55816779117451 0.365089932512107 -0.014243910536417 -0.929869318950332 0.0430058352526961
1604566989.60817 -19.9509344418535 0.582744767083382 8.17371292253059 0.336950281412133 -0.0143618945389823 -0.940476543478053 0.0419775536341606
1604566989.90902 -20.2081747957836 0.577585456139856 7.77306776651359 0.307949955167931 -0.0161906552535281 -0.950313448692049 0.0425327759446186
1604566990.21006 -20.42747302838 0.555446097005791 7.34119849423496 0.278808202915091 -0.0148478098822526 -0.959339726027549 0.0413862126117475
1604566990.51106 -20.6349969142292 0.533637242191188 6.92014414472694 0.249337714477117 -0.017287443438981 -0.96731995713361 0.0427077155757857
1604566990.81208 -20.8093217018739 0.512848867579799 6.48846438206752 0.219536663538128 -0.0176692549235269 -0.974423963886907 0.0446025716290249
1604566991.11312 -20.9697969996585 0.497239328943669 6.05575708398477 0.189515789269071 -0.0196896256603088 -0.980592500640454 0.0461999128438486
1604566991.41399 -21.0511527093848 0.490847559828271 5.61307580833767 0.157650987435995 -0.0168193345727229 -0.986250101928155 0.0466263079354406
1604566991.71484 -21.0901289889262 0.469865141823937 5.21382100109454 0.120284062585993 -0.0132879280000067 -0.991325638168641 0.0512704043948586
1604566992.01532 -21.1285563070178 0.443685276775209 4.79133564048081 0.0834794608570503 -0.0145063532132461 -0.994985233228424 0.05315196128882
1604566992.31565 -21.1161935061972 0.43182815326701 4.35523320561295 0.0455706129311962 -0.0133327893406986 -0.997480063200451 0.0527169752840073
1604566992.6158 -21.0688570591041 0.404177169330847 3.90775067544563 0.00730838349374277 -0.0121738177390072 -0.998685582013457 0.0492493042672567
1604566992.91596 -20.9798935056737 0.374414806020243 3.52339192654532 0.0343179094067944 0.0109392939212358 0.998097867750362 -0.050032582729993
1604566993.21613 -20.8839157765067 0.349422506068072 3.11783030502454 0.0746784005003208 0.012898529549815 0.995954931290107 -0.0482756592195767
1604566993.51614 -20.7416813493214 0.332799751816965 2.73169112760193 0.115941594907006 0.0121474458654583 0.992039991903524 -0.0476092490323278
1604566993.81595 -20.5620259624404 0.307208209352044 2.36135608636226 0.158680901498055 0.0128395085663446 0.986093696807445 -0.0476942306381596
1604566994.11557 -20.3640883216731 0.286868654326039 2.00001963294432 0.201721537819059 0.0143245792374648 0.978285356764688 -0.0453981095352012
1604566994.41505 -20.115193726407 0.274395128837564 1.66075908456111 0.243857858865067 0.0142543951213967 0.968713734917163 -0.0438617905734379
1604566994.71449 -19.845621683502 0.256918306638224 1.34798167418476 0.286035045566968 0.0139392221529134 0.957138124764971 -0.0433158275306988
1604566995.01415 -19.5461900458341 0.236767270369784 1.03853000870507 0.326969432495913 0.0137843823842892 0.944036732101951 -0.0411780215388381
1604566995.31378 -19.2189571273803 0.22509042872517 0.778944640264671 0.367564262867138 0.0135464411234206 0.929026708663567 -0.0402787932486525
1604566995.61342 -18.8706680326893 0.212303316607617 0.537234556949258 0.407814898297181 0.0138583478990253 0.912100606547025 -0.039590888559351
1604566995.91323 -18.5046441774157 0.192770778204094 0.325142156709315 0.446876432755895 0.0140721616724137 0.893655716184664 -0.0385082983746096
1604566996.21305 -18.1243798899918 0.179880049885789 0.147169041618096 0.485062572240042 0.0145693045299405 0.873579009679712 -0.0369019000107248
1604566996.51305 -17.7212294422774 0.175402506815055 0.00656412323283961 0.522013838525136 0.0145547562894253 0.852043535885018 -0.036214974998803
1604566996.8134 -17.3089379269608 0.163119606452912 -0.115102979690584 0.555846461911085 0.0146344203628092 0.830398499198754 -0.0354806574069622
1604566997.11389 -16.8768583300684 0.152055288356133 -0.215735595084175 0.585549867226843 0.0146721821280189 0.809811302732513 -0.0334922980534299
1604566997.41475 -16.42707797391 0.149520185924524 -0.273479613683697 0.611680651984174 0.0132991090307841 0.790261297179782 -0.0340146419491922
1604566997.71558 -15.9721681107331 0.1360279249985 -0.331100711237157 0.633926491953209 0.0131053918585637 0.772564665415676 -0.0333059942847565
1604566998.0166 -15.5121081914791 0.132387329258891 -0.367302170588778 0.65273965863911 0.0122568756176824 0.756777756326955 -0.0326823280769486
1604566998.31781 -15.0407863987445 0.12237408198144 -0.407751983145316 0.668477723805417 0.0120548245622691 0.742931052728191 -0.032336741840879
1604566998.61883 -14.5664321728159 0.118983417087795 -0.430185534286014 0.681298241210987 0.0121637838165957 0.731229872365127 -0.0314264641179814
1604566998.91985 -14.0849956719432 0.113878460039181 -0.433174762092329 0.691843673825872 0.0109409392343336 0.721281072544548 -0.03140447778228
1604566999.22087 -13.6001575043697 0.105814432964868 -0.436863872495481 0.699962596429861 0.00995353641499572 0.713419013742726 -0.0314102139814308
1604566999.52158 -13.1207558694039 0.0967124748706995 -0.43430104168986 0.706253763973462 0.00938300062674867 0.707197012568889 -0.0314637185690692
1604566999.82191 -12.6467876062301 0.0919437436081559 -0.428499944417919 0.71161158747942 0.00947033185002245 0.701807615472949 -0.0313900022912388
1604567000.12222 -12.1411551471923 0.0890817702153952 -0.423080395309549 0.714884654961348 0.00941453658047009 0.698459259209584 -0.0317168697410146
1604567000.42238 -11.6336093029049 0.0857097946409567 -0.416866340151556 0.716017984615283 0.00822469595881126 0.697301077218095 -0.0319657284343433
1604567000.72254 -11.1304924438675 0.0733905614755544 -0.422344799022932 0.715699572550885 0.00862089214761585 0.697607117148138 -0.0323127246347945
1604567001.02235 -10.6183361309752 0.0665940512507747 -0.43321885711865 0.714624308597105 0.00893427449575618 0.698737625537806 -0.0315912481414116
1604567001.32221 -10.1160153409304 0.0669030113208682 -0.439430297821993 0.712196006607621 0.00860489363368233 0.70118500679785 -0.0322860685065521
1604567001.62128 -9.6054225267803 0.0548594887888272 -0.458316306195084 0.708466167836787 0.00828352191424673 0.70495566218886 -0.0323200656438103
1604567001.92041 -9.10665557443104 0.0540726627862186 -0.480150063052045 0.703885106815326 0.00903716353207228 0.709502994096696 -0.0327045477983656
1604567002.21937 -8.59298345794992 0.0416373061115856 -0.506171500721523 0.699000461973345 0.00763500487534583 0.714308301112756 -0.0332221586145716
1604567002.51856 -8.08089135311439 0.0274874801254755 -0.568943311844046 0.693329718520346 0.00853171764093314 0.719853526115859 -0.0321249459012542
1604567002.8178 -7.56124698656514 0.0301839504998898 -0.629696870303057 0.685447122081093 0.00851842468419628 0.727386287401171 -0.0316048757692129
1604567003.11742 -7.04933207998329 0.017276515069451 -0.704901100404144 0.674267657773214 0.00808371773699766 0.737686043377327 -0.033422755644594
1604567003.41741 -6.54407225299841 0.00883422034300263 -0.813959952290965 0.660205145802313 0.00872398365333325 0.750322575806732 -0.0326969386963784
1604567003.71757 -6.03711990631568 0.00649200065115631 -0.921336011242852 0.644900554500982 0.00669772376608291 0.763427364050152 -0.0351720787005409
1604567004.01792 -5.54128812429969 -0.0196986250746534 -1.08605230308182 0.627810604820148 0.0073566288963925 0.777547546684761 -0.0349218718162548
1604567004.31859 -5.04935899687122 -0.0218487960115721 -1.26996343736201 0.610339771443351 0.00898332931378398 0.791340097781085 -0.0344312769548478
1604567004.61929 -4.56168073997591 -0.0398888391762406 -1.46645919496468 0.592948420230017 0.00965161010281954 0.804380989951174 -0.0359199161235192
1604567004.92011 -4.07824122603965 -0.0433414713623363 -1.67554957129747 0.574854037465217 0.0080612196954628 0.817331239490215 -0.0380459892807448
1604567005.22115 -3.60676540720165 -0.0681253516450858 -1.90976984698543 0.556705262488414 0.00643007138014963 0.829754521859267 -0.0393107918242785
1604567005.52203 -3.13895556788458 -0.0769517441627495 -2.18157048243603 0.537024530263181 0.00627399331733709 0.842619949969443 -0.0394577092208569
1604567005.82362 -2.68713437417814 -0.100732652748302 -2.47596784708291 0.514243888937183 0.0059185810310283 0.856690982505463 -0.0399844167541272
1604567006.1242 -2.26567069669098 -0.1172584981855 -2.82016724138138 0.490968308900072 0.00866816599675093 0.870234324204732 -0.0395879215164186
1604567006.4254 -1.83894915344616 -0.128926921411147 -3.16337522406922 0.467017532459237 0.00575269789745673 0.883283404292457 -0.040889589678978
1604567006.72659 -1.45718903743672 -0.160140501805183 -3.53176968595737 0.441996939820183 0.00557379061546319 0.896033618475462 -0.0416100061228048
1604567007.02746 -1.07997869298659 -0.169987669855398 -3.91356248269281 0.416457705618951 0.00448417279428211 0.908152047383967 -0.0424585734247016
1604567007.32833 -0.737203489081441 -0.203241806427384 -4.33948574633142 0.389994802311245 0.00429864854156754 0.9197891425339 -0.0432840509620038
1604567007.62898 -0.390094902426713 -0.219901158796088 -4.80979044263819 0.360403890028261 0.00636015521279083 0.93170164102697 -0.0447284762295455
1604567007.92965 -0.0410683371277226 -0.253287791973723 -5.3356135544002 0.327289485040185 0.00587179457481342 0.943841067290773 -0.0448458995451777
1604567008.23034 0.254874500521494 -0.280954250056084 -5.92186473141698 0.291900548322041 0.00687412696430705 0.955406923335768 -0.0440956586281714
1604567008.53068 0.52582359790555 -0.306016855285751 -6.50742579386307 0.255792636361962 0.00527548073611124 0.965750341603923 -0.0432270075057934
1604567008.83065 0.714417830634928 -0.34299588300984 -7.09252763728492 0.220415269992163 0.00529064812877414 0.97441254722345 -0.0436956017256415
1604567009.13046 0.866072715294268 -0.366873138220916 -7.69350196975333 0.185370304086097 0.00681111926261208 0.981692003333465 -0.0432697308582603
1604567009.4301 0.980676019124708 -0.394422281927127 -8.29291429623098 0.151060000726994 0.00730473671812446 0.987498316039722 -0.044436390723733
1604567009.72974 1.05213140939756 -0.416319887856592 -8.90875746100582 0.115684984031078 0.0080905559632567 0.992242325548549 -0.0447961467532795
1604567010.02921 1.0935252423206 -0.445638066464357 -9.54726696132822 0.0790001579249283 0.00693211015115961 0.995815987289534 -0.0454030875080079
1604567010.32868 1.08225009079171 -0.472337399928988 -10.2103097754889 0.0413651932729164 0.00670872178507765 0.99810162233927 -0.0451338600301674
1604567010.62815 1.02048695769459 -0.513340537112844 -10.868844690133 0.0030086679579504 0.00630973406626697 0.998853909640281 -0.0473497874277944
1604567010.92749 0.892717479041764 -0.539759364360087 -11.5408105854114 0.0368634031376137 -0.00726026015701756 -0.998074127371353 0.0493600486575822
1604567011.2271 0.723714245820021 -0.5682388784741 -12.2313375593783 0.0779833747475564 -0.00666424925467418 -0.995674914167242 0.0500564315838419
1604567011.52672 0.472265851464954 -0.607756071376025 -12.926022644338 0.119992864854076 -0.00732457426087948 -0.991572436305138 0.0482925103499685
1604567011.82672 0.151801485806335 -0.634279068960088 -13.629516634839 0.163077803116078 -0.00866590983858635 -0.985501306041919 0.0460185606812502
1604567012.1269 -0.222950950043844 -0.667030499306234 -14.3137844371365 0.206316135415081 -0.00662655341569184 -0.977441601248362 0.044695158644458
1604567012.42703 -0.673222121120453 -0.695713705545967 -14.9587664664293 0.249972749519057 -0.0063759013176594 -0.967240067291909 0.0438135208059574
1604567012.72739 -1.16296150591494 -0.721964619634357 -15.5572854377749 0.293481567532219 -0.00611600848094905 -0.954920849570377 0.044241779065509
1604567013.02775 -1.70394514479353 -0.74827389459591 -16.0825992234899 0.335150677792018 -0.00628626503688237 -0.941117283200532 0.0439632267774698
1604567013.32787 -2.26628062695518 -0.753649505375618 -16.5611336040011 0.373985502494257 -0.00582046676426277 -0.926399928163803 0.0434066721699002
1604567013.62838 -2.87544060092083 -0.780899788714799 -16.9844854360103 0.411754144461887 -0.00787296103336496 -0.910344243738752 0.0408643964196957
1604567013.92888 -3.50401356865978 -0.785223361674145 -17.3483131247508 0.449262283568267 -0.00985843432963822 -0.892465746430874 0.0396371452450496
1604567014.22921 -4.12535388296434 -0.781672786099478 -17.6797903587758 0.48418807416914 -0.0075196472321364 -0.87418558503717 0.0361237685063921
1604567014.52937 -4.76977807429066 -0.799002975992457 -17.9425574478814 0.516576121610834 -0.00604888905325101 -0.855587797280402 0.0328944169670136
1604567014.82953 -5.4337953845525 -0.798942514614515 -18.1479331850133 0.547384048283177 -0.00721674506797295 -0.836133474433353 0.0346328631180724
1604567015.12969 -6.09730148196544 -0.791314044650281 -18.302915957011 0.577003093912006 -0.00800349048786872 -0.815997124155839 0.0339421143328515
1604567015.42985 -6.79430363775458 -0.787401806531972 -18.442518947177 0.607204405186861 -0.00409692877092629 -0.793858745547245 0.0327767846877974
1604567015.73035 -7.52277494337595 -0.792731465461087 -18.5021195272804 0.639648338396978 -0.00338942945099263 -0.767964249847313 0.0327020780751764
1604567016.03086 -8.27411281906434 -0.779015055061573 -18.4834298861313 0.67552016866798 -0.00492920279204506 -0.736604089550633 0.0325978517682012
1604567016.33139 -9.02430357112881 -0.755906718654581 -18.4103960565032 0.71382227723145 -0.00332396894477434 -0.699796279016512 0.0270532000547981
1604567016.63187 -9.75122497958057 -0.765883871685112 -18.2088306493194 0.753856675703994 -0.0033022543062848 -0.65660789457203 0.0235643883584079
1604567016.93257 -10.4293782025407 -0.737506693573592 -17.9033164682786 0.794287277004302 -0.00555349056310471 -0.60707008353931 0.0232979398924496
1604567017.23326 -11.0526831845779 -0.702724488980722 -17.5345633087707 0.832735491402534 -0.00415482149280955 -0.553288357861383 0.0201576752627143
1604567017.53376 -11.6016894752509 -0.686940288878826 -17.0733227829946 0.866986323475487 -0.0040645361636783 -0.497980454515245 0.0182664001112075
1604567017.83392 -12.0757857786817 -0.656332847871195 -16.5744722479531 0.897589505902374 -0.00415526544807665 -0.440526088452182 0.0158927044900741
1604567018.13408 -12.454172104228 -0.627813258960857 -16.024048750381 0.924200592728897 -0.00253828090083417 -0.38165988926065 0.0135111235347457
1604567018.43394 -12.7540328869434 -0.601698000539317 -15.434995785112 0.946542695779959 -0.00336162810401728 -0.322285703936983 0.0133247724161498
1604567018.73351 -12.9920180107684 -0.572165124961473 -14.8395952199156 0.965022787596426 -0.00248972185900407 -0.26196812081264 0.00987544341193852
1604567019.03299 -13.1385794579727 -0.545399363070171 -14.2245492366314 0.97934328771702 -0.00257533670436157 -0.202027091859875 0.00807134431922042
1604567019.33247 -13.1909472214865 -0.512836097816444 -13.5987238200101 0.989735664033784 -0.00316978893195344 -0.1427256651693 0.00653087128274081
1604567019.63194 -13.1972525955762 -0.485411673457656 -13.0080221439929 0.996429388421952 -0.00271030708779151 -0.0843220264242892 0.0033051451173307
1604567019.93139 -13.1369105098401 -0.457601857014983 -12.4278756851349 0.999672989997249 -0.00169537394341089 -0.0254373345503447 -0.00199519125059505
1604567020.23085 -12.9789927367007 -0.436876224407361 -11.891705071152 0.999431148551025 -0.000691357166295642 0.0335368264420167 -0.00349035864144769
1604567020.53072 -12.7742639902994 -0.421929998116665 -11.3854769865303 0.99581780799825 0.00119571955423844 0.091212429292856 -0.00507506362556607
1604567020.83052 -12.5262786676179 -0.404312050227643 -10.9198974869412 0.989086694506008 0.00297660306784635 0.147134624563941 -0.0070748031622048
1604567021.13066 -12.2507186391757 -0.37715034877338 -10.4969528825241 0.979909308646521 0.00460944585607836 0.19912293468778 -0.0103226313565444
1604567021.43099 -11.9308581397972 -0.362327703560108 -10.1015959662503 0.968456889113575 0.00523025434068026 0.248670832716614 -0.0150570689051585
1604567021.73131 -11.5570716247329 -0.360695141401856 -9.75743929160206 0.955686284364527 0.00680256387215146 0.293916134734409 -0.0151906795461719
1604567022.03183 -11.1773869882931 -0.345194814846293 -9.42680580922913 0.942524052438179 0.00737378690017545 0.333704432500376 -0.0153424108882801
1604567022.33214 -10.7743875964012 -0.340351285401678 -9.10225322147962 0.929128940655471 0.0073388742641606 0.369320555537922 -0.0163670344942943
1604567022.63248 -10.350445328353 -0.332735791479997 -8.80701642348367 0.916439078242429 0.00702134626453224 0.399758159752941 -0.0168383573350461
1604567022.93298 -9.92091651858364 -0.320101166145184 -8.52573373164449 0.905575721998377 0.00698983479612902 0.423768658886013 -0.0174320877289695
1604567023.23331 -9.4798203966278 -0.311036794775246 -8.22134938876369 0.896905533010238 0.005773374108325 0.441759559713987 -0.0193810321792144
1604567023.53365 -9.02794637338168 -0.313559292450271 -7.96591670988262 0.891216023911004 0.00692397712997747 0.453143843870169 -0.0186202585248604
1604567023.83399 -8.56394618268924 -0.302030759305298 -7.68455499197366 0.886519205278643 0.0067582197592692 0.462310648518038 -0.017518259178345
1604567024.13398 -8.11038770293089 -0.278577460243646 -7.39942217572214 0.885215815977775 0.00526481504957312 0.464819044232 -0.0175640822289942
1604567024.43412 -7.66738341017762 -0.276481240672264 -7.0851599344567 0.886483218960351 0.004265369097411 0.462354493541359 -0.0189111456625564
1604567024.73411 -7.2040571950193 -0.261399080995752 -6.78004780090531 0.889668815227771 0.00378622422891972 0.456247833696358 -0.0176911832471177
1604567025.03411 -6.74677323199259 -0.261083404785764 -6.45238390935996 0.893262710812093 0.00277556101550161 0.449196400322153 -0.0172226499499965
1604567025.33443 -6.2997354486322 -0.244466129549151 -6.13824587652287 0.896767906225097 0.00468462238903984 0.442231107354288 -0.0147317468729093
1604567025.6346 -5.88193955271142 -0.219309314732063 -5.78318340101576 0.9000018768923 0.00514571103575876 0.435522804856846 -0.0170302583039477
1604567025.93476 -5.45327866085389 -0.214535834464037 -5.43408069299917 0.904215750738022 0.00431635727752978 0.426694333608996 -0.0175268606174421
1604567026.23496 -5.02419880027268 -0.198346709725133 -5.0724372809017 0.909646834558512 0.00608695640982673 0.414979383813293 -0.0172538792532175
1604567026.53492 -4.59546557644804 -0.187138436699437 -4.67915390608642 0.915943258467262 0.00745316947004168 0.400840280021693 -0.0178736522668408
1604567026.83506 -4.14058892093901 -0.176842468336678 -4.240853199139 0.922986676588988 0.00800885320914641 0.38450509724585 -0.0136851489377787
1604567027.13505 -3.69760384841026 -0.150000040728509 -3.76481418765731 0.930736616958929 0.00675533474772619 0.365399201146414 -0.0129282290301627
1604567027.43504 -3.26035089101475 -0.135011336602961 -3.22733180207895 0.938778441904903 0.00452522552159233 0.344254143667397 -0.0127923381915617
1604567027.73472 -2.84349844194086 -0.115289859922481 -2.67187766021695 0.947355444787722 0.00186490112803718 0.320002047271554 -0.0106241760552681
1604567028.03415 -2.4717668694728 -0.0931515718678674 -2.08463718589287 0.956512269818417 0.00143682694269169 0.291493273347012 -0.0106716825571332
1604567028.33382 -2.11685473229415 -0.0757036533199025 -1.49303167159587 0.964396052538817 0.00141511331283787 0.264358799103191 -0.00725786735738346
1604567028.63345 -1.81183652356659 -0.0282855793293044 -0.876500917599072 0.971421556875646 0.00050665366687918 0.237266772835458 -0.00666188018545165
1604567028.93307 -1.57167426242924 -0.00336351718378383 -0.248284289318172 0.978025429487595 0.000278837075605643 0.20829567586778 -0.00889342117950831
1604567029.23288 -1.33441193053283 0.015670281365859 0.37628280883693 0.983777687775213 0.000121102633214608 0.179280174368404 -0.00632972734341569
1604567029.53287 -1.1629514307726 0.0505694030190202 1.00091164520288 0.988774066581911 0.00104309375875217 0.149318162758484 -0.00537061271292683
1604567029.83268 -1.03260669801574 0.0811906151740998 1.62910397158611 0.993217536613418 0.00110076533032115 0.116183620334157 -0.00436802533295564
1604567030.13233 -0.954201349863109 0.101516985253368 2.25584912365039 0.996706737426698 0.00222424485656956 0.0809998021253327 -0.00312479738576779
1604567030.43237 -0.919436600252264 0.137223743920453 2.86299803646016 0.999010642794064 0.00388581089514764 0.0442681693043748 -0.00172198847762916
1604567030.7323 -0.943648265257449 0.153974250707058 3.46359936601393 0.999965708889025 0.00429560761176122 0.00664470904775405 -0.00244471736318392
1604567031.03231 -0.990563494642508 0.175451470233575 4.07973787317224 0.999479035195871 0.00476144553873296 -0.0318478530369016 0.00216820138662896
1604567031.33264 -1.1097375212148 0.21377879532961 4.70819747974907 0.997405547307368 0.00240847950903441 -0.071852532370543 0.00368605736310173
1604567031.63278 -1.2817796382411 0.23527910938984 5.30677178234703 0.993767030397888 0.00197573290508522 -0.111417282946304 0.00306183515465641
1604567031.93294 -1.48007682655227 0.243738807461809 5.90827832913191 0.988538201970236 5.91908697072734e-05 -0.150751982626825 0.00812769807361911
1604567032.23312 -1.73190840471725 0.281660225211564 6.49773016736595 0.981517341248088 -0.00124445750838959 -0.191025499473365 0.0114637997952264
1604567032.53326 -2.04921514603046 0.304810473306585 7.04249503441894 0.972529594298458 -0.00158390405848687 -0.232446367366458 0.0123436526096138
1604567032.83359 -2.40916430149927 0.340124004645505 7.57662155144058 0.961400689770992 -0.00207182967409457 -0.274685782240971 0.0158789881393076
1604567033.13376 -2.83932918908735 0.363008406529811 8.06531501446743 0.948566488108212 -0.00375284835659969 -0.316158362579467 0.0158563406350937
1604567033.43412 -3.28398798120213 0.392894015075347 8.52712952296176 0.934078522410932 -0.00404440610921937 -0.356587011828555 0.0180737307995996
1604567033.73424 -3.76645128798229 0.410893891348259 8.95323198239261 0.918524696808193 -0.00722673089778975 -0.394754884317315 0.0207059658449165
1604567034.03441 -4.26810467155217 0.435565592862164 9.33437600731528 0.903266539541634 -0.00777575111177219 -0.428474141521089 0.021424432008718
1604567034.33491 -4.81031134536641 0.45918549091691 9.66589604756006 0.88877110755767 -0.00526048471204283 -0.457887840466842 0.0199241367170174
1604567034.63561 -5.33914929425944 0.476546388204512 10.0038669929285 0.876921441116763 -0.00645387083014954 -0.480052717108759 0.0227271304283265
1604567034.93592 -5.879806114214 0.497892759101129 10.2922971005246 0.86293187699673 -0.00549147907077649 -0.504709029320213 0.0242325203634236
1604567035.23612 -6.44610389963953 0.509678630688112 10.5534297943093 0.846410505343327 -0.00701571260047372 -0.531858529496675 0.0258174519036254
1604567035.53625 -7.03545463117417 0.532591287681143 10.7556768475518 0.829596229146532 -0.00752938095732796 -0.557726955732272 0.0255743593833265
1604567035.83606 -7.62791049166758 0.547674096433427 10.9030736618918 0.810833493285272 -0.00597371675255527 -0.584752809121017 0.0240315022427297
1604567036.1359 -8.20625106315969 0.541352877289339 11.0471460275829 0.791357741562175 -0.0070778383935207 -0.610639608924558 0.028672235450914
1604567036.43572 -8.83093591229084 0.569264430905556 11.1589784357197 0.771374289137099 -0.00891562484118178 -0.635530669292486 0.0316699554873492
1604567036.7355 -9.47464543991541 0.580002778115952 11.2092182842919 0.750319804626161 -0.00731972575453139 -0.660300585739508 0.0311407911380093
1604567037.03536 -10.1472362737858 0.583098773651033 11.2305211866766 0.728834919595612 -0.00780707159724438 -0.683883325826527 0.0322847683526015
1604567037.33478 -10.8373129676805 0.590688145815564 11.2173314798192 0.706563114237855 -0.00808738333001075 -0.706815522170234 0.0333912780317772
1604567037.63432 -11.5421663969024 0.600266775006544 11.1464905621601 0.684593157386765 -0.00881334262062295 -0.728110590263289 0.0333091908865382
1604567037.93373 -12.2630386457613 0.593268230469526 11.0619144133709 0.66235511787977 -0.0103786899395874 -0.748295082245671 0.0351062743759441
1604567038.23319 -12.9717322173018 0.604835863312384 10.9076949189894 0.63940781586791 -0.01043558192692 -0.767920632048792 0.0366966825565946
1604567038.53283 -13.6836792387101 0.602012013717231 10.71177335014 0.615020099954038 -0.00915494116276452 -0.787530760449091 0.0382330361246399
1604567038.83247 -14.3987667110493 0.594789168232082 10.4710934395271 0.588575150806604 -0.00998779336270591 -0.807408252041221 0.0396415233368609
1604567039.13232 -15.0853850561015 0.588349388343498 10.1772724493853 0.559440686889047 -0.010921263897481 -0.827826602206156 0.0401243134246985
1604567039.43181 -15.7526312106151 0.578633399424638 9.83070298975472 0.525371490337781 -0.013904917431183 -0.849740016498646 0.0416335774630534
1604567039.7314 -16.3606571345275 0.569421168065885 9.40254554836583 0.487860658238758 -0.0122002732195898 -0.871874947567239 0.0409537212086605
1604567040.03105 -16.9264775164644 0.5498549750638 8.95239530628466 0.447148217270947 -0.0136548855225527 -0.893337826021012 0.0426561190549571
1604567040.33085 -17.4401792434597 0.536537142360004 8.453418522118 0.403052739708034 -0.0152392094625309 -0.91406322602196 0.0424814588159686
1604567040.6309 -17.8675133249953 0.517344295511487 7.91490279645357 0.356161707041909 -0.0155890225855649 -0.933306875657187 0.0429429466017381
1604567040.93082 -18.224375898353 0.495854165675447 7.3441705294473 0.305692279704821 -0.0168935212844699 -0.951004473799675 0.0430967502311272
1604567041.23101 -18.497692503733 0.468997631595368 6.75050973047453 0.249458082359007 -0.0189215321759555 -0.967234064469208 0.0432539627809788
1604567041.53113 -18.691175200618 0.446166771704964 6.13704565675044 0.191199568084994 -0.0197696795328535 -0.980372671471051 0.0438327499478857
1604567041.83147 -18.7906098557524 0.420531436838559 5.51672964382402 0.132482254769901 -0.0193127047711412 -0.989973715741687 0.0450279218497018
1604567042.13198 -18.8138497103399 0.390011418013601 4.90353775140836 0.0751127470657125 -0.0184742147087424 -0.995916107603853 0.0465605544890657
1604567042.43286 -18.8005268129621 0.365386900230595 4.29203401814498 0.021636356419299 -0.0181666362635942 -0.998411866420554 0.048739987673248
