1604566970.41832 -0.00955044265440702 0.0195095612425668 0.371425567742058 0.999997394666338 0.000122408571353775 -0.00227245711090694 -0.00017780708093072
1604566970.71797 -0.0286396827034036 0.0442971707448099 0.76842443442664 0.999982806046457 0.000549881614261136 -0.00582362893862752 -0.000413022576757217
1604566971.01725 -0.0480482361776444 0.0693058122095829 1.17815646987917 0.999938325732828 0.000459067532636644 -0.0109828809767959 -0.00158439675549103
1604566971.31672 -0.0489822184905629 0.0797708052615271 1.60357305441894 0.999842773330989 0.00112211507635176 -0.0176627930042502 -0.0010932606467343
1604566971.61619 -0.0645120319229458 0.106259303225324 2.04304910922298 0.999675356704025 0.00191357043991779 -0.0254031308130925 -0.00044765136449591
1604566971.91583 -0.100708403052402 0.126617282386181 2.50703541260623 0.999449036695553 0.00271890849404299 -0.0330639433589177 -0.00100311240182184
1604566972.21547 -0.13335730299145 0.145792206606721 2.98977338859023 0.999163109878262 0.00410737160082141 -0.0406762388788439 -0.00128567009903988
1604566972.51529 -0.171721068996519 0.163421939664802 3.48226155381798 0.998831847588837 0.00407210113208842 -0.0481460327733095 -0.000563704559854525
1604566972.81495 -0.21330644588014 0.184933757960116 3.99419780613336 0.998428729800925 0.00337739578303743 -0.0559314658823847 0.000579508485102854
1604566973.11474 -0.287667764811557 0.212834106346058 4.50383804154882 0.997989098526813 0.00292786797327558 -0.0633170567088498 0.000370324855571408
1604566973.41439 -0.360928659419074 0.22419486478929 5.03398364776246 0.997488659659781 0.00226721939239175 -0.0707896546367388 0.000241583881304949
1604566973.71437 -0.43564850429501 0.241749494375873 5.54494388798109 0.996771615051715 0.000278481332027196 -0.0802732617910703 0.0015726782142998
1604566974.01419 -0.529264165125152 0.255547601295646 6.02923405605114 0.995811174278518 0.000911289598361238 -0.0913968126637856 0.00242844975392547
1604566974.31417 -0.631013471835018 0.287714102204908 6.51185227671686 0.994181000286887 0.00154091619525159 -0.107587659988015 0.00516329973436538
1604566974.61383 -0.784087166253497 0.308200701682157 6.99832125681087 0.992143481098539 0.00111586428576482 -0.125046494270229 0.00366633758608568
1604566974.91362 -0.937286399027867 0.331616560259029 7.47369330976784 0.989706349100664 0.00136155216022442 -0.143054327812699 0.00386626688255133
1604566975.21343 -1.08676801220934 0.337676482839073 7.9515611145351 0.986720660649316 -0.000112864679573024 -0.162221277552407 0.00815979280419292
1604566975.51325 -1.28997556180517 0.357208458356032 8.41589935648186 0.983167983348744 -0.000302793335679783 -0.182503217913682 0.00855571652819198
1604566975.81309 -1.49163460501139 0.377832316517141 8.87813251649665 0.979358550143976 -0.00190463184108535 -0.20171549336285 0.0128086835709992
1604566976.11323 -1.73571440745276 0.408086148376773 9.33274074943176 0.97495917479203 -0.0026928370905728 -0.22200397701906 0.0127118175320569
1604566976.41322 -2.00099908519267 0.426652027936128 9.78446516446988 0.970171847519141 -0.00377254621310671 -0.242102851329627 0.0117713021552954
1604566976.71338 -2.26172670173855 0.443339109038584 10.210899401778 0.964896217763539 -0.00423398019862178 -0.262251169313559 0.0134791153629196
1604566977.01319 -2.53861905103185 0.457240478087626 10.5964757055546 0.958301610543624 -0.00371554572305286 -0.285353247953391 0.0147560777961741
1604566977.31301 -2.83903169326446 0.471661985656594 10.971584982461 0.950569026406747 -0.00338144487030625 -0.310010530716367 0.0173367445523684
1604566977.61285 -3.16165566408222 0.500326473227935 11.3094752872647 0.941411570678183 -0.00241703161875766 -0.336766120797405 0.0180829321310764
1604566977.91264 -3.51263104407466 0.508973738504259 11.6226515137724 0.930308535190941 -0.00250789472548783 -0.366315730783287 0.0182352733908243
1604566978.21244 -3.84985419655325 0.52724711601756 11.895916529262 0.917931396385813 -0.00126270756637694 -0.396226640678367 0.0201197990926737
1604566978.51227 -4.20859431627963 0.533414654420947 12.1548281304709 0.90427568216068 -0.00191877135307385 -0.426435828081877 0.0208397096298009
1604566978.8119 -4.57201920008456 0.544507295018619 12.3775048823067 0.889349268005167 -0.00209083437042614 -0.456622947520163 0.0234305720866603
1604566979.11157 -4.95844107911905 0.554917591746318 12.5774170062781 0.873642698897431 -0.00234431898786183 -0.485923157582747 0.0249323836908662
1604566979.41119 -5.34493325531214 0.565078458329029 12.7511646057103 0.856856463860841 -0.00191386633431306 -0.514907685187615 0.0257568086198931
1604566979.71102 -5.75811765511539 0.582388552172986 12.8776619844443 0.838991965343497 -0.000841968685009068 -0.543575110619675 0.0248570370840534
1604566980.01082 -6.16918447740799 0.587587013374199 12.9871539942049 0.819987732401147 -0.000352792220030078 -0.57180261285656 0.0257248164169447
1604566980.31064 -6.59477793480421 0.581103013218185 13.0913362296301 0.799849917129131 -0.00264028520989477 -0.599513447660501 0.0285791013986344
1604566980.61045 -7.03394405999006 0.59301826322987 13.1559602810462 0.779334748088913 -0.00499262882804386 -0.625893711617135 0.0294870452352017
1604566980.91027 -7.47182066455343 0.601404187762794 13.1820308617872 0.758758309143761 -0.00370582544567526 -0.650753103289921 0.0281512650089663
1604566981.20994 -7.9211013955502 0.602467808171263 13.1903862879009 0.738600959080632 -0.00367427021598053 -0.673553155278104 0.0279512074598038
1604566981.50972 -8.37419153132662 0.612654622797787 13.1757408275595 0.719101520937182 -0.00285892929285451 -0.694318096765655 0.0284114345440022
1604566981.80971 -8.84610712788596 0.599458432255003 13.1573480783041 0.700419197833308 -0.00406264626421491 -0.713046887711359 0.0309931950115226
1604566982.10988 -9.30743431980434 0.60643056910495 13.109834608148 0.682963287251963 -0.00495465863963719 -0.729760288614364 0.0314089284318482
1604566982.41019 -9.76952771484626 0.605994391822849 13.0409669014025 0.667440659505873 -0.00352808524476771 -0.743993780006511 0.0313651712014109
1604566982.71053 -10.2450387389245 0.607257368905862 12.9712543889283 0.654193363202064 -0.0036592849797376 -0.755543361614083 0.0342327605766977
1604566983.01068 -10.7158797234361 0.619857885374119 12.8713238804689 0.642415440082808 -0.00199591996476374 -0.765605881116436 0.0338534111520766
1604566983.31089 -11.1954884028437 0.606577358848997 12.771926243012 0.631131829383133 -0.00283254680792725 -0.77491521637029 0.0342198488580493
1604566983.6112 -11.6714300285497 0.616524286320835 12.6540639243449 0.621290694900822 -0.00326462812513071 -0.782848614157543 0.0336936484292211
1604566983.91151 -12.1493567148093 0.601384462986151 12.5383476714068 0.613208524978848 -0.00395670433114179 -0.789151908119379 0.0346253562529625
1604566984.21167 -12.6150011247344 0.606214132661359 12.4126733285492 0.606559186014066 -0.00418325637468399 -0.794249393508226 0.035161842100096
1604566984.51183 -13.0862600186506 0.597256836135913 12.2872552532551 0.601031962731786 -0.00497151889241544 -0.798430169417837 0.0352863760973463
1604566984.81199 -13.5487732921076 0.596538081022552 12.1465232931827 0.596869495298065 -0.00419693974978936 -0.801538493806063 0.0355701311000784
1604566985.1118 -14.0185267594643 0.597897153643666 12.0119994313837 0.592335761449304 -0.00462933390086451 -0.804855372237157 0.0363970432438567
1604566985.41162 -14.4867520251491 0.587757286444819 11.8636816127851 0.585615627774819 -0.00464982164605203 -0.809702957481027 0.0376010147608069
1604566985.71126 -14.9427620764873 0.592951110971478 11.7038077632021 0.578233919039831 -0.00534063585683938 -0.814997446296983 0.0373654253271777
1604566986.01092 -15.3928535217598 0.580571972942549 11.5312242535849 0.569891174552045 -0.00483162051764277 -0.820852979160539 0.0374311529896219
1604566986.31038 -15.8528507701378 0.573572386207439 11.354729376347 0.561582445607871 -0.00626390125242993 -0.826472325286801 0.0391077468183821
1604566986.60967 -16.2899166088741 0.571996963384574 11.16043699475 0.552843799922 -0.00633489237291731 -0.832339306316566 0.0391775597362036
1604566986.90896 -16.736038506828 0.558300334841441 10.9647246309688 0.542170406992992 -0.0073030765647658 -0.839268818474486 0.0403207786405912
1604566987.20825 -17.1620817062984 0.558924730813641 10.7501160241428 0.529669004803187 -0.00803437081613546 -0.847180937602415 0.0408736247411884
1604566987.50776 -17.5907460787935 0.548985743371225 10.5126622092835 0.515478892713933 -0.00757287880874833 -0.855907897240663 0.0405688811040099
1604566987.80737 -18.001157256214 0.532794853969101 10.2627965152561 0.496678027185216 -0.00918393097237852 -0.866906424205925 0.0412291692105533
1604566988.10703 -18.3757324383263 0.524705804888446 9.99301215544969 0.471834901263145 -0.0101496990750218 -0.880637791433961 0.0417838468430252
1604566988.40683 -18.7296495513222 0.513158846824189 9.6969584828982 0.445105360795981 -0.0112839135706116 -0.89439482090517 0.0425651902758533
1604566988.70682 -19.0531842264042 0.516263788935313 9.36989109597929 0.418422297175254 -0.00946900729988036 -0.907201561657741 0.0426432368974768
1604566989.00699 -19.374149895828 0.494800495892335 9.0178362609579 0.391536752899991 -0.00839483942918456 -0.919172633357092 0.0418350079105938
1604566989.30747 -19.6681347659733 0.490870797126356 8.67144837227642 0.365089932512107 -0.0084503432278368 -0.929951864183041 0.0427488383482436
1604566989.60817 -19.945831195294 0.461184184531811 8.28917915532136 0.336950281412133 -0.0085007112807311 -0.940559345128413 0.0417176707836916
1604566989.90902 -20.206227992903 0.454618705066594 7.88996909414041 0.307949955167931 -0.0102682499751274 -0.950407682787401 0.0422684829772875
1604566990.21006 -20.4293356202767 0.431150741071897 7.46003076221613 0.278808202915091 -0.00886762235471288 -0.959425047261011 0.041120918633205
1604566990.51106 -20.6399659308926 0.408356030876002 7.03970362343864 0.249337714477117 -0.0112584464893361 -0.967420786359402 0.0424378797977732
1604566990.81208 -20.8180461796296 0.386897468909982 6.6085148070439 0.219536663538128 -0.0115975669039427 -0.97452755573606 0.0443304964505858
1604566991.11312 -20.9818804285832 0.370656241093358 6.1760317679056 0.189515789269071 -0.0135807857977703 -0.980709078451169 0.0459241909922874
1604566991.41399 -21.0681921202526 0.36397799898633 5.73397614575418 0.157650987435995 -0.0106754704348862 -0.986348666719354 0.0463520026795392
1604566991.71484 -21.1132039081461 0.343463577141655 5.33387489389559 0.120284062585993 -0.00711695047170963 -0.991403179070796 0.0509983316600873
1604566992.01532 -21.1560510965226 0.317421792845674 4.91070590345601 0.0834794608570504 -0.00831427402794507 -0.995070852158349 0.0528777046330696
1604566992.31565 -21.1488996903864 0.30567689809874 4.47426040908915 0.0455706129311962 -0.00712463674851345 -0.997558150804945 0.0524432507659109
1604566992.6158 -21.1066493603673 0.277953336212577 4.02686686385568 0.00730838349374277 -0.00595463249229908 -0.998755444878957 0.0489764352237702
1604566992.91596 -21.0232421862554 0.248869189186499 3.64082878581986 0.0343179094067945 0.0047246107239575 0.998160203068923 -0.049761110888533
1604566993.21613 -20.9316651725144 0.224397723038131 3.23391684307077 0.0746784005003208 0.00669548953456208 0.996029136485827 -0.048002772731421
1604566993.51614 -20.7946073841539 0.208598840853809 2.8456012408109 0.115941594907006 0.0059683235345901 0.992109382101581 -0.0473381413938598
1604566993.81595 -20.6196460916591 0.184209862279196 2.47236133597417 0.158680901498055 0.00669778115187139 0.986167570772065 -0.047423976899133
1604566994.11557 -20.4261393812687 0.164946239208272 2.10832814492013 0.201721537819059 0.00822952232164389 0.978368092221569 -0.0451283975452081
1604566994.41505 -20.1817714226445 0.153865153364407 1.76572480736119 0.243857858865067 0.00821787235060811 0.968795808181418 -0.0435946475371268
1604566994.71449 -19.9164151208639 0.137993991870836 1.44884812570314 0.286035045566968 0.00797481354717916 0.957218302372632 -0.0430520227079596
1604566995.01415 -19.6208114458705 0.119461707957026 1.13544368027958 0.326969432495913 0.00790005986590958 0.944115625091223 -0.0409177922916751
1604566995.31378 -19.2970302164022 0.109692952880711 0.871199186933738 0.367564262867138 0.00775543267898587 0.929104164105545 -0.0400227206550847
1604566995.61342 -18.951605350228 0.0990065517807395 0.624482729125553 0.407814898297181 0.00817288180280462 0.912180169835578 -0.0393389182443182
1604566995.91323 -18.5879863887045 0.0816302811233219 0.407277859294172 0.446876432755895 0.00850137580391163 0.893736696136917 -0.0382609256954789
1604566996.21305 -18.2097041588923 0.0709560654284826 0.224151233869713 0.485062572240042 0.00912290857999883 0.873663076825219 -0.0366592654482565
1604566996.51305 -17.8080990625778 0.0688726389701577 0.0779966646223824 0.522013838525137 0.0092428421273161 0.852127753107095 -0.0359779744053968
1604566996.8134 -17.3967275244116 0.059048253243005 -0.0489394996706753 0.555846461911085 0.00945762609477796 0.830483447316146 -0.0352492244378548
1604566997.11389 -16.9653055395441 0.0504604823334054 -0.154028366051289 0.585549867226843 0.00962260692920562 0.809896362746293 -0.0332661996151885
1604566997.41475 -16.515798338512 0.0505642957897424 -0.2165219479202 0.611680651984173 0.00837279761220988 0.790338264496582 -0.0337950280498951
1604566997.71558 -16.0607546304428 0.0397832720664869 -0.277811491211656 0.633926491953209 0.00828944855118553 0.772640576701745 -0.0330911933391594
1604566998.0166 -15.6005953457359 0.0388191146045243 -0.317229268178915 0.65273965863911 0.00753941231907786 0.756848486774214 -0.0324725017385877
1604566998.31781 -15.128847457583 0.0316635580949318 -0.360287195725485 0.668477723805417 0.00742392984967807 0.743000695889814 -0.0321307321542443
1604566998.61883 -14.6541453138747 0.0311536408050628 -0.384606415296668 0.681298241210987 0.00760541628096077 0.731300187047575 -0.0312233981204933
1604566998.91985 -14.1724786589214 0.0288729281165682 -0.389470688295155 0.691843673825872 0.0064450203776925 0.721343902510896 -0.0312052401016644
1604566999.22087 -13.6873898308962 0.0236927099637928 -0.394518722181759 0.699962596429861 0.00550699143146308 0.713475802969424 -0.0312140228371402
1604566999.52158 -13.2077026801414 0.0175014029744282 -0.392887339119318 0.706253763973462 0.00497557493421579 0.707250357915948 -0.0312697258567361
1604566999.82191 -12.7334037649013 0.0156886100171937 -0.387684831242479 0.71161158747942 0.00509665809566677 0.701861595602075 -0.0311973277731556
1604567000.12222 -12.227513571258 0.0159982827919725 -0.382509244811989 0.714884654961348 0.00506220964665274 0.698513042564782 -0.0315251249193275
1604567000.42238 -11.7200728325474 0.0156649173541157 -0.37629771331369 0.716017984615283 0.00387991309429298 0.697347481920226 -0.0317754849116305
1604567000.72254 -11.2167575896828 0.00658150855904382 -0.381198099789057 0.715699572550885 0.00427452950689503 0.697656095258866 -0.0321220017453493
1604567001.02235 -10.7047086841856 0.00300162345293734 -0.391132443588251 0.714624308597105 0.0045800836244265 0.69878835547369 -0.0313999148164235
1604567001.32221 -10.2024703282189 0.00647888584551992 -0.396534842742559 0.712196006607621 0.00423604698708157 0.701233806768209 -0.0320944282305678
1604567001.62128 -9.69207315092458 -0.00237674593425699 -0.414206547594719 0.708466167836787 0.0038910485224129 0.705002379754763 -0.0321277654401235
1604567001.92041 -9.19332730510953 0.000118423238639864 -0.434527403196214 0.703885106815326 0.00461651934718368 0.709554454894659 -0.0325103013187817
1604567002.21937 -8.68000260668705 -0.00920970301624816 -0.459399992506974 0.699000461973345 0.00318474817190994 0.714351004790393 -0.0330280713195264
1604567002.51856 -8.1680900441788 -0.0200606200471927 -0.52010869372204 0.693329718520346 0.00404553277965418 0.719901455354688 -0.0319285085656788
1604567002.8178 -7.64887661889004 -0.014089582368544 -0.57862775827738 0.685447122081093 0.00398443553884999 0.727433845581348 -0.031406486701252
1604567003.11742 -7.137009784668 -0.0236385630474039 -0.651512989784121 0.674267657773214 0.0034869176547022 0.737731155686204 -0.0332221163713633
1604567003.41741 -6.63206014246228 -0.0287901461813679 -0.756984231348442 0.660205145802313 0.00404712397155146 0.750371263410759 -0.0324923574251874
1604567003.71757 -6.12534947909862 -0.0279174387502172 -0.86170919475864 0.644900554500982 0.0019411401949566 0.763463736723818 -0.034966119126594
1604567004.01792 -5.62937866859735 -0.0508097348252758 -1.02243762108274 0.627810604820148 0.0025111514343894 0.777587709465658 -0.0347115640930553
1604567004.31859 -5.1371116902771 -0.0495912661652949 -1.20213083870999 0.610339771443351 0.0040507529766505 0.791390067242298 -0.0342157312508774
1604567004.61929 -4.64870339309819 -0.064243940013562 -1.39510249454156 0.592948420230016 0.0046386638278022 0.804435294346263 -0.0357002934814511
1604567004.92011 -4.16488152354401 -0.0645324390759008 -1.60111348306376 0.574854037465216 0.00296915947683653 0.817375874447438 -0.0378245895315115
1604567005.22115 -3.69289210191923 -0.0862876079137078 -1.8321316652236 0.556705262488415 0.00126133902927034 0.829789011798242 -0.0390877940085431
1604567005.52203 -3.22429439235474 -0.0920178609495452 -2.10004305194448 0.537024530263181 0.00102465892400381 0.842653245675577 -0.039231511850996
1604567005.82362 -2.77129398284871 -0.112770761945203 -2.39024440165595 0.514243888937183 0.000581463512363587 0.856721910564897 -0.0397549059737165
1604567006.1242 -2.34781233536926 -0.126206572963002 -2.72967175688508 0.490968308900072 0.00324558582654333 0.870282136772044 -0.0393521059656357
1604567006.4254 -1.92001611684433 -0.135179705963473 -3.06927987091029 0.467017532459237 0.00024958066727074 0.88331300833629 -0.0406533072340873
1604567006.72659 -1.53620319629047 -0.163737888711036 -3.43359173287224 0.441996939820183 -8.62794522298143e-06 0.896062040532607 -0.0413705768837245
1604567007.02746 -1.15705228541929 -0.17102637357868 -3.81150790234524 0.416457705618951 -0.00117343418824183 0.908173618110992 -0.0422170800742444
1604567007.32833 -0.811671504720988 -0.201833933480775 -4.23351099627274 0.389994802311245 -0.00143116715424586 0.919809539784278 -0.0430397078594259
1604567007.62898 -0.460930755052652 -0.215731630786922 -4.69958817608116 0.360403890028261 0.000556979579594169 0.931735128217469 -0.0444789463883896
1604567007.92965 -0.108360993238557 -0.246689451485372 -5.22087503072364 0.327289485040185 -7.44913576132331e-06 0.943871281127605 -0.0445936945001575
1604567008.23034 0.191957372258345 -0.272220700187888 -5.8022977036601 0.291900548322041 0.000921512126330911 0.955442999571635 -0.0438394260255562
1604567008.53068 0.466929531330509 -0.295528054155628 -6.38346273320976 0.255792636361962 -0.000742898893764837 0.965775947725878 -0.0429696879021936
1604567008.83065 0.660320709310856 -0.331000206621048 -6.96491004007413 0.220415269992163 -0.00078163075485539 0.974438202837297 -0.0434360064792422
1604567009.13046 0.817242178986124 -0.353619607574838 -7.56231073808663 0.185370304086097 0.000692689825005959 0.98172694470114 -0.0430067040308582
1604567009.4301 0.937036659434922 -0.380033873092449 -8.15909410352041 0.151060000726994 0.0011510265024287 0.987536552785685 -0.0441713507889199
1604567009.72974 1.01400332474392 -0.401154845120717 -8.77238332233747 0.115684984031078 0.00190741492829368 0.992285497000065 -0.0445290768077889
1604567010.02921 1.06077322100606 -0.429949309448485 -9.40877469631542 0.0790001579249284 0.000727172286626519 0.995851979455933 -0.0451362524142401
1604567010.32868 1.05539239686418 -0.456515531846674 -10.0698136745 0.0413651932729164 0.000489171172763003 0.998136095363107 -0.0448666538795629
1604567010.62815 0.9997984538651 -0.49739714788424 -10.7274849383592 0.0030086679579504 8.76993706105365e-05 0.99888645575689 -0.0470827859347661
1604567010.92749 0.878771832284324 -0.524093700639013 -11.3989970915664 0.0368634031376137 -0.0010451235720327 -0.998113192048828 0.0490922914919725
1604567011.2271 0.716362779993338 -0.553326938197886 -12.0891851272187 0.0779833747475564 -0.000464884699084414 -0.995710471436375 0.0497899007545884
1604567011.52672 0.472182574716914 -0.59441717498405 -12.7834624850094 0.119992864854076 -0.00114917163538704 -0.991611747661717 0.0480263853307673
1604567011.82672 0.159345209665062 -0.623032893892364 -13.4870819430203 0.163077803116078 -0.00252629890043535 -0.985548548384877 0.0457526690058866
1604567012.1269 -0.208671865837157 -0.658136619970238 -14.1722283427331 0.206316135415081 -0.000536240737203759 -0.977475848991403 0.0444334260641011
1604567012.42703 -0.651772332822039 -0.68959589470687 -14.8189792995479 0.249972749519057 -0.000348739000590222 -0.967272707523187 0.0435547030727471
1604567012.72739 -1.13460703900999 -0.718720119810661 -15.4202677183289 0.293481567532219 -0.000166606956111958 -0.954952216130687 0.0439864373192915
1604567013.02775 -1.66898621446429 -0.748356636248234 -15.9487342137992 0.335150677792018 -0.000423221266792234 -0.941149916319381 0.043711315140723
1604567013.32787 -2.22557883317932 -0.75724001803961 -16.4306447051908 0.373985502494257 -4.92494812339887e-05 -0.926429779394882 0.0431590702976375
1604567013.62838 -2.82836318455843 -0.788654236096226 -16.8575970259172 0.411754144461887 -0.00219992158181068 -0.910386614848725 0.0406189163786196
1604567013.92888 -3.45116136183739 -0.797143071128205 -17.2258938852977 0.449262283568267 -0.00429633863856431 -0.892520604155842 0.0393943294729133
1604567014.22921 -4.06810333433865 -0.797848442753784 -17.560918528385 0.484188074169141 -0.00206880340947836 -0.874225185230912 0.0358880814868809
1604567014.52937 -4.7083488703768 -0.819579463755956 -17.827542169425 0.516576121610835 -0.0007115590201343 -0.855617670279156 0.0326650665289254
1604567014.82953 -5.36883829628119 -0.823545897721627 -18.038519530139 0.547384048283176 -0.00200325059893899 -0.836171525925988 0.0344074105791832
1604567015.12969 -6.0290296681917 -0.820265940132916 -18.1986456062273 0.577003093912006 -0.00291567582497884 -0.816040326398384 0.0337211230844171
1604567015.42985 -6.72388282768713 -0.820680458876752 -18.3429983635162 0.607204405186862 0.000853022577878376 -0.793877553769342 0.0325655077552468
1604567015.73035 -7.44982509966078 -0.830623908829221 -18.4088873416246 0.639648338396978 0.00139804958976351 -0.767979108475595 0.0324982705441399
1604567016.03086 -8.19858089270233 -0.821882929259255 -18.3979886528002 0.67552016866798 -0.000338427539848498 -0.736629203513596 0.0324006746922012
1604567016.33139 -8.94638445444713 -0.804170502820274 -18.3321300551641 0.71382227723145 0.0010413198687132 -0.699810562356713 0.026867247626414
1604567016.63187 -9.6716312689133 -0.819313678436002 -18.1395640896446 0.753856675703994 0.000795462134517694 -0.656621961520122 0.0233897282152729
1604567016.93257 -10.3498262707557 -0.795701530780019 -17.8449676316471 0.794287277004302 -0.00176639680621702 -0.607099186653309 0.0231339360314032
1604567017.23326 -10.9745757424746 -0.765307136813407 -17.4861356378417 0.832735491402534 -0.000702170372872475 -0.553308904338424 0.0200091153017662
1604567017.53376 -11.5263057608757 -0.753453713827858 -17.0348895709159 0.866986323475487 -0.000957137467592187 -0.498001020291939 0.0181323628497354
1604567017.83392 -12.0043464892116 -0.726369449288589 -16.545597588946 0.897589505902374 -0.00140610288636022 -0.440547723099117 0.0157735677888298
1604567018.13408 -12.388023941363 -0.700542938267064 -16.0036570915915 0.924200592728898 -0.000156242762364016 -0.381671900097575 0.0134089769803842
1604567018.43394 -12.6944513927687 -0.676754454272277 -15.4230378351511 0.946542695779959 -0.00135206252634148 -0.322304004328047 0.0132372877372687
1604567018.73351 -12.9392570061855 -0.64915723427009 -14.8345013556015 0.965022787596426 -0.000855301200199353 -0.261981217162281 0.00980457717856594
1604567019.03299 -13.0936377279518 -0.623738817764873 -14.2256292323619 0.97934328771702 -0.00131533359111111 -0.202041426265308 0.00801603230050637
1604567019.33247 -13.1544242953887 -0.59196943610311 -13.6050113048279 0.989735664033784 -0.00228044373488745 -0.142744489167666 0.00649043359399804
1604567019.63194 -13.1690183309505 -0.564935332891833 -13.0181197204579 0.996429388421952 -0.00218431013253609 -0.0843382569419055 0.00328041069095092
1604567019.93139 -13.1168309559332 -0.537037883722228 -12.4406537820784 0.999672989997249 -0.00153366832992646 -0.0254469403892881 -0.00200353593389443
1604567020.23085 -12.9682779024617 -0.515396432531185 -11.906149152206 0.999431148551025 -0.000898333191314645 0.0335327581204425 -0.0034823033027785
1604567020.53072 -12.7727673595529 -0.499067768459959 -11.4002608057154 0.99581780799825 0.000628284865583501 0.0912194905494008 -0.00505005698934624
1604567020.83052 -12.53364079333 -0.479778413030302 -10.9340359614147 0.989086694506008 0.00206013518370986 0.147152294391322 -0.0070334095269538
1604567021.13066 -12.2659830309216 -0.450762605513796 -10.5096791148235 0.979909308646521 0.00336989565390551 0.199150695073288 -0.0102660256674658
1604567021.43099 -11.9531364672736 -0.433916665866219 -10.1125439835772 0.968456889113575 0.00368445601419883 0.248702777079302 -0.0149869071318781
1604567021.73131 -11.5865854920513 -0.429721094397654 -9.76548945502321 0.955686284364527 0.00497287492942122 0.293957090547126 -0.0151071277723164
1604567022.03183 -11.2132998031301 -0.411779541269054 -9.43190123506428 0.942524052438179 0.00529449803484554 0.333748228988727 -0.0152479019199103
1604567022.33214 -10.8157000879658 -0.404430182864747 -9.10441233137818 0.929128940655471 0.00503706375241241 0.369363703901264 -0.0162632673696003
1604567022.63248 -10.3964375849213 -0.394221767329091 -8.8062767586299 0.916439078242429 0.00452896730917105 0.399798840487104 -0.0167269683579182
1604567022.93298 -9.97053091714064 -0.378915448476088 -8.52235314166866 0.905575721998377 0.00434734609999707 0.423808826706057 -0.0173144654852534
1604567023.23331 -9.53196756271441 -0.367261864733637 -8.21620868469277 0.896905533010238 0.00301994678737766 0.441792258256358 -0.0192599408558484
1604567023.53365 -9.08193691944909 -0.36683997525957 -7.95872837840632 0.891216023911004 0.0040983047679662 0.453183336197548 -0.0184950375817469
1604567023.83399 -8.61981735985835 -0.352514869170218 -7.6757804305459 0.886519205278643 0.00387390415285301 0.462348625089605 -0.0173908141410752
1604567024.13398 -8.16721510422793 -0.326509802957359 -7.39026439205783 0.885215815977775 0.00236483116299121 0.464847610225289 -0.0174374878985136
1604567024.43412 -7.72402375747202 -0.321831235950944 -7.07624339938942 0.886483218960351 0.00138223024429864 0.462377195148831 -0.0187862009875952
1604567024.73411 -7.26063986383013 -0.304045328482319 -6.77131001475748 0.889668815227771 0.000940197428772464 0.456267322444827 -0.0175683154866098
1604567025.03411 -6.80297677184482 -0.30112884847104 -6.4441483388947 0.893262710812093 -2.66567644643246e-05 0.449209559599438 -0.0171026409225915
1604567025.33443 -6.35578608276457 -0.281583999241606 -6.12954555543718 0.896767906225098 0.00192357894918001 0.442255720604571 -0.0146116323938486
1604567025.6346 -5.93697655128074 -0.253776548978121 -5.77492082288689 0.9000018768923 0.00242907746567195 0.435551058741837 -0.0169114281439439
1604567025.93476 -5.50745444365953 -0.246535909435884 -5.42654669791683 0.904215750738022 0.00165565424597642 0.42671768899369 -0.017411169581006
1604567026.23496 -5.07706486814737 -0.22750934101319 -5.06515187851197 0.909646834558512 0.00349947468658752 0.415014010549712 -0.0171394603777722
1604567026.53492 -4.6464918916084 -0.213520303513882 -4.67248387915263 0.915943258467262 0.00495503135802447 0.400883926400769 -0.0177615451500905
1604567026.83506 -4.19076745262204 -0.200512214659121 -4.23458391494101 0.922986676588988 0.00560902099970801 0.384551434385086 -0.0135767461128728
1604567027.13505 -3.74597389080724 -0.171243730105758 -3.75991417952725 0.930736616958929 0.00447468908423376 0.365437845341625 -0.0128260750628663
1604567027.43504 -3.30647727466587 -0.154022715504691 -3.22414976466814 0.938778441904903 0.00237721034446651 0.344279171565926 -0.0126979491044672
1604567027.73472 -2.88744172107691 -0.132297232117234 -2.67042398294429 0.947355444787722 -0.0001330177425655 0.320010276850723 -0.0105387972397382
1604567028.03415 -2.51208696083874 -0.108071472154096 -2.08463128867872 0.956512269818417 -0.00038209312726491 0.291499391386154 -0.0105941735479003
1604567028.33382 -2.15455011910099 -0.0885875543449663 -1.49380108162879 0.964396052538817 -0.000236925244658615 0.264364404006428 -0.00718746188175086
1604567028.63345 -1.84641669203279 -0.0395685514497177 -0.878300338783346 0.971421556875646 -0.000975916463607338 0.237267051147062 -0.00659945939679107
1604567028.93307 -1.6018845986061 -0.013358372545903 -0.250984358608512 0.978025429487595 -0.00101963873636479 0.208295692328674 -0.00883878779992184
1604567029.23288 -1.36144169569799 0.00698635084888793 0.373237706711204 0.983777687775213 -0.000997826754030153 0.179279088263049 -0.00628282492146014
1604567029.53287 -1.18627270471575 0.042952280947145 0.997908736141175 0.988774066581911 0.000111244588218443 0.14932319844282 -0.00533059907690733
1604567029.83268 -1.05175131546099 0.0742553653958019 1.62614890161263 0.993217536613418 0.000375883267736807 0.116189403909353 -0.0043365994202436
1604567030.13233 -0.968845387452052 0.0951198549578145 2.25353611005232 0.996706737426698 0.00171892900770306 0.0810129992447953 -0.00310141978074648
1604567030.43237 -0.929520152938372 0.131193150328035 2.86183910065578 0.999010642794064 0.00360960504986933 0.044292145154858 -0.00170652077504916
1604567030.7323 -0.948439462627507 0.147689628061624 3.46361152123879 0.999965708889025 0.00425627365454364 0.00667219254278942 -0.00243865276719777
1604567031.03231 -0.991528746944507 0.168973592290347 4.08135795669067 0.999479035195871 0.00495906848627245 -0.0318179188847141 0.0021646897065389
1604567031.33264 -1.10601226997308 0.206142263601355 4.71109156582369 0.997405547307368 0.00285572189228684 -0.0718369827776466 0.00366973546287038
1604567031.63278 -1.27288840951764 0.226360216731785 5.31188366218376 0.993767030397888 0.00267195006536803 -0.111403501932722 0.00303475437843193
1604567031.93294 -1.46761714596163 0.23345630833335 5.9154057586341 0.988538201970236 0.000997243181552436 -0.150750808342919 0.00808841983622812
1604567032.23312 -1.71566150410307 0.269725102434408 6.5075114980051 0.981517341248088 -5.69491431221955e-05 -0.191032604323248 0.0114126978211227
1604567032.53326 -2.02853026763625 0.29085017123967 7.05578144043219 0.972529594298458 -0.000137285895345519 -0.232455020516412 0.012281400692639
1604567032.83359 -2.3849905161096 0.324043748042852 7.59369391455687 0.961400689770992 -0.000363632974320665 -0.274697609106065 0.0158052216160499
1604567033.13376 -2.8109304483425 0.3439972271943 8.08642075774153 0.948566488108212 -0.00178428202742584 -0.316179915894754 0.0157700589880526
1604567033.43412 -3.25254517288143 0.37123089309378 8.55272739041028 0.934078522410932 -0.00182430474852224 -0.356610189888851 0.0179766056371171
1604567033.73424 -3.73222713551695 0.386024534020643 8.98258521371591 0.918524696808193 -0.00476964385629855 -0.394797986439363 0.0205956731942682
1604567034.03441 -4.23161592072355 0.407575738624318 9.36800357968154 0.903266539541634 -0.00510772870120406 -0.428520216175798 0.021304787739963
1604567034.33491 -4.77198739072245 0.428001997467044 9.70435624471362 0.88877110755767 -0.00240638112145477 -0.457917146746672 0.019799353928776
1604567034.63561 -5.30027337467805 0.442150560087908 10.0447518657469 0.876921441116763 -0.00346344032002432 -0.480089825335526 0.0225953601465824
1604567034.93592 -5.84034251961084 0.460383247555393 10.3367905577809 0.86293187699673 -0.00234782137880775 -0.504740012865512 0.0240952860575659
1604567035.23612 -6.40572240952179 0.468639631103901 10.6014816729605 0.846410505343327 -0.00370320841341676 -0.531898967674179 0.0256715967373165
1604567035.53625 -6.9942028972766 0.487834887387049 10.8076985896674 0.829596229146532 -0.00405425222541563 -0.557770042514265 0.0254212371528923
1604567035.83606 -7.5859750881261 0.499285599704305 10.9600951589515 0.810833493285272 -0.00232743252519571 -0.584785186197981 0.0238728973531885
1604567036.1359 -8.16477175927747 0.489782740369001 11.1075295532542 0.791357741562175 -0.00327371670296041 -0.610679645347748 0.0285057609354784
1604567036.43572 -8.78987833187987 0.514001626969832 11.2227096765935 0.771374289137099 -0.00495824758946324 -0.635582550470924 0.0314951325755477
1604567036.7355 -9.43399894756959 0.520910322240048 11.2776787953881 0.750319804626161 -0.00320637379069098 -0.660341820091435 0.0309611141790004
1604567037.03536 -10.1072085017004 0.519979443973401 11.3028222496223 0.728834919595612 -0.00354683802867238 -0.683927459349098 0.0320984464786799
1604567037.33478 -10.7982242735489 0.523459315885486 11.2934580021218 0.706563114237855 -0.00368431793645074 -0.706861258242372 0.0331986896707806
1604567037.63432 -11.5038960305154 0.528672243203287 11.2263103649402 0.684593157386765 -0.00427651621397906 -0.728160440652435 0.0331103146639082
1604567037.93373 -12.225886126481 0.517367235294716 11.1447147205448 0.662355117879769 -0.00571694727560055 -0.748354839452186 0.0349005530159324
1604567038.23319 -12.9362610638787 0.524825586144282 10.9937285466898 0.63940781586791 -0.00565225385614476 -0.767980784080523 0.0364857823876693
1604567038.53283 -13.6503471865676 0.517975052192124 10.8012932691304 0.615020099954038 -0.00425009711428782 -0.787582898166639 0.0380183093059431
1604567038.83247 -14.3673985675781 0.506556955724815 10.5638555212925 0.588575150806604 -0.00495958379667723 -0.807465601295734 0.0394207699780878
1604567039.13232 -15.0562255791634 0.496007048524571 10.2736483623368 0.559440686889047 -0.00576536046815729 -0.82788953647398 0.0398972914955648
1604567039.43181 -15.7260206345244 0.482350567137191 9.9305518230903 0.525371490337781 -0.00861292746252541 -0.849821648522613 0.0413978299321766
1604567039.7314 -16.3379795977637 0.469582675799078 9.50714720691543 0.487860658238758 -0.00676869823800569 -0.87194526195386 0.0407139168248881
1604567040.03105 -16.9078892055909 0.44687562210003 9.06062307414572 0.447148217270947 -0.00809027713599185 -0.89341730166897 0.0424092476449894
1604567040.33085 -17.4261139096914 0.430523362398682 8.56556123285402 0.403052739708034 -0.00954430523018486 -0.914152189998355 0.0422275830794695
1604567040.6309 -17.8589334514298 0.408978538645163 8.03059668751894 0.356161707041909 -0.00977378814495499 -0.933397778820101 0.0426836970750245
1604567040.93082 -18.2217024017881 0.385521257970934 7.4629838223173 0.305692279704821 -0.0109673319128354 -0.95110325649845 0.0428315682368463
1604567041.23101 -18.5017091253877 0.357231391341369 6.87193897523637 0.249458082359007 -0.012893590995595 -0.967345297693265 0.0429825021111444
1604567041.53113 -18.7026794524116 0.333547066110719 6.26021355409095 0.191199568084994 -0.0136598359126956 -0.980489123484278 0.0435570060493387
1604567041.83147 -18.810085485371 0.307712883341704 5.64055926524788 0.132482254769901 -0.0131438097018072 -0.99008742949759 0.0447501328317619
1604567042.13198 -18.8411385428758 0.277469196046491 5.02694231243306 0.0751127470657125 -0.0122695799017483 -0.996024850907038 0.0462820592982845
1604567042.43286 -18.8348187146759 0.253398782318069 4.41393678591769 0.021636356419299 -0.0119485354752972 -0.998519212388527 0.0484611501296375
