1604566970.19348 5.55111512312578e-17 0 0 1 0 0 0
1604566970.32924 0.000112204805091387 0.124080421399705 0.000586046805768015 0.99999977933356 0.000125751849143945 1.71084155311906e-05 0.000652094015762167
1604566970.46305 0.000916800092604197 0.293619754597257 0.00140645652465612 0.999998804567669 -3.37174676582103e-05 5.36332625739424e-05 0.00154494331214226
1604566970.5959 -0.00440647736066774 0.465065390621342 0.00217092994821352 0.999996440991051 0.000124155205317477 -0.000382525612118712 0.00263747319858912
1604566970.72968 -0.00572170500608243 0.638882324359715 0.000654660849105398 0.999990734321994 0.000562887576932563 -0.000614548662088652 0.00422335857786619
1604566970.86311 -0.0103212341219168 0.816100958269749 0.00122463110097859 0.999983064570888 0.000612693937090853 -0.00085062919751537 0.00572464911787187
1604566970.99589 -0.0172828230505674 0.996940631944905 0.000221336078628925 0.999968571796693 0.000565584268737748 -0.00143674392578531 0.00777632948178019
1604566971.13183 -0.02392385953101 1.1816233773034 0.00365448898492135 0.999946387740576 0.000457205618392499 -0.00214504714264121 0.0101198508067891
1604566971.27053 -0.0356931689786905 1.36999430157549 0.00406930507953035 0.999914770530115 0.000661064774996287 -0.00286050986189003 0.0127213266761105
1604566971.40784 -0.0402968358839164 1.5622165186326 0.00324666002703949 0.9998686711077 0.000905519407081268 -0.00275900239358325 0.0159439166366818
1604566971.54534 -0.0452357762275125 1.76054086533078 0.00396035702744277 0.999817097958399 0.00128437220441777 -0.00193079965024459 0.0189840204065406
1604566971.68376 -0.0553692852261607 1.95890469733481 0.00152617694886273 0.999747478041054 0.00195391922036639 -0.00174319910967099 0.0223186829158264
1604566971.82176 -0.065751227177788 2.16183293388267 0.0074389426643367 0.999654897228671 0.00195881205344159 -0.00192106369461841 0.0261258304433851
1604566971.95871 -0.0840648789666537 2.41979665568391 0.0100701184227307 0.999531544485301 0.00240805917203118 -0.00247491386776312 0.0304099922920044
1604566972.10359 -0.100712039229864 2.62715357943633 0.0137927688306887 0.999419546170859 0.00268040947926524 -0.00304933079543415 0.0338243657495143
1604566972.24085 -0.115494918023388 2.83958230744374 0.00851519970772419 0.999286666506267 0.00345285031913069 -0.00328137955540467 0.0374628951854867
1604566972.37821 -0.136597988878604 3.05312830829947 0.0104646595912141 0.99915988878871 0.00422893703365155 -0.00375486901096897 0.0405898224436765
1604566972.52336 -0.155174617232085 3.2668721526206 0.0102661113939652 0.999005900714562 0.00469641914383772 -0.00340189380829356 0.0441993337419189
1604566972.66076 -0.173889499432698 3.48820956170771 0.0116371523047707 0.998852692418333 0.00439190279155601 -0.00321660791496958 0.0475779725507241
1604566972.80562 -0.204339051603398 3.76872921149466 0.0122696686710786 0.998655190067501 0.0037753231748475 -0.00284713023984473 0.051628016963338
1604566972.94239 -0.228932897215747 3.99694342601787 0.0118471699492633 0.998452954417544 0.0033110076344878 -0.0026551346140839 0.0554408270456339
1604566973.08816 -0.255343710205158 4.22703532516118 0.0137449285199693 0.998277614255989 0.00325045649707525 -0.00224407731469084 0.0585337810579215
1604566973.2285 -0.284388033125792 4.45321456270793 0.0148971462010964 0.998085560013906 0.00326976254390483 -0.00223048081939601 0.0617215399998129
1604566973.36554 -0.329257257035826 4.73772414283566 0.0215086517098261 0.997793256022567 0.00215695648750765 -0.00387388353838318 0.0662492173608626
1604566973.50469 -0.362247305279378 4.9684537776906 0.0231922006646047 0.997561073261353 0.00181431146684396 -0.0041496484772729 0.0696519476043122
1604566973.63746 -0.393935100191369 5.19442864460167 0.0280217504630655 0.997362966893518 0.00149088907756906 -0.00318974056353203 0.0724894135322913
1604566973.7745 -0.425674711130034 5.41869153037613 0.034570572850007 0.997035975189474 0.000369035231016792 -0.00185802132181898 0.076913430216976
1604566973.91146 -0.465128442656352 5.64779656956308 0.0375685026103031 0.996675783581139 -0.000828320263264487 -0.00271832804008839 0.0814205563793918
1604566974.04356 -0.509945834982863 5.87209887977152 0.0384475000487924 0.996306709990623 -0.000885247247900301 -0.00307818223473937 0.0858060648153741
1604566974.1773 -0.549070962797555 6.09679197240613 0.0339127154186861 0.995809423723954 -0.000431082617634143 -0.00215301572042227 0.0914263108391202
1604566974.3098 -0.588464257317239 6.32048815718311 0.0368737656217928 0.995169832892689 -0.000248306150333361 -0.000288796816495585 0.0981675029772642
1604566974.44152 -0.636440228851745 6.54193169609194 0.0354229073291737 0.99440520814553 -5.04240405662232e-05 0.000604069872250013 0.105631030336972
1604566974.57781 -0.690488731836448 6.76077140526017 0.038952335683938 0.993535063037323 -0.000387537743742874 -0.000457791001364342 0.113524088885654
1604566974.71282 -0.752258257569379 6.9803368121623 0.0417345747480624 0.992629983336473 -0.000815176900349938 -0.00164429563547672 0.121170738876669
1604566974.84513 -0.814368254039884 7.2003563797195 0.0394600643644217 0.991634641312661 -0.000535825638120759 -0.0024861802645036 0.129051423654633
1604566974.97678 -0.882103321862086 7.41469669313289 0.0384940638869087 0.990562982730171 -1.84348782535929e-05 -0.00309937919815696 0.137023248952319
1604566975.10918 -0.950396460854387 7.62954229176568 0.0386033675380837 0.989431960578556 -0.000876392473628218 -0.00273366213055035 0.144969494767909
1604566975.2415 -1.01692903965898 7.85183624758201 0.0403430413893703 0.988197543913964 -0.00181589559965442 -0.000603466707805012 0.153172949810053
1604566975.3739 -1.08569122534046 8.06668652592597 0.043149220128439 0.986754022085496 -0.0027356735870688 0.00100814010903401 0.162197409478824
1604566975.51361 -1.16499427856631 8.28055807989319 0.042254638072738 0.98528622807507 -0.00291660036241224 0.000481812776584125 0.170886834087287
1604566975.64594 -1.24934114577065 8.48818709035551 0.0426521278100749 0.983648804950648 -0.00326211370070485 0.000281672540573467 0.180067508990228
1604566975.77782 -1.3349382183234 8.6988614391292 0.0394957811403005 0.981975264919843 -0.00347456704385189 0.00134696966353246 0.188972728567346
1604566975.91247 -1.42090545782375 8.90681842398732 0.0379376038839827 0.980341684602524 -0.00401737162806088 0.00297676603357839 0.1972439632026
1604566976.04456 -1.51261575004752 9.11890498473936 0.0368263637011586 0.97849389555887 -0.00594189689889965 0.00421117319397791 0.206147171301478
1604566976.17675 -1.61286303178402 9.3297228058631 0.0356660269466627 0.976527370998202 -0.00656045264147453 0.00366680332557152 0.215262185963651
1604566976.30899 -1.71933418136618 9.53175585234485 0.0332111956578844 0.974557369059429 -0.00634884334348657 0.00260222445732666 0.224033156090872
1604566976.44076 -1.83195416953357 9.73198627788218 0.0339053745076428 0.972485897195426 -0.00705791448534827 0.000859241537747964 0.232853231249008
1604566976.57253 -1.94473847198939 9.93633793337195 0.0328867095797366 0.970312151080771 -0.00792787609328195 0.000543678449753516 0.241725428243285
1604566976.70458 -2.05689666601684 10.1373560933071 0.0314721413620749 0.968124036241885 -0.00789826752219764 0.00126582472624321 0.25034349503958
1604566976.8364 -2.17123758403081 10.3297424187377 0.0313745439947062 0.965716747194574 -0.00836091430598318 0.00173660290348729 0.259457594820917
1604566976.96931 -2.29458307798208 10.5192335987855 0.032414763573478 0.963090911223326 -0.00883031698884436 0.000959321638379821 0.269029741706925
1604566977.10183 -2.41739815055239 10.7051508970036 0.0306854090838806 0.960118579638146 -0.00871872526352035 0.00120815591569775 0.279454535162148
1604566977.23354 -2.54109731974606 10.8869211249919 0.0262922040380578 0.956949075505025 -0.00860630740760612 0.00207008828737333 0.290120859466129
1604566977.36676 -2.6687588480893 11.0650202891847 0.0255333923928072 0.953673015367963 -0.00893061619715038 0.00287251410508943 0.300698806974742
1604566977.49881 -2.80041454950697 11.2373644219636 0.0214321035719186 0.949985648015518 -0.00852190356017648 0.00347004892553045 0.312157980011247
1604566977.63105 -2.93628870129952 11.4034791669203 0.0149684376069896 0.94607014912903 -0.00791106322021047 0.00389295252962779 0.323841833193773
1604566977.76399 -3.07990477990569 11.5625596541521 0.0119712150377465 0.941944817513375 -0.00756132678830545 0.00292452827196043 0.335669829194227
1604566977.89605 -3.22771551184538 11.7168313739724 0.0117347344009177 0.937328504603623 -0.00783831982829559 0.00175937220209644 0.348354330831783
1604566978.02791 -3.37484749734714 11.8695694096203 0.0103224210949958 0.932303043117701 -0.00815782957225348 0.00115504834394024 0.361584224591543
1604566978.15971 -3.52436266263525 12.0147048962726 0.00903255780357123 0.927186769738785 -0.00805925397602093 0.0015096463022354 0.374509630603473
1604566978.30453 -3.67700398463646 12.1530497725378 0.00372105233167769 0.921713152130472 -0.00738952812083005 0.00185572638262717 0.387797390841472
1604566978.45562 -3.8313874742001 12.2844724540216 -0.00038216982440778 0.915769296801255 -0.00706666812600176 0.00165512345565807 0.401639039193252
1604566978.58883 -3.98986932757893 12.415126569402 -0.00291296413101008 0.909681037314037 -0.00763738603805452 0.00145899219912002 0.415234815529149
1604566978.72307 -4.19249069794917 12.5684444122317 -0.00254770983376415 0.902005182825845 -0.008547475306481 0.00124905768515533 0.431638773369698
1604566978.85654 -4.35358605020572 12.6854417140366 -0.00472453220064992 0.895324570374071 -0.00875785678461195 0.00211735989591128 0.445323175251521
1604566978.99063 -4.51936350112089 12.7965080290109 -0.00868173219186832 0.888576986208973 -0.00882867642857683 0.00249432678024957 0.458635773120907
1604566979.12436 -4.68967146224244 12.9016045390089 -0.011508013377409 0.881700610232255 -0.00911949914611072 0.0022702113472567 0.471715713954742
1604566979.2582 -4.86257035224709 13.0021140592484 -0.0124271268381679 0.874627854353162 -0.00936247022934324 0.00233175065402157 0.484698899812736
1604566979.39202 -5.03544175354132 13.0953231843075 -0.0149974845324704 0.8672980750917 -0.00923992868797681 0.00250899699640382 0.497697074126566
1604566979.52587 -5.21290937259603 13.1841159857661 -0.0180677133297978 0.859778674620131 -0.00905588096884457 0.00210331762330336 0.510582214480003
1604566979.66013 -5.39337780842194 13.2631647400779 -0.0191808549735093 0.85228537067892 -0.00866897082238088 0.00115043164920512 0.52300398887446
1604566979.79384 -5.5754986865428 13.3357217101421 -0.0222039403630306 0.844399137492473 -0.00815504018102438 2.29913354061108e-05 0.53565249125997
1604566979.92801 -5.76044232751032 13.4038293488711 -0.0254350641282015 0.836133037273293 -0.00795416005884278 -0.00143886353149894 0.548467141212337
1604566980.06158 -5.94772902229207 13.4693076620639 -0.0288568394733759 0.827874194540016 -0.00771527086488331 -0.00189317464659364 0.560857565251605
1604566980.19521 -6.13589315160315 13.5321519923233 -0.0332224426428043 0.819144552915297 -0.00797493104456135 -0.00156272604896011 0.573529563136312
1604566980.32949 -6.32706344182111 13.5953351501769 -0.0374038936156443 0.810106977654599 -0.00902724750407259 -0.000600047285546709 0.586212276825627
1604566980.46381 -6.52251339203786 13.6523285538085 -0.0417360622779221 0.801281383777327 -0.0105264294277885 0.000106115688768958 0.598195057681735
1604566980.60139 -6.7178927128684 13.7015054771833 -0.0424940428793395 0.79208760712338 -0.0122348528748323 0.000230917881466909 0.610284751319924
1604566980.74493 -6.92002987603252 13.7448804675016 -0.0427365668849092 0.782948861154126 -0.0133495833937374 -0.000297932043506383 0.621942747105526
1604566980.87886 -7.1173453012461 13.7717551277159 -0.0438094198431464 0.773998181956999 -0.0128130768726865 -0.0013020203290986 0.633056825357232
1604566981.01356 -7.31856405005277 13.7941688670588 -0.0473356495645015 0.764780399593199 -0.0123845023037992 -0.00274174088745999 0.644166164399885
1604566981.14798 -7.52169787634057 13.813033610707 -0.0499523511987968 0.755701382035414 -0.0118837515688173 -0.00405614854010067 0.654795956995335
1604566981.28186 -7.72748645214967 13.8279184639409 -0.0552257233904746 0.746922746915355 -0.0118459920167299 -0.0048582351414886 0.664787545133684
1604566981.41773 -7.93638393591464 13.8405359282055 -0.0597546496364497 0.737812444623247 -0.012450645295926 -0.00529702789106753 0.674870150092819
1604566981.55378 -8.20054852460582 13.8510418917343 -0.0646726517012404 0.726628355440581 -0.0122857565435786 -0.00566448012194091 0.686897522866997
1604566981.68816 -8.41010002849129 13.8490122220217 -0.0711537607071854 0.71841671543635 -0.0115701963850189 -0.00592087122446969 0.695491550503097
1604566981.82488 -8.62116348157524 13.8479443584136 -0.0749391327581486 0.70999833001297 -0.0121003914575275 -0.00548764276944866 0.704078005395853
1604566981.95911 -8.83720356903456 13.8491524999251 -0.0812744467433328 0.701756310136472 -0.0131055751901934 -0.00430346871971489 0.712283514648175
1604566982.09355 -9.05008770848639 13.8421298270868 -0.0868002190004234 0.693864896229646 -0.0142828867692911 -0.00342887407122581 0.719955378998145
1604566982.22755 -9.26396327955138 13.8258691631486 -0.0894360885909616 0.686108358252868 -0.0143388153567582 -0.00423404313980414 0.727345716965742
1604566982.36174 -9.47383144840753 13.8016281970234 -0.0911505188007703 0.678669622207727 -0.0138072836822772 -0.00507575821509436 0.734296356717286
1604566982.50724 -9.68620961400642 13.7753591944646 -0.098928401719115 0.671695935745058 -0.0128732911028923 -0.00548440314437189 0.740694788426313
1604566982.64604 -9.89907615614105 13.7509553261843 -0.10379295579322 0.665257299939533 -0.0126728316687691 -0.00489483029378313 0.74649056581517
1604566982.78003 -10.114059654593 13.7256204870485 -0.111036925361706 0.659300915519384 -0.0128534328254563 -0.00356294739654766 0.751760864547864
1604566982.9148 -10.3261827385432 13.6935971642873 -0.116303099234392 0.653630255473729 -0.0130117262587339 -0.00271249862464934 0.756697314955146
1604566983.04905 -10.5445628574938 13.6549669951235 -0.124123253234135 0.648151796166061 -0.0123926238751109 -0.00269143179314608 0.761405560916849
1604566983.18786 -10.8070304847775 13.5963877332827 -0.130787409304944 0.641861384521421 -0.0110869049929199 -0.00373899421253398 0.766731415503631
1604566983.32319 -11.0228600762691 13.550683409717 -0.133711187664293 0.636479698946266 -0.011055138276681 -0.00463038978983287 0.771200321730579
1604566983.45765 -11.2399462815348 13.5105703753941 -0.138557430558222 0.631687363338839 -0.0121932541252001 -0.00408811724759482 0.775116563394973
1604566983.59228 -11.4542677687206 13.4659890273211 -0.141807992548473 0.62717170186418 -0.0129451735236413 -0.00395996330922439 0.778763377126724
1604566983.72891 -11.666160295272 13.4144285816906 -0.146944005674102 0.622864723391096 -0.0128081498985748 -0.00460891637591705 0.782211125937843
1604566983.86412 -11.8774121784919 13.358013186303 -0.150578482271988 0.618891160292055 -0.0126364632222643 -0.00558836254026467 0.785355220084329
1604566983.99972 -12.0899580282192 13.308016686686 -0.151187005207115 0.615252020086259 -0.0132969130799618 -0.00538305088934223 0.788199953467041
1604566984.14634 -12.3023951680507 13.2586499218695 -0.157663943754121 0.611859930620191 -0.0138639856694629 -0.00405841953172583 0.790834207930914
1604566984.28133 -12.5104362038859 13.2048946374014 -0.163837855382103 0.608762932586294 -0.0139337893856097 -0.00354188405279773 0.793221908723939
1604566984.41657 -12.7203853873579 13.1438253172935 -0.168690900596993 0.606074338691596 -0.0139721706593707 -0.0041642950986045 0.795274375969037
1604566984.55123 -12.9858661572996 13.0692763625726 -0.170138153025116 0.602801916100208 -0.0144057464185936 -0.00444825662977963 0.797748417377933
1604566984.68631 -13.1994760550191 13.0101776215953 -0.174663106237538 0.600473386609403 -0.0147689560858516 -0.004286008912627 0.799496854301234
1604566984.82179 -13.4097036266844 12.9468261792993 -0.181838443514016 0.59869856867502 -0.0140870537707705 -0.00408635603772606 0.800840109183396
1604566984.95658 -13.6167330443492 12.8806466629216 -0.186770987117277 0.596812586226974 -0.0139875921309167 -0.00407232280499507 0.802248403161029
1604566985.09197 -13.82977057826 12.8198296229195 -0.190200358220692 0.594645453036183 -0.01449255602593 -0.00379078413501514 0.803848481343884
1604566985.22705 -14.0401447913122 12.7542336371624 -0.195315589493705 0.592823710488629 -0.0146672633561966 -0.00349487361513857 0.805191098762616
1604566985.36222 -14.2436796161887 12.68351696717 -0.197748659115788 0.590311988414254 -0.0142362885172589 -0.00317227823041412 0.807043382399293
1604566985.49695 -14.451404516309 12.6180225980633 -0.205629739302451 0.587188127153292 -0.0142341024991011 -0.00267549035014385 0.809320910027439
1604566985.6321 -14.6600428776577 12.5500123984276 -0.210559952990131 0.584268482555042 -0.015264922482118 -0.00239921844726532 0.811413314030085
1604566985.76986 -14.8666295836188 12.4798067257339 -0.209757367346822 0.580840461090478 -0.0158840951466683 -0.00282802423076967 0.813857516129527
1604566985.90447 -15.0723528230383 12.4035477023871 -0.214041411792583 0.57758126624595 -0.0154678283129189 -0.00311559898993191 0.81618069090854
1604566986.0388 -15.2733551439259 12.3234998761081 -0.218530656781696 0.57410892206202 -0.0148121509285153 -0.00344405617270588 0.818637700250077
1604566986.17483 -15.478859714623 12.2482247112873 -0.224850476780066 0.570133407462802 -0.0150530061751156 -0.0035057526250433 0.821406728970781
1604566986.31524 -15.6838449338811 12.1740955425562 -0.227227002182949 0.566531323692659 -0.0159696620110607 -0.00293339998175292 0.823880224507691
1604566986.4496 -15.8842298323248 12.0968860003226 -0.230358173827424 0.56291194570422 -0.0166618967971142 -0.00218399909597518 0.826346024814399
1604566986.58362 -16.1361460739586 11.9961794979542 -0.239336523641421 0.557793538448875 -0.0170008807916527 -0.00149715931064739 0.829804252237231
1604566986.72056 -16.3372177114836 11.9091128408903 -0.244928355212261 0.553995745789615 -0.0167949042147297 -0.00195529680188829 0.832347776866043
1604566986.85857 -16.5322697753784 11.8192396719903 -0.242945349426881 0.549870662503532 -0.0167566845992904 -0.00231788042186241 0.835078496591498
1604566986.9948 -16.7306851942547 11.7327956632019 -0.249470711945443 0.544996133709918 -0.0174491311577125 -0.00162270546369371 0.838255395980282
1604566987.13099 -16.9301471334471 11.6427538349676 -0.254838339795095 0.540106033538299 -0.0185784726229659 -0.0012655844314044 0.841390938379164
1604566987.27145 -17.127363045272 11.5471161889114 -0.259783414243334 0.534564280355105 -0.0190406869755144 -0.000983274444532595 0.844912726605119
1604566987.40979 -17.3261281096279 11.4479883180082 -0.264104348281323 0.528719563002954 -0.0189051967617684 -0.00133143999970544 0.848584965988021
1604566987.5457 -17.5187489691794 11.3394641914339 -0.266531158149554 0.522970227116118 -0.0185336073262174 -0.00183401017808329 0.852147453998579
1604566987.68087 -17.7124749062396 11.2307381198947 -0.27089640649054 0.516314280843689 -0.0185511143648805 -0.00209437617963505 0.856195674563416
1604566987.81979 -17.9549072295984 11.0919102602794 -0.278213851569983 0.50661870640217 -0.0194348716039726 -0.00227457853187826 0.861948141352849
1604566987.95515 -18.1410514597545 10.9789347317008 -0.279407113841701 0.497856716239748 -0.0205514533978201 -0.00216477774581562 0.867013057338541
1604566988.09033 -18.3192568754287 10.8600672760122 -0.27928817282816 0.487602619723535 -0.021029390956171 -0.00207965742260637 0.872809901971651
1604566988.22545 -18.497777520189 10.7382801741884 -0.287039126751713 0.476166382533704 -0.0215899766581731 -0.00218570658169886 0.879087408475065
1604566988.36713 -18.6692193165704 10.6129691732188 -0.287780857371288 0.464888971404562 -0.0224057184494251 -0.002694939406904 0.88508133261795
1604566988.50818 -18.8408694302685 10.4826489555898 -0.292897418995369 0.452891330890359 -0.0230037379118836 -0.00265800380381416 0.891264946838043
1604566988.6533 -19.0086946728078 10.3509902572557 -0.300199241756209 0.440820713435215 -0.0230280396789357 -0.00199092165753652 0.897297522690198
1604566988.79113 -19.2011858370412 10.1733507727034 -0.306364855309344 0.42637904375712 -0.0217149804184997 -0.00218582203133293 0.904281257603096
1604566988.93213 -19.3546734458416 10.0265713757252 -0.312497449363457 0.414168020519262 -0.020769936887374 -0.00314476648932766 0.909958005044507
1604566989.07296 -19.5035694782841 9.87922388711163 -0.311220371106695 0.402350711346 -0.0203410366322365 -0.00424002237755738 0.915249785314551
1604566989.21073 -19.6492700673763 9.7274187891772 -0.31514176921898 0.390744550837023 -0.0202273014955013 -0.00439994575710293 0.920266370537747
1604566989.35254 -19.7890729499462 9.57773477316038 -0.31944035332102 0.379050210088351 -0.0205801438484281 -0.00380121946464341 0.925139420110145
1604566989.49451 -19.9613054333291 9.37603835731771 -0.32929151104628 0.364606293210828 -0.0201733912422709 -0.00418044714597468 0.930933837121901
1604566989.62745 -20.0920723444715 9.20741871677913 -0.326882721924442 0.35263656027016 -0.0200330498904183 -0.00557677409078422 0.935529279533066
1604566989.75945 -20.2312604813277 9.03676749561391 -0.334900148409159 0.339764564939695 -0.0204923563709365 -0.00597437124541493 0.940268265246641
1604566989.89874 -20.3659758864593 8.86625477866046 -0.339936753312355 0.327208354208356 -0.0217629687453942 -0.00592417257957702 0.944682999903615
1604566990.0327 -20.492719843879 8.69041996508742 -0.341434702780314 0.314275389112251 -0.0227533268810501 -0.0056622967120302 0.949042256335371
1604566990.16643 -20.6103821226789 8.50601811237246 -0.346338261677761 0.301137977517459 -0.0218401646838787 -0.00645493415004046 0.953308585678528
1604566990.3051 -20.7243110614305 8.31994991751292 -0.343021618346773 0.288391035767527 -0.0213420632601371 -0.00759892029720654 0.957244683053946
1604566990.44244 -20.8387057300785 8.13082831889314 -0.348993283154182 0.275397251821455 -0.0217876262268978 -0.00751707040743401 0.961054185093159
1604566990.57593 -20.9453930255626 7.94526076247831 -0.355823924431421 0.262317493720836 -0.0229058630263872 -0.00695135865395769 0.964684680369653
1604566990.71108 -21.0529667663008 7.75298756473411 -0.363120352856286 0.249383306977309 -0.0240144990085122 -0.00663276356140333 0.968084333354264
1604566990.84721 -21.1444264797902 7.55810118467907 -0.361485711899142 0.236783577947778 -0.0237760300509841 -0.00646206880158289 0.971249957156275
1604566990.9815 -21.2526504756554 7.3174579225322 -0.367013688662853 0.219888655497818 -0.0245579614218962 -0.00495282655813102 0.975203237906462
1604566991.11729 -21.3435024957332 7.1189317601077 -0.376535507656071 0.206695036653149 -0.0256479267752709 -0.00415622572471106 0.978060361870784
1604566991.25506 -21.4216554395396 6.92471213376876 -0.377573283364108 0.193278682805907 -0.0268737862284915 -0.00373267619104412 0.980768687058785
1604566991.39407 -21.4919270677645 6.72500491338085 -0.380955611435126 0.179338568099342 -0.0266930406495401 -0.0037235005663948 0.983418168998566
1604566991.5285 -21.5469721912035 6.52739414438842 -0.37491069953884 0.165254889338983 -0.0248898163876426 -0.00389006240665428 0.985929097858574
1604566991.66535 -21.5837472892878 6.33941020234392 -0.368331702599819 0.150747259982711 -0.0229652644170287 -0.0025492549801017 0.988302262234084
1604566991.80128 -21.6167802794418 6.15040834768749 -0.37160247089944 0.133936622615556 -0.0212743341411618 -0.0001076311519399 0.990761511285497
1604566991.93489 -21.6538187436669 5.96569803093172 -0.383776971225039 0.117007817165504 -0.0199554051740688 0.00191486711182074 0.992928640845074
1604566992.07103 -21.6858881920748 5.7760490952391 -0.389873705646979 0.101275259282293 -0.0206684086415925 0.00282747107393666 0.99463970569692
1604566992.20457 -21.7189702055356 5.58155748106133 -0.391918237618499 0.0843868815856798 -0.0219285035312805 0.00306025244498692 0.996187045591387
1604566992.33793 -21.7427169534278 5.3824852806552 -0.392695315753319 0.0679478856685225 -0.0216711010575563 0.00324417900373541 0.997448205930876
1604566992.47216 -21.7488519796371 5.18063547354858 -0.394264124567113 0.0512062662645673 -0.0207360664026461 0.00288537368899073 0.998468631687577
1604566992.6072 -21.7600112685237 4.98418842100661 -0.393006935307782 0.0332327342982368 -0.0204151643168235 0.00132657981158241 0.999238233167138
1604566992.7402 -21.7595344153917 4.79079229903336 -0.379989313517528 0.0168194212119889 -0.0199443468118713 -0.000769290618618297 0.999659311111683
1604566992.87406 -21.7361703432459 4.60425588754727 -0.368123918905869 8.6459889163297e-05 -0.0183411377606678 -0.00129771081795216 0.999830941278057
1604566993.01363 -21.7203090802412 4.43070922780196 -0.361778973107693 0.0190337417541849 0.0178475390737949 0.00078120616648056 -0.999659227807541
1604566993.14725 -21.7038811193611 4.23611030512659 -0.365390803928607 0.0373227056579381 0.0183809566976894 0.000352650954208515 -0.999134140999372
1604566993.2806 -21.6683289274632 4.00406636816625 -0.364349510754817 0.0592546161414028 0.019830699455132 0.00145389296785854 -0.998044848701848
1604566993.41849 -21.6444103477128 3.81689431562107 -0.351263922090898 0.0778294356683472 0.0205747006629931 0.00278623881790826 -0.996750469028946
1604566993.54957 -21.5963036787028 3.62654703732662 -0.351351722422518 0.0959103198925373 0.0203051469938883 0.00306654765501383 -0.995178128693124
1604566993.68114 -21.5360071705996 3.43047613592251 -0.344663461249042 0.114240075161389 0.0195930788059451 0.00288343382203783 -0.993255758754722
1604566993.81616 -21.4812109312239 3.25679204464001 -0.350736594660778 0.133627011371633 0.020223834822371 0.00234704153037336 -0.990822541998827
1604566993.95185 -21.4129814612674 3.06888733526974 -0.357508152342316 0.152347315360182 0.0206516056478057 0.00224645913933727 -0.988108678287995
1604566994.09137 -21.345623403605 2.91004402309769 -0.344912910799269 0.171165010664529 0.0215080438275877 0.00340531409326567 -0.985001698988813
1604566994.23089 -21.2614434273722 2.71880367859041 -0.350333164708038 0.190398530854146 0.0222348594603738 0.00424136433089721 -0.98144588302258
1604566994.36331 -21.1771523462939 2.54114196581944 -0.348331228354488 0.209133679677789 0.0228116871136659 0.00483909189033971 -0.977608978142658
1604566994.49554 -21.0818357282082 2.36585069295566 -0.348767820345339 0.227685462160329 0.0228695145579187 0.00538405753449439 -0.973451245594348
1604566994.62728 -20.97865456293 2.21614416339217 -0.337719862090817 0.246502557324252 0.0221348423058917 0.00579132897021971 -0.968872023797496
1604566994.75956 -20.8670511068989 2.04031963500809 -0.343520039331276 0.26535136539665 0.0223906663155122 0.0057777444953814 -0.963874436123621
1604566994.89099 -20.7579047063407 1.87023485750561 -0.344573328677204 0.284055450765094 0.0222921379971711 0.00563100321143387 -0.958532134712753
1604566995.02316 -20.6427471900681 1.72367274135978 -0.342309825852723 0.302285680252162 0.0223624268537968 0.00646878380561429 -0.952933074363448
1604566995.16038 -20.510750070263 1.56011476079152 -0.338049977991306 0.320392283458821 0.022116885806865 0.00720820878929748 -0.946999297670436
1604566995.293 -20.3829033874339 1.42773539404201 -0.33291652441131 0.338083447475487 0.0221531771514801 0.00751614349193897 -0.940825343447015
1604566995.43329 -20.2465117502183 1.28834762423354 -0.32968985007904 0.356303171555074 0.0216518136648701 0.00771538086314572 -0.934087641392902
1604566995.56552 -20.1056745668078 1.15368004501349 -0.331470609741607 0.37427026540908 0.0219441864462305 0.00695319602537715 -0.927033912096458
1604566995.7006 -19.9569848053082 1.01820050544552 -0.338497186564437 0.392332837279661 0.0221079877910962 0.00659385376212266 -0.919533959547162
1604566995.83459 -19.7985404359295 0.891156071423545 -0.343489379816791 0.409808031171888 0.0215249630200138 0.00702849988027036 -0.911890702739885
1604566995.97165 -19.6529602883017 0.781182310331775 -0.321381861363306 0.426868795131657 0.0213113701146138 0.00743564293818018 -0.904031840402085
1604566996.10517 -19.4933946814835 0.668968052948729 -0.326182284516398 0.444563139919758 0.0219269876486971 0.00712103700256934 -0.895450787407855
1604566996.23802 -19.3382126718105 0.561917516235627 -0.325982503524509 0.461884536130726 0.0222882621638923 0.00710835540295582 -0.886631479215849
1604566996.37234 -19.1719273086646 0.462276485614695 -0.321582229811339 0.478538687896487 0.0222497909224668 0.00765577361595364 -0.8777511379204
1604566996.50502 -19.0103940842742 0.372351586234019 -0.315168255380916 0.495283161505136 0.022170112817265 0.00764631630648127 -0.868414998646435
1604566996.63687 -18.826675540962 0.283859234196497 -0.320070593284688 0.511584352675761 0.0222548616065258 0.00710832635923167 -0.858915387525784
1604566996.77268 -18.6635770241577 0.2099256097363 -0.306779818044749 0.527584507239719 0.021489024878507 0.00687186886702333 -0.849202912706185
1604566996.90824 -18.4839999815191 0.129700982160231 -0.304070130668734 0.542769314579512 0.0215466124359242 0.00676638041508412 -0.839578126644269
1604566997.04403 -18.3036943430737 0.0586673517937144 -0.304579667750623 0.556450194538307 0.0216337132188 0.00668930476818464 -0.830572342816907
1604566997.17881 -18.0644684211062 -0.0233734460219986 -0.296531785090807 0.573149692307572 0.0213304355689554 0.00764672998306714 -0.819137332958729
1604566997.31953 -17.8656520422218 -0.0835134890489692 -0.298073305299615 0.585992043877685 0.0213402897573067 0.00739967508148615 -0.810001951450623
1604566997.45346 -17.6675704590425 -0.13649746752695 -0.294189395884011 0.597725895102209 0.02036833522888 0.00638423419133266 -0.801416325512562
1604566997.59347 -17.4616122090344 -0.181178695775762 -0.29152429438697 0.608735143674796 0.0195151080892194 0.00567139448606791 -0.793113182777891
1604566997.73144 -17.2545176718313 -0.227197623248931 -0.285539573214595 0.619049815388858 0.0188894575731412 0.00548838536362663 -0.785105338209921
1604566997.86978 -17.0488861120461 -0.271915448188378 -0.281869655398986 0.628624882037609 0.0189638599564317 0.00556211970942359 -0.777457518146871
1604566998.00981 -16.8385828047693 -0.309597945853795 -0.278137515338791 0.637473204944375 0.0189480511401129 0.00570463544379843 -0.770218372586887
1604566998.15281 -16.6255946140131 -0.339236083650066 -0.273991242204747 0.645772826313887 0.0182206835864921 0.00547092707863997 -0.76329256018981
1604566998.28963 -16.3645435562735 -0.375562402096063 -0.26710626917019 0.655363056543314 0.0172728003539785 0.00502487921213203 -0.755099771603091
1604566998.42517 -16.1525555224476 -0.399954044674326 -0.26213478621004 0.6622227600617 0.0174002986971864 0.00507157138657465 -0.749087795138316
1604566998.56168 -15.9361793137042 -0.422223560055479 -0.259606079459408 0.6688724241802 0.0175832677462386 0.00512333278736014 -0.743151572916196
1604566998.69769 -15.7205379401134 -0.445722822225858 -0.255707368974401 0.674919689337837 0.0176466079097285 0.0053574819214616 -0.737660699482397
1604566998.83933 -15.5025480654045 -0.461448707966984 -0.250910623484361 0.680013063868175 0.017322851140109 0.00528872310984664 -0.732976248731746
1604566998.9863 -15.2787633005921 -0.469806362344978 -0.247550361502165 0.684926970709624 0.0165110080699853 0.00500294107148332 -0.728407442292901
1604566999.12809 -15.003075684994 -0.482540662095039 -0.239966980769395 0.690449318334817 0.015640334686266 0.00459728192257263 -0.723197057336942
1604566999.26512 -14.7837723537613 -0.487666412025456 -0.234990535714814 0.694129601102334 0.0154506597149308 0.00454642123816468 -0.719669857672122
1604566999.4012 -14.5596907866208 -0.490319482484053 -0.231401875751984 0.697766616077631 0.0146416470934258 0.00411937251457538 -0.716163670139759
1604566999.53656 -14.340102817623 -0.494934645225735 -0.227823427295336 0.70089225008213 0.0145294044501774 0.00389090437188361 -0.713108554880883
1604566999.67328 -14.118988076612 -0.493223989702054 -0.223536838684745 0.703578672877131 0.0138066673620942 0.00362057379568835 -0.710474009696483
1604566999.81061 -13.8975421408146 -0.493280546132241 -0.216699816781404 0.706529192009989 0.0135852381649793 0.00387987933420707 -0.707542852891657
1604566999.94531 -13.6775085483935 -0.495034739980719 -0.210550285324588 0.708957023139637 0.0136273611479011 0.00366546667227612 -0.705110486890674
1604567000.08137 -13.4015833066903 -0.494990379563807 -0.209698658148871 0.711399664111303 0.0142211982075985 0.00290697568693632 -0.702637762233301
1604567000.21911 -13.1782737200797 -0.491784264736814 -0.209208054147903 0.71289729965746 0.0141173405269901 0.00282287488459959 -0.701120654534533
1604567000.35482 -12.9517470146413 -0.490626766800113 -0.20553622343732 0.713845360390991 0.0132992999227655 0.00303744417101986 -0.700170482098987
1604567000.49315 -12.7245952235702 -0.484242470868283 -0.195971063302598 0.714368629596831 0.012522726972105 0.00298027146685128 -0.699651170469336
1604567000.63048 -12.4990373315381 -0.478894759756251 -0.192082876045471 0.714790821371859 0.012405401589754 0.00227493480156756 -0.699224579348859
1604567000.76495 -12.2737730298047 -0.47630065547423 -0.188722700750961 0.714840759303404 0.0125576436028975 0.00219677118769804 -0.699171058198224
1604567000.90155 -12.0505384911257 -0.474779369681495 -0.185334671972316 0.714636490051028 0.0129823845522056 0.00218481615032063 -0.69937212652298
1604567001.03842 -11.827396266057 -0.473538158752407 -0.183381050234993 0.71450393343139 0.0135888249005035 0.00240956757759358 -0.699495294432339
1604567001.17963 -11.5997236381599 -0.475688753007146 -0.179496622998043 0.714037447760893 0.0133219003127479 0.00303779390116512 -0.69997415807684
1604567001.32089 -11.3195043621562 -0.472734668332089 -0.170901868590903 0.712831913141939 0.0133404015730277 0.00309181496277026 -0.701201210760869
1604567001.45782 -11.0952544074105 -0.470463365910826 -0.169553376800815 0.711848626624981 0.0129544040942169 0.00244306294519888 -0.702209190790136
1604567001.59465 -10.8704579584856 -0.467469858834822 -0.167265409849558 0.710336699805337 0.0122681301819739 0.00215067614469203 -0.703751831602321
1604567001.73157 -10.6457135310325 -0.468746447711468 -0.160491286373452 0.708712736143389 0.0121943229746196 0.00252646157690097 -0.705387250456969
1604567001.86924 -10.4213508101538 -0.475083157047207 -0.154539201927655 0.706843568074124 0.0128485463306641 0.00280021944744395 -0.707247653867071
1604567002.00635 -10.1997526837635 -0.482727913346512 -0.152694288734725 0.704835690768803 0.0136146656136416 0.00289537896491168 -0.709234028145395
1604567002.14134 -9.97600195160495 -0.485032059948292 -0.150370375454296 0.702725252793564 0.0132603660052588 0.00221884386618235 -0.711334280427652
1604567002.27944 -9.75288135949044 -0.486340649008664 -0.147086817134497 0.700520580375664 0.0123869534166142 0.0019900710984277 -0.713521912398085
1604567002.41787 -9.47583400058889 -0.493724688804583 -0.138349120013535 0.69780306087816 0.0118727538441392 0.00234227409957518 -0.71618743335615
1604567002.56059 -9.25106001632949 -0.510585207862622 -0.135694943735787 0.695479835963561 0.0120587231362459 0.00312969079039939 -0.718437603414505
1604567002.70557 -9.02631486167674 -0.524956438068587 -0.13102609628509 0.692669451179084 0.0128260823233336 0.0038875835989932 -0.721130646768852
1604567002.83995 -8.80583928351958 -0.545780305355895 -0.130200741229016 0.689644453146801 0.0133268425963326 0.00450683332170423 -0.72401147225971
1604567002.97577 -8.58343912106281 -0.56628340970032 -0.125076453406749 0.68582387508339 0.0128345967577961 0.00465078809871189 -0.727639509415018
1604567003.11824 -8.36362942705404 -0.58105822925952 -0.117131181789711 0.681093614983966 0.0119745000012655 0.00381736349395416 -0.732088469185076
1604567003.25761 -8.08737219995852 -0.611377285483996 -0.115243259671548 0.674737726556843 0.0121293593956618 0.00321379252731726 -0.73795091336697
1604567003.39414 -7.870607298095 -0.647904289663755 -0.112294238598497 0.668962348547632 0.0126930678143113 0.00401986646131739 -0.743177033370065
1604567003.53002 -7.65123924712285 -0.679317779310496 -0.106517656091607 0.662457689229907 0.0128293565017514 0.00476839946449894 -0.748974285245141
1604567003.66612 -7.4337812808436 -0.714664687489734 -0.100167790962278 0.65604407539754 0.0124494485437074 0.00448821383025488 -0.754606545362124
1604567003.80452 -7.21468593115146 -0.745331157780509 -0.0961307755303103 0.649023820013398 0.0112741144513371 0.00333133223448017 -0.760677249314122
1604567003.94447 -6.99540212266402 -0.785020274459571 -0.0943265255468015 0.641939689852015 0.0105738281985175 0.00250545324210236 -0.766678127674175
1604567004.08518 -6.77839957817902 -0.836786295266659 -0.0922980596010093 0.634438200075568 0.0108587200816874 0.00298274706301787 -0.772891558825053
1604567004.22997 -6.50625393282435 -0.912530681459967 -0.0876126479315652 0.624626551276206 0.0120786621040429 0.00467821231176161 -0.780816170229674
1604567004.36924 -6.28658922299395 -0.975152663338906 -0.0847611408221677 0.617108485779387 0.0130843890176261 0.0054758333476765 -0.786750234059232
1604567004.50446 -6.07067981274139 -1.04158250938347 -0.0824928326681251 0.60914883954787 0.0134321289966461 0.00518522362896481 -0.792925206210534
1604567004.63881 -5.85086015791026 -1.10542987297974 -0.0817115882384998 0.601297112722 0.0139235778058482 0.00476799789562954 -0.798889968900185
1604567004.77568 -5.63872726162566 -1.18073227867545 -0.0786909145707339 0.593809580702243 0.0143798076354529 0.00444281493168476 -0.804464831048615
1604567004.91063 -5.3684468171786 -1.27296043490896 -0.0778412949410607 0.583604937426829 0.0140041192204962 0.00373820664554744 -0.811908361495902
1604567005.04545 -5.14698084765219 -1.34710802307886 -0.0751495869476782 0.575667086529297 0.0129514390053149 0.00275789458700239 -0.817576944227276
1604567005.17754 -4.93596577269266 -1.43022615530058 -0.0736246193916914 0.567641114691965 0.0117802007773291 0.00204173966277616 -0.823189299663242
1604567005.31601 -4.72242746301211 -1.51604579438328 -0.0688061108433143 0.559451369085159 0.011105467084416 0.00199864399500107 -0.828786365507879
1604567005.45256 -4.51642221431793 -1.61566337872771 -0.0667205565330046 0.55151175314091 0.0114428180806171 0.00221267907231606 -0.83408569830272
1604567005.58885 -4.31093352682597 -1.71485994314368 -0.0667494358742095 0.542638224360697 0.0113645194166578 0.00236145589956423 -0.839886318906989
1604567005.7292 -4.10218262441728 -1.81938042692666 -0.0659019717908359 0.533445106946447 0.0110520047216764 0.00266378183986714 -0.845758284223593
1604567005.86867 -3.9025186150349 -1.93081443742927 -0.060556552028233 0.523608994763001 0.0104888220346194 0.00258546628744526 -0.851890204533238
1604567006.01133 -3.70490066612541 -2.04196019277144 -0.0564253866279418 0.512972433514885 0.0110153164835271 0.00300456401977391 -0.858329143074867
1604567006.14857 -3.51236854814708 -2.16932963581417 -0.0534719882848506 0.503164371432815 0.0128096562856333 0.00353667990679316 -0.864088548657892
1604567006.29193 -3.2776229828866 -2.32959994716356 -0.0541961780727204 0.489676215466781 0.0142043801225475 0.00428823854023423 -0.871778097110548
1604567006.43435 -3.08513963072479 -2.45236791500105 -0.0501380451860564 0.47885043011537 0.0131561410788402 0.00454758015498993 -0.877786136279773
1604567006.57666 -2.8940228492314 -2.57920237005934 -0.0470147907378169 0.468565952960447 0.0112952588912852 0.00345595987949644 -0.883349546439097
1604567006.71 -2.71316827416879 -2.71226190009267 -0.0457217511646087 0.457504432921288 0.0101583367766446 0.00304942083762439 -0.889144084546401
1604567006.84354 -2.49351059864288 -2.89215170968657 -0.0394835483942776 0.443622275202089 0.0107980788360654 0.00357601257907955 -0.896141668806895
1604567006.97774 -2.32660772877803 -3.03768992107298 -0.0379309819329768 0.432605702789027 0.0113648781104927 0.00341328640770852 -0.901505127515005
1604567007.11562 -2.1544757181519 -3.18677065147949 -0.0394430480548348 0.42098034008491 0.0106181306673033 0.00326252446585686 -0.907001744484119
1604567007.25952 -1.98484798231546 -3.3352983831757 -0.0361867065967099 0.409614473927601 0.00942441006035114 0.00295081389691461 -0.912205270726592
1604567007.39495 -1.82982922081232 -3.49579082483536 -0.0337830001304605 0.398130863909925 0.00946234999969063 0.00283680914302876 -0.917275439357615
1604567007.52804 -1.67805257961303 -3.664134664556 -0.0287313900249455 0.385526322944452 0.0100600860401429 0.00324994806935116 -0.922636270056267
1604567007.66174 -1.51899440532908 -3.84827450289229 -0.02885006695702 0.372796748413071 0.0116205926941095 0.00259097081719579 -0.927836641369753
1604567007.79648 -1.36198248619439 -4.04303643823489 -0.0322990207399969 0.35919950333181 0.0121644209171608 0.00229219494192893 -0.933178701810258
1604567007.93295 -1.19623520184475 -4.24678648837016 -0.0287766315028158 0.344471780014052 0.011866744189581 0.00247096980835577 -0.938718417559012
1604567008.06514 -1.03858631297401 -4.46191707136415 -0.027518892214844 0.329833809592065 0.0118302406144412 0.00291403710196606 -0.943960386798492
1604567008.19701 -0.894479927238863 -4.68156800713594 -0.0260267560365776 0.314567556986413 0.0124161324590979 0.0038603900028572 -0.949146031512214
1604567008.33093 -0.747161791558878 -4.90918310178951 -0.0225341458857824 0.298688414606423 0.0128502883340073 0.00464147278330003 -0.954252879377389
1604567008.46285 -0.606873220753522 -5.14058071699761 -0.0261483751254188 0.282766828873655 0.0130469612376735 0.00483279021488339 -0.959087765238374
1604567008.59723 -0.471373997566959 -5.37585396341286 -0.0236992574401237 0.266622359894847 0.0124942775010383 0.00566075340203237 -0.96370346378165
1604567008.73184 -0.339594861423741 -5.60974420010467 -0.0183104983136257 0.250582381241293 0.0109902563158269 0.00614585322900965 -0.968013384703767
1604567008.86446 -0.224246940523627 -5.84810162682841 -0.0195539824225639 0.234892367269541 0.0108791701908621 0.00630306116508004 -0.971940065474419
1604567008.99491 -0.119642446264554 -6.08642839125608 -0.0175337712086576 0.219173718661366 0.0114816787234254 0.00631749666857692 -0.975597837911546
1604567009.13122 -0.0310688072128515 -6.32797134280345 -0.0220611403610053 0.203603653161407 0.012923209594587 0.00641750665528008 -0.978947066332717
1604567009.26272 0.0563119176280826 -6.56922816728252 -0.0222297635343216 0.187978553798144 0.0134033764322962 0.00712450158831877 -0.982055830535765
1604567009.40515 0.138723804332235 -6.81279661797255 -0.0229573729061728 0.172752493111139 0.0125443276313973 0.00710146311605735 -0.984859779455823
1604567009.5414 0.209172241961141 -7.05836837399808 -0.0247834393771982 0.157424345374062 0.0134527789609394 0.00655774447326556 -0.987417639202986
1604567009.67511 0.271510236847208 -7.31086961511651 -0.0290060205670536 0.141514479786441 0.0142891930491502 0.00617574080753163 -0.989813786122549
1604567009.8097 0.340428142350767 -7.63109243971802 -0.0288517728492695 0.121878232059771 0.0150969550058838 0.00627726661339585 -0.992410386092064
1604567009.94588 0.392569995397358 -7.89188092389722 -0.0313159246937595 0.10568933139729 0.0139641332383387 0.00589302694160687 -0.994283682077284
1604567010.0828 0.436616236497618 -8.15630954323348 -0.0348775356006995 0.0892800720437914 0.0137106864763421 0.00558353273023168 -0.995896535777916
1604567010.21884 0.466514978861348 -8.42923644569024 -0.0367317103640046 0.0728886112587332 0.0136987193305231 0.00560777405222413 -0.997230238364068
1604567010.35199 0.489091693437993 -8.70565962203386 -0.0372732893679144 0.0560759903409563 0.014087823641436 0.00584616135049662 -0.998309991400363
1604567010.48681 0.50618630366069 -8.98317108316368 -0.0360378398339031 0.03922250598891 0.0132861273658282 0.00613879549274411 -0.999123310224252
1604567010.62677 0.513590231796822 -9.26440186120948 -0.0362850008989929 0.0221950873100967 0.0126431111069385 0.00556804236543714 -0.999658204960601
1604567010.76037 0.505905747210576 -9.54818494420387 -0.0387886457895337 0.00483946593510505 0.0127245486168283 0.00393910430803015 -0.999899569401453
1604567010.89618 0.488175117717899 -9.82857813673267 -0.0435493130654861 0.0129079285223867 -0.0136399811937086 -0.00229172004271118 0.99982102614095
1604567011.03195 0.460912419837963 -10.1197841462281 -0.0496252243914102 0.0305273446428279 -0.0141632584750028 -0.00165408910651044 0.99943221247249
1604567011.16661 0.422649502804219 -10.4088174810501 -0.0508411507063683 0.0485665387347286 -0.0141163569753611 -0.00137454322361473 0.998719245039365
1604567011.2989 0.374857289028093 -10.702385645326 -0.0556891971641619 0.0668488429893145 -0.0139417972184927 -0.000825716849275844 0.997665363071703
1604567011.43323 0.317152224726658 -10.9979609589993 -0.0610193496328718 0.0855491527472088 -0.0134627837896943 -0.000606825084607987 0.996242805585156
1604567011.56644 0.246988989133086 -11.2989620145142 -0.0650239288451916 0.104375178051645 -0.0133695449914102 -0.00146168458628363 0.994447052864847
1604567011.70013 0.157752560332822 -11.6026291801529 -0.0611965014135389 0.122933253688259 -0.0145880205569004 -0.00272505578187792 0.992303975032266
1604567011.83245 0.0537571485340244 -11.9095257388962 -0.0609253651840145 0.14185156111403 -0.0159894220642086 -0.00363212395586733 0.98975213092326
1604567011.96422 -0.0557002173664761 -12.2106498372065 -0.0645862599148062 0.161157265068914 -0.0157768338541965 -0.00459866858846145 0.986791913057793
1604567012.09907 -0.172066057488472 -12.5146092129441 -0.0663711284065015 0.180477226066538 -0.014509248850065 -0.00587819736750347 0.983454574123708
1604567012.23358 -0.305450476821981 -12.813169429714 -0.0651973092541787 0.199575863208728 -0.0133537604840062 -0.00618104459629196 0.979771884977889
1604567012.37254 -0.450006048435353 -13.1095914743231 -0.0729608832099874 0.21947608289362 -0.0127363753912748 -0.00588916862454214 0.975516966265824
1604567012.50632 -0.574136183003692 -13.3861913190822 -0.0585286054320616 0.239447828905846 -0.0125787696475663 -0.00654372074862806 0.970805691941077
1604567012.64055 -0.8028820300763 -13.7392690776344 -0.0790153064875694 0.262873160673451 -0.0123713668524202 -0.00651518611804 0.964729082711618
1604567012.77312 -0.972153616596811 -13.9996862322584 -0.0743978126067817 0.282532663275085 -0.0121070046852348 -0.00636177078699518 0.959160175618595
1604567012.90733 -1.16299884996839 -14.2483049061482 -0.0682898132389359 0.301628570198181 -0.0123879158611822 -0.00561753041977005 0.953328478821859
1604567013.04008 -1.3119844692929 -14.4429840518909 -0.0849133098521787 0.315723363908068 -0.0116611110525816 -0.0051968062882448 0.948765392062756
1604567013.17798 -1.57886233787121 -14.7417271292564 -0.0970522664111949 0.33842153027261 -0.0126541526310318 -0.0051286800041315 0.940895550478665
1604567013.32027 -1.77924410705709 -14.9686042655953 -0.0980856519883092 0.356278903726532 -0.0125254415763593 -0.0051271066208349 0.934281632512614
1604567013.45835 -1.99160847755789 -15.1839498688495 -0.10527111291425 0.373486779659286 -0.0119807979940319 -0.0049077587004487 0.927545147043367
1604567013.59286 -2.20985937213885 -15.3976484100678 -0.11363227579616 0.390116523951351 -0.0115026877710044 -0.00573977921630727 0.920675752286713
1604567013.73032 -2.45372683824075 -15.5865487801715 -0.110498559306296 0.406677920089637 -0.0133680044015229 -0.00693997970525187 0.913447427305796
1604567013.8673 -2.70502842708103 -15.7794967046424 -0.134440682696175 0.423527338136069 -0.014706432202969 -0.0067929416332371 0.90573846702412
1604567014.0051 -2.94512663397704 -15.9522808466628 -0.1326554462207 0.440182083723468 -0.0157626857415316 -0.00684825320169795 0.89774404611513
1604567014.13848 -3.18557413751579 -16.1143288822401 -0.133601594680303 0.456369226961053 -0.0163557674624293 -0.00756395503011119 0.889608005886856
1604567014.27406 -3.43512148340486 -16.2761846358939 -0.136745496381334 0.471977809043764 -0.0153490293957781 -0.00861336707025371 0.881434719633036
1604567014.40952 -3.74983173782967 -16.4783855953921 -0.154958085577537 0.49105326588842 -0.012896948541753 -0.00996097859329922 0.870977116624824
1604567014.548 -4.00071378520286 -16.61942119376 -0.161627934918609 0.505629705445331 -0.0113747894892199 -0.011577103341698 0.862597928245576
1604567014.6807 -4.25516382310615 -16.7455781062692 -0.154384834740211 0.519731072464809 -0.0123372354641915 -0.0125322217610137 0.854148902916472
1604567014.82172 -4.52791549244072 -16.8593692766597 -0.160448414240089 0.533316366054824 -0.0131139611543191 -0.0114193597764662 0.845737119880176
1604567014.96136 -4.79224336240383 -16.9603238614234 -0.169005207093756 0.546999166819622 -0.0137391956775617 -0.00973825294112692 0.836963746186433
1604567015.0955 -5.06644196233298 -17.0626100216644 -0.183777028629243 0.56053774996325 -0.0141041100843995 -0.0091943864428934 0.827957709187373
1604567015.22995 -5.32862230224354 -17.1507558555247 -0.177395703442306 0.573563997843208 -0.0147674752003542 -0.00967134628914617 0.818970528844157
1604567015.3651 -5.60750731972074 -17.2392612493419 -0.189937487339108 0.586806579560567 -0.0130937563703022 -0.0091489859886369 0.809569569452757
1604567015.50385 -5.87830149328015 -17.3173698932789 -0.196090147178634 0.600276011852632 -0.0109086289799747 -0.00905196567432753 0.79966728914312
1604567015.63841 -6.16421477104373 -17.3913506959339 -0.19738290899313 0.613852727356492 -0.00922149716828419 -0.00986353189014648 0.789305076536078
1604567015.77749 -6.45183342556874 -17.4493017081945 -0.208136567308447 0.627979638658748 -0.00827578018143285 -0.00961738620200476 0.778126333428614
1604567015.9108 -6.82523653164312 -17.4986928952174 -0.214988340993773 0.646735560689292 -0.0094269653968503 -0.00846262237227106 0.762609094415939
1604567016.04271 -7.12797713017054 -17.5198038827501 -0.219270731713411 0.662535571191383 -0.0105771261221731 -0.00740529482453284 0.748919156463277
1604567016.17758 -7.43052601522912 -17.5387638830277 -0.229245759402629 0.678763243282153 -0.0103782131974174 -0.00749772737417475 0.734245555889952
1604567016.31071 -7.73309794266826 -17.5564016185678 -0.239561961789924 0.695614589831562 -0.00951415305564178 -0.00859541932297858 0.718300732334141
1604567016.44504 -8.02913895231948 -17.5457059589615 -0.242059420373126 0.712873675915907 -0.00839297788071242 -0.0109219100269982 0.701157180659086
1604567016.57894 -8.33243832653728 -17.5266475022409 -0.248486753488413 0.730432397123513 -0.00732578837815621 -0.0130452947001051 0.682821108595234
1604567016.71406 -8.62485403682862 -17.4835394842404 -0.252817421264553 0.748200966545239 -0.00745113047455179 -0.0137507631052397 0.663287803920323
1604567016.84813 -8.91762947128045 -17.4180374801768 -0.255956949702295 0.766397984010516 -0.00922169632442414 -0.0126460341244919 0.642175340730581
1604567016.98227 -9.20242513128589 -17.3338937237808 -0.262835621620198 0.784287605696189 -0.00992072108442979 -0.011623622495019 0.620209176201543
1604567017.1169 -9.47940165295866 -17.2411884089422 -0.270343093249819 0.802015373892394 -0.00991168236785421 -0.0108118458729599 0.597123272517243
1604567017.24838 -9.75407120098519 -17.1358491358507 -0.27974016683263 0.819562620208188 -0.00944936673490918 -0.0111591008902359 0.572803016309377
1604567017.38221 -10.0211483784979 -17.0194315544684 -0.278832145500966 0.835992900695852 -0.00794137227567818 -0.0115182124246417 0.548561879257988
1604567017.51679 -10.2723507149628 -16.8784510507924 -0.2918379201713 0.851456187798924 -0.0070531595939547 -0.0111483814531193 0.524259789407544
1604567017.64718 -10.5127963263256 -16.7187042994851 -0.293264557765642 0.866396042538382 -0.00758414213564929 -0.0106257072535507 0.499186811331449
1604567017.77951 -10.7369618149687 -16.5458235794534 -0.286217110318932 0.880516790212248 -0.00802583616025789 -0.0102319909485209 0.473836548262666
1604567017.91359 -10.9826478951791 -16.3576135034387 -0.291093988749473 0.894033012354487 -0.00762347758228912 -0.010043743502668 0.447823602131873
1604567018.04837 -11.1967119069595 -16.1615578489489 -0.301378893533298 0.906664535928722 -0.00689765137942791 -0.0101843393784152 0.421673002367982
1604567018.19018 -11.3847061231737 -15.9641747747999 -0.299918378238793 0.91852292525301 -0.00594463645798239 -0.00975263005589949 0.395202711641795
1604567018.32934 -11.5806843728564 -15.7469392047003 -0.307872623461331 0.92957438771374 -0.00491796865906366 -0.0090377560595293 0.368490963601962
1604567018.46218 -11.7369706831492 -15.5271330105026 -0.316592328964163 0.939748834797571 -0.00547895859293659 -0.00697737468635044 0.341750529994952
1604567018.59832 -11.8983648783553 -15.3020974022298 -0.314490530597517 0.948968976789154 -0.00590289812172525 -0.00605765250808983 0.315255993966176
1604567018.73347 -12.0447179024345 -15.0725288340983 -0.30935323096779 0.957647379120492 -0.0056795131097902 -0.00624144882690114 0.287819882410909
1604567018.86507 -12.1759634949806 -14.8479776735628 -0.309087280518471 0.965389588373338 -0.00455960717526547 -0.00697377183645659 0.26067895800992
1604567018.99702 -12.2874426480203 -14.6045592374351 -0.305730754457819 0.972204010927578 -0.00441459167802211 -0.00621881710778049 0.234011108348356
1604567019.12871 -12.4125314471868 -14.3467416256661 -0.34924244034438 0.9783493553536 -0.00382705401475151 -0.00519172456010105 0.206859707369163
1604567019.26064 -12.4697591425178 -14.1281222904616 -0.288073174392888 0.983688951825735 -0.00462605923264047 -0.00500960218575156 0.179748573062218
1604567019.39279 -12.5305269063186 -13.8809645099943 -0.284741382663431 0.988130257916156 -0.00469265256421156 -0.00410875576127705 0.153491662733049
1604567019.5254 -12.5770224910785 -13.6370823239782 -0.269614665349855 0.991894165639801 -0.00522507206816248 -0.0038972397319325 0.126899465381366
1604567019.65742 -12.6255692781026 -13.3748939030488 -0.27672862368736 0.994934609203612 -0.00483675307455174 -0.00390947483559847 0.100331676130033
1604567019.79 -12.6465562156795 -13.1222165304802 -0.27467226962004 0.997208901745028 -0.00401505825673734 -0.00441654111067709 0.0744229786577236
1604567019.92481 -12.6612886071262 -12.8866003909317 -0.277250044952311 0.998834603109243 -0.00304387088812031 -0.00543927746043387 0.0478600537225583
1604567020.05735 -12.6578205266958 -12.6881216419778 -0.260844585276979 0.999744090110298 -0.0026944609388605 -0.00657412542549893 0.0214773146522431
1604567020.18906 -12.6512887696599 -12.432741906427 -0.289248162570438 0.99996393734651 -0.00179028588145604 -0.00659916316865192 -0.00503685699627295
1604567020.32114 -12.5998249631051 -12.2528020513855 -0.244796716641263 0.999499436163614 -0.00189592501840207 -0.00507691449264827 -0.0311690153225363
1604567020.45266 -12.5657758548924 -11.9889603422673 -0.269926588918165 0.998332506052439 -0.000406780470437444 -0.0047003397463022 -0.0575321535749818
1604567020.5865 -12.5042157826091 -11.7965085928779 -0.256702993991767 0.996527674002944 0.00038046555032699 -0.00396658410118752 -0.0831667986808222
1604567020.71809 -12.4400577272081 -11.5927939254295 -0.24951393570558 0.994092991019446 0.00167647268950382 -0.00335576062018374 -0.108466831409394
1604567020.84964 -12.399256545529 -11.4323859354422 -0.212914483087238 0.991010911810463 0.00222048810081817 -0.00307377587146248 -0.133727312120901
1604567020.98168 -12.3073151019541 -11.220889707356 -0.231323071863031 0.987370418811408 0.00348709592636421 -0.00244123926234998 -0.158371514386424
1604567021.11352 -12.2266734906595 -11.0360023497147 -0.227833596614301 0.983289623611425 0.00461188117806348 -0.00235868020509446 -0.181974402809276
1604567021.24588 -12.1417859710148 -10.8553712078036 -0.226697717079787 0.978762360804047 0.00559590459821249 -0.00259294612274374 -0.204905352676355
1604567021.38097 -12.0513178851092 -10.6852390113712 -0.220914264040565 0.973788815947143 0.00609986935545004 -0.00380392381878626 -0.227340413683288
1604567021.51499 -11.9474836154332 -10.508141740513 -0.223866631743056 0.96833158186925 0.00658199547398022 -0.00486565671547229 -0.249533465240443
1604567021.64777 -11.8323476825934 -10.3348652633998 -0.225974469602315 0.962540403257816 0.00714409690364656 -0.00477824328606927 -0.271002033879476
1604567021.78008 -11.6999643114848 -10.1632095777932 -0.22728298867924 0.956700888207766 0.00816327715219772 -0.003290338613795 -0.290939761944657
1604567021.91501 -11.5691611884578 -10.0086384946604 -0.227511039872132 0.950704655064473 0.00930626053841009 -0.00183487442752507 -0.309952715086298
1604567022.04874 -11.4347655981939 -9.85032459198766 -0.224598003960254 0.944596673761242 0.00973306302196771 -0.000559759009048252 -0.328088521703001
1604567022.18211 -11.2906269527748 -9.69439449330102 -0.220547684836673 0.938687365411373 0.00993909859920363 0.000119215030698726 -0.344626217986772
1604567022.31581 -11.1456270848118 -9.54429579995404 -0.215424989321071 0.932574984341641 0.00986616817115836 0.000447466769148684 -0.360841179855205
1604567022.4492 -10.9917728325068 -9.39521488674709 -0.214342968774105 0.926372577218522 0.0100755536761772 0.000834296892228824 -0.376472622303836
1604567022.5831 -10.8390116986056 -9.25291301531197 -0.206279510512874 0.920384017132741 0.0100348750784255 0.00195038068355129 -0.390882026069181
1604567022.71733 -10.6748159138159 -9.10923291760549 -0.201140862710812 0.914588975284424 0.00984986608344832 0.00211696635394106 -0.404259205064995
1604567022.85462 -10.5093306004673 -8.97126918706923 -0.195718044673474 0.908937614365068 0.0103923723350584 0.00244969416535246 -0.416795406390335
1604567022.99213 -10.3411135025988 -8.83202711047209 -0.193878790817836 0.903774950014227 0.0106921905951953 0.00273366554812419 -0.427865684368037
1604567023.13072 -10.1683242607273 -8.69329700553878 -0.185575122532195 0.899415301288312 0.010022091956044 0.00308563015102214 -0.4369692808057
1604567023.26803 -9.98289831017337 -8.5468354011302 -0.181250658245242 0.895492188644873 0.00929625152909673 0.00247967447047714 -0.444973225034995
1604567023.4055 -9.80648125516517 -8.41147839368883 -0.172750277128357 0.891503447479616 0.00901123040692363 0.00213233171048516 -0.452919257727013
1604567023.53886 -9.58246546059703 -8.25208758884808 -0.164183118714659 0.887830038629975 0.0100701180752757 0.00279056650456498 -0.460052853449287
1604567023.67696 -9.38976475883916 -8.12609084439378 -0.160043220623805 0.885672096038818 0.0103697881885791 0.00374984587857123 -0.464180293040342
1604567023.81612 -9.19256244420882 -7.99773245390637 -0.158259784371263 0.883449426568985 0.0102926975250353 0.00460003838645297 -0.468390873864375
1604567023.95392 -8.99635578877279 -7.86995542084456 -0.154134302957591 0.881323406606171 0.0101740506413373 0.00531177024746979 -0.4723741385369
1604567024.08981 -8.80254850968521 -7.74156222295275 -0.151564681494495 0.879805155348787 0.010143603575348 0.00618909391518186 -0.475185954174482
1604567024.2287 -8.61465140539498 -7.60639254240945 -0.146641670925198 0.879135569099033 0.00930374630405958 0.00633836658887291 -0.476438785741269
1604567024.36602 -8.42093185645682 -7.46352141537858 -0.138887935853404 0.879524339626776 0.00825618852147206 0.00550710799317214 -0.475750400017418
1604567024.50665 -8.22207713451746 -7.32956869685855 -0.135536947073245 0.880176667638797 0.00758487920284003 0.00436992006252761 -0.474565493004273
1604567024.64645 -7.97866714589708 -7.15919454539059 -0.125850168569672 0.880940579639259 0.00735605808607688 0.00460019446169134 -0.473147357347789
1604567024.78639 -7.77752896557295 -7.02575816731501 -0.120344000664432 0.882582287652518 0.00735895723382618 0.00563980240379652 -0.470066531354152
1604567024.92532 -7.57374682511235 -6.88547750697574 -0.119639798309404 0.884214525242286 0.00658332331513971 0.00548013710933283 -0.467002463914217
1604567025.0648 -7.37371229811766 -6.7391908447834 -0.110963758516998 0.88584009747322 0.00531474545152578 0.00521118541750024 -0.463930941774707
1604567025.20507 -7.17190849807668 -6.5983316671197 -0.104211976516856 0.887625336225826 0.0053562261464807 0.00568052926163584 -0.46050005962949
1604567025.34487 -6.96440646960258 -6.4622424243958 -0.10523832236377 0.889304461200593 0.00635242485027021 0.00693192195415385 -0.457218952412591
1604567025.48364 -6.70895593105225 -6.28346654295672 -0.102619109262749 0.891260091905022 0.00745201827598255 0.00811686305846764 -0.453358613610855
1604567025.6209 -6.50768772012793 -6.13510801540637 -0.10026861016908 0.892735628676818 0.00829285566599832 0.00742013630936791 -0.450443411998733
1604567025.76016 -6.31818318573685 -5.98116487037592 -0.0992460778862893 0.894101903906455 0.00835166117254872 0.00551240345102247 -0.447751771179863
1604567025.89672 -6.12646450185097 -5.82417155558131 -0.0994404797557959 0.895880213764901 0.00753234956076162 0.00434976235261214 -0.444210519756259
1604567026.03243 -5.92998700062602 -5.66764234645395 -0.0917455571140137 0.897724630402449 0.00687485555547223 0.00412844685741053 -0.440484029513469
1604567026.17292 -5.73962374739908 -5.5084289384018 -0.0829765500324388 0.899952976686299 0.00739849823726703 0.00398398202190175 -0.435905987415351
1604567026.31821 -5.48984225624832 -5.30912293371263 -0.0829498671800779 0.903171485694354 0.00874632823516302 0.00390825586193611 -0.429173035857537
1604567026.46002 -5.29611352296694 -5.14089847774435 -0.080658692735031 0.905768558246924 0.00907898748964397 0.0034768256851858 -0.423661188404846
1604567026.59946 -5.09655465453471 -4.96401821103944 -0.0746392091948967 0.908727397916401 0.00955981664811024 0.00290759142565748 -0.417270502304972
1604567026.73382 -4.89714579474126 -4.78326578007977 -0.0730090773430175 0.911688089625377 0.0106230533768033 0.00250657430770878 -0.410737988330059
1604567026.86969 -4.68549420375466 -4.59476703047814 -0.076368382003842 0.914880846685567 0.0112111303585173 0.00394287772121899 -0.403549006490241
1604567027.0096 -4.47171769369231 -4.40203229667577 -0.0685939514071268 0.918256372167714 0.0108604684987191 0.00595523896143995 -0.395792648145831
1604567027.14282 -4.21243931708299 -4.14068380598492 -0.0575575965719303 0.922461680603797 0.00998494472368955 0.00667198834709076 -0.38590184408471
1604567027.27422 -4.00516757987807 -3.91940674870548 -0.0570173809131359 0.926204787651085 0.00931988477522422 0.00613463954327992 -0.376855671680364
1604567027.40689 -3.80453316856204 -3.68874895105779 -0.055226783425786 0.929890354649872 0.00839634899646953 0.00503035589330967 -0.367706574828696
1604567027.54094 -3.59622742954798 -3.4520794744363 -0.0537866850184595 0.933622480766773 0.00721120757420214 0.00484950750547538 -0.358152961971798
1604567027.6757 -3.38963077016195 -3.207479032017 -0.0468073798403617 0.937321697467796 0.00592326128243351 0.0058618958531054 -0.348365596190091
1604567027.81414 -3.18909627730284 -2.95288926171086 -0.0384802746643161 0.941236740749146 0.00450949677898155 0.00647458275443755 -0.337655359917299
1604567027.95579 -2.99823644773229 -2.69237186509356 -0.0329355999992021 0.945568956515438 0.00345184529380201 0.00600866324527333 -0.32534801244879
1604567028.08899 -2.81734830385651 -2.43459920308049 -0.0298578781218238 0.949885459045011 0.00311149721322098 0.00470299908091238 -0.312547300547592
1604567028.22795 -2.64168429939018 -2.17517386488771 -0.0258361327035663 0.953846133451606 0.0030978327754799 0.00455414600275313 -0.300245261221059
1604567028.3608 -2.47112821461325 -1.91390822983557 -0.0257714127498636 0.957597713989283 0.00276397789941994 0.00492926292285893 -0.288053260623288
1604567028.49398 -2.30143042398105 -1.65070879068917 -0.0239261491334117 0.96112338157995 0.00288076269523992 0.00664940250477306 -0.276024151176931
1604567028.62773 -2.14240036007754 -1.38279650433031 -0.0222558741109804 0.964506936159301 0.00272161017075941 0.00708743493005562 -0.263948349501922
1604567028.7613 -1.99687758875592 -1.10227831513048 -0.0236643610906016 0.967676467235263 0.00228415693581219 0.00649308932127746 -0.252100926569576
1604567028.89435 -1.86505556100841 -0.820489478851401 -0.0223682547396172 0.970845429073938 0.00191016566797995 0.00424254899181286 -0.239661229428987
1604567029.02768 -1.74060487249228 -0.539880922511781 -0.0210986382429896 0.973893874415094 0.00188130257373639 0.00238830432488468 -0.226983431289234
1604567029.1604 -1.61704133467344 -0.263526708407178 -0.0208104072666682 0.976891682416151 0.00150037161762182 0.00221022535463625 -0.213718283296103
1604567029.29434 -1.49903521679754 0.0160051938299505 -0.017192667658914 0.979611414700321 0.00100480676119179 0.002562431142128 -0.200882802894747
1604567029.42788 -1.39059463368239 0.301491898650668 -0.0149262231521019 0.982141151833352 0.00129357564416953 0.00318711032754653 -0.188114132550612
1604567029.56265 -1.29031656309622 0.583946003822895 -0.013981375265908 0.984572269945591 0.00155087074182294 0.00313030852176906 -0.174943537241842
1604567029.6954 -1.20366107903036 0.869559327580995 -0.014254015640082 0.986840741427688 0.00217430351691187 0.00274033868811141 -0.161657397005341
1604567029.82893 -1.12484217830387 1.15465015138762 -0.0139069866187666 0.989070714209166 0.00232770350975385 0.00253817783282971 -0.147401701969247
1604567029.96873 -1.05238152198044 1.43986083424465 -0.014237344817555 0.991176773104737 0.00215744810696042 0.00219302806939119 -0.13251090711045
1604567030.10077 -0.970906459299654 1.79711973718431 -0.00814360856625063 0.993596825641816 0.0019518623657639 0.0016540115792667 -0.112954869543139
1604567030.23227 -0.918641102623115 2.07853620005315 -0.0104403077272106 0.995247938046665 0.00280814870807101 0.00136472643621517 -0.0973231402927817
1604567030.36398 -0.884802057164426 2.28445102521607 -0.00980334239014102 0.99635235123173 0.00339402323186138 0.0017151550054272 -0.0852498155107194
1604567030.49345 -0.849013293178045 2.56793091445454 -0.00877969844417659 0.997623286410972 0.00390973439629743 0.00152344178360546 -0.0687762423563205
1604567030.63126 -0.822091596083701 2.84412181943138 -0.00438620913650861 0.998615883061156 0.00492641747273245 0.000708813512478892 -0.0523597755178145
1604567030.76442 -0.805207074197983 3.11482822803646 -0.0044991373230642 0.999350559102934 0.00523071170000728 -0.00115338006921507 -0.0356338236817185
1604567030.8979 -0.812786379855136 3.39368159099671 0.0039281354868993 0.999808874155923 0.00463795845176986 -0.00189843846209151 -0.0188971011499283
1604567031.03785 -0.805478499046564 3.67275528593131 0.000571241490616325 0.999984638356869 0.00526150618138772 -0.000481693828728825 -0.00167558170195324
1604567031.17754 -0.816475251823904 4.02299182909143 0.0048519519795221 0.999783977936448 0.00479294781307424 0.00116725193480692 0.0201906571402031
1604567031.30978 -0.840934535332267 4.31226721093345 0.00586398259070331 0.999258732469485 0.0034745000290066 0.00168958316762186 0.0383022028315119
1604567031.44339 -0.879993622690103 4.59850471624718 0.0132841128800688 0.998445353982535 0.00230927465687129 0.0014632941657274 0.055672265370067
1604567031.57902 -0.926277375307242 4.88849379350065 0.0228122559594958 0.997279413382495 0.00154346544008276 -0.000202552251916321 0.0736976819885614
1604567031.71412 -0.988189632872102 5.17362003561959 0.0263528422004059 0.995802928884641 0.00133799242540397 -0.00194129076355831 0.0914929942192916
1604567031.8467 -1.05818635485498 5.44863874682105 0.0225472832399055 0.994065543241593 0.000560347220666538 -0.00191837802553092 0.108764431578254
1604567031.97936 -1.13362523418905 5.73978921567601 0.0359430263635347 0.991968449776246 -0.00166220518039153 -0.00132346409539064 0.126467704040355
1604567032.11239 -1.21176961693032 6.01936414168546 0.035761514378754 0.989562501239547 -0.00160915027544087 0.00156337806373546 0.144086857918937
1604567032.24907 -1.30428620541438 6.29255519191357 0.033996556479762 0.986790425659002 -0.00186349606594098 0.00284828411339301 0.161966263424664
1604567032.38207 -1.41332196571109 6.56695579271013 0.0345166250428715 0.983670332381018 -0.00309910924805166 0.0027728732985742 0.179931608921156
1604567032.51925 -1.53510435621605 6.83722320253111 0.0309384538630657 0.980144618980043 -0.0036122817298864 0.00215812728231659 0.19823929931223
1604567032.6597 -1.66817432201329 7.10645978967145 0.0312127061682201 0.97623840941875 -0.00396889607188368 0.00150716154500081 0.21665766615469
1604567032.796 -1.80530515083827 7.36420879898114 0.0323676944384077 0.971863350912825 -0.00385581777063126 0.00243018683504033 0.235501282403645
1604567032.92865 -1.95100697439854 7.6144533309026 0.0248282204826048 0.967052419969477 -0.00359335023973409 0.00308843884544755 0.254533232428953
1604567033.062 -2.11155711161786 7.863370166113 0.0241957846762549 0.962048330885064 -0.00482498790271274 0.00284220040860104 0.27282164582349
1604567033.19611 -2.28623547912181 8.10550997813922 0.0276370726394627 0.956620037929312 -0.00603803895367248 0.00120068238313579 0.291273417049223
1604567033.33187 -2.46909453322266 8.34243521593994 0.0274215849142637 0.950846205673012 -0.00651244439946027 0.000665563457534317 0.309594312367756
1604567033.46678 -2.6528507462212 8.56882525115723 0.0203180901224876 0.944695699826781 -0.00661786379642709 0.000859615594558384 0.327880313023808
1604567033.59997 -2.84829343648971 8.78839502930022 0.0145540753761137 0.938341584691335 -0.00693848417212472 0.00111690104989566 0.345638077196932
1604567033.73617 -3.10187124277389 9.05567362798465 0.00778944813653867 0.929960799396676 -0.00848912778733361 0.00124922716459813 0.367558547345041
1604567033.86828 -3.31322379507041 9.26501623144153 0.0076012461889578 0.923140166686775 -0.0103407184226895 0.00167489563236185 0.38432082550473
1604567034.00122 -3.52989478874839 9.46116304981233 0.00617693755980736 0.916422790711906 -0.0112238773234696 0.00187788327589541 0.400049705406755
1604567034.13529 -3.75442240403854 9.64530362186806 0.0048044042019123 0.909748877099515 -0.0112776809288496 0.000866403127501303 0.415004872109544
1604567034.26856 -3.98464054752074 9.81945052282248 0.000927858629492767 0.903206602839825 -0.0106058600046791 -0.000336174572820638 0.429074859793439
1604567034.40373 -4.22055728126451 9.98435491189481 -0.00688258256664875 0.896795893498142 -0.00896673049398324 -0.00260520855869874 0.442345946107209
1604567034.53726 -4.45225622943265 10.1522324674373 -0.0127859610400236 0.891038153735255 -0.00871327748321388 -0.00216989072168112 0.453839596066524
1604567034.67084 -4.6870816168284 10.3178115211434 -0.0170133382350629 0.885879194342332 -0.00929855936191494 -0.00123337508081203 0.463821160158832
1604567034.80544 -4.92734466089973 10.4749649462137 -0.0222937043798472 0.880624768343359 -0.00996725366314044 -0.000723532125533248 0.473708927228402
1604567034.93943 -5.17519132909965 10.6220197162885 -0.0248230680958885 0.874953357308187 -0.00961911422549127 -0.000969318666684826 0.48411068527556
1604567035.07266 -5.41758668268119 10.7585130688368 -0.0301486188949745 0.868484747433123 -0.00914798415357348 -0.000251763749194309 0.495631409897481
1604567035.20582 -5.66676697091452 10.8944911650695 -0.0381316717249463 0.861409127847906 -0.00969391443962512 0.000162020910786564 0.507819176707981
1604567035.33991 -5.91766443535154 11.0199718135567 -0.0420639289470397 0.854180662365256 -0.0104684302560773 2.24892689052473e-05 0.519870952740638
1604567035.47572 -6.17281160909215 11.1390673985843 -0.0442851833685943 0.846794922263228 -0.0116597589417719 -0.000390645634983695 0.531791554132464
1604567035.61196 -6.4357015342595 11.2514379275113 -0.0482837262569925 0.839561900852737 -0.0120043962699246 -0.00125241266405509 0.543129948142479
1604567035.74846 -6.69655104118847 11.3474990882287 -0.0523056791712406 0.831960961176392 -0.0111531056567844 -0.00217015915226789 0.554717818103868
1604567035.8839 -6.96029105408354 11.4363257625933 -0.0588760663402912 0.823733088307654 -0.0101110674840092 -0.00323857620500278 0.566878361878131
1604567036.01876 -7.22480850190336 11.5160449112273 -0.0609994269077376 0.815583914469814 -0.0100211705714006 -0.00503998858670646 0.578530079696398
1604567036.15513 -7.49108712695557 11.5961996963538 -0.061302576752538 0.807280171535957 -0.0107906775551765 -0.00531056179865014 0.59004583199626
1604567036.28977 -7.75618569648181 11.6804474363532 -0.0696190720204456 0.798409915765364 -0.0114489014900599 -0.00203045138604267 0.602001998609128
1604567036.42473 -8.02849602678271 11.7567399469093 -0.0832316355711681 0.78952861210866 -0.0122797787890988 0.000910294240212055 0.613590212649338
1604567036.5585 -8.31374971054608 11.8195346174555 -0.0919624377683267 0.780762974092153 -0.0133637520835286 0.00109519168812364 0.62468343100501
1604567036.69529 -8.60768490338411 11.866179505016 -0.0948027560553119 0.771939027725789 -0.0132925183007555 -0.000440045755365172 0.635557434690776
1604567036.82987 -8.90488129596312 11.9041993751248 -0.098057790253706 0.76260837242049 -0.0120536729602626 -0.00163797559823198 0.646746083342047
1604567036.9634 -9.20075377043924 11.9371809428125 -0.104164263263003 0.753283547663072 -0.0115594354341862 -0.00171039723369087 0.657592085425214
1604567037.09739 -9.50685896810626 11.9647194774763 -0.110007005831955 0.74395504871831 -0.0118833720875469 -0.00222128605337241 0.668120301175346
1604567037.23072 -9.81344996709405 11.9867319637784 -0.116706762984103 0.734312838829283 -0.0123397917758141 -0.00162559855988818 0.678697091270275
1604567037.3643 -10.1246228862968 11.9974548537188 -0.124906404462662 0.72455815123702 -0.0122934790903869 -0.00193561131003363 0.68910130551081
1604567037.49818 -10.4406874955373 12.0022855115555 -0.12948927709455 0.714849478949649 -0.0128336787973557 -0.00175629764827427 0.699158375872385
1604567037.63293 -10.7579488365546 11.9978332442244 -0.138415577365349 0.70493295734713 -0.0132259576572291 -0.0017176690037973 0.709148538250678
1604567037.76625 -11.0843430207144 11.9828467716839 -0.144090064498254 0.695348116992322 -0.013634353717633 -0.00277371326451655 0.718538382488131
1604567037.90599 -11.4893140297317 11.9514699491489 -0.14823594228998 0.683456204896979 -0.014166047767977 -0.00309756948622249 0.729847480054382
1604567038.04709 -11.8181257958133 11.9234613928498 -0.152846493740614 0.67343621790354 -0.0151985181011752 -0.00272674704968936 0.739084048206854
1604567038.19282 -12.1479262374686 11.8858529451298 -0.157482657655679 0.663702075823249 -0.0160730277830238 -0.00165128646933397 0.747822496036855
1604567038.32921 -12.4765225380952 11.8328032581038 -0.164808410545254 0.65364442014969 -0.015915321889709 -0.00120561376201663 0.756633478661749
1604567038.46332 -12.806560001547 11.7640207636463 -0.172584250145999 0.643134521876478 -0.0150816249699164 -0.00203679509017332 0.765601974151544
1604567038.60559 -13.1372715922878 11.6895543024416 -0.177507879479558 0.632389991319358 -0.0144643603191851 -0.00212861551234376 0.774512201424651
1604567038.73725 -13.5499634025096 11.5866411476883 -0.189897090204815 0.618956313408185 -0.0140028162104822 -0.00113823303817481 0.785299756561706
1604567038.88045 -13.875280807481 11.4921844027131 -0.197387059897975 0.607533008221135 -0.0145977162111168 -0.000613510393913581 0.794160043195447
1604567039.02305 -14.2077271904122 11.3907658242586 -0.203677442153818 0.595329859788242 -0.0152097887131421 -0.000888848691060539 0.803336934492507
1604567039.15912 -14.5275691471531 11.2720016151743 -0.205214269836825 0.583152897947703 -0.015521881667402 -0.00139523047988246 0.812212916750655
1604567039.2931 -14.8421963686403 11.1483596568355 -0.209692866992764 0.569877646959098 -0.0160098023457299 -0.00164909945082008 0.821571928802472
1604567039.42695 -15.1598135954779 11.0144367740486 -0.211696045716253 0.555577899797731 -0.017681904969897 -0.00191732311177065 0.83127424558028
1604567039.56291 -15.4683369238451 10.8710580043256 -0.216213566597078 0.540523776102731 -0.0194044378430674 -0.00122642840234009 0.84110404298934
1604567039.70302 -15.7679780377097 10.7124879912381 -0.222964134373006 0.524367488640668 -0.0192955630139995 -0.00176066648658664 0.85127158895277
1604567039.83969 -16.1235517370626 10.4947151883476 -0.230234132025103 0.50391673085427 -0.0179882966246517 -0.00316477130034682 0.863559108441515
1604567039.97407 -16.4005814828747 10.3086466250666 -0.239077848235481 0.486523894996953 -0.0179760093876615 -0.00306645494988838 0.873476937038139
1604567040.11386 -16.6751663375382 10.12593503122 -0.247686471005619 0.468431091920851 -0.0188445607075277 -0.00271508309430075 0.883294867514451
1604567040.25175 -16.9348176404712 9.92584716673793 -0.252739767936688 0.450071581946094 -0.0201766741564622 -0.00254219937787222 0.892760891934031
1604567040.38543 -17.1839254090901 9.71867345280548 -0.259670627073425 0.430587822212477 -0.0210536381721222 -0.00277784098201435 0.902298817067557
1604567040.52522 -17.4221846579263 9.49133111967461 -0.263104327068562 0.410767401228436 -0.0215828876281778 -0.00410973399981164 0.91147541444414
1604567040.66669 -17.6460462539167 9.25966289342704 -0.264916943656458 0.39059357741365 -0.021393616588691 -0.00476116661962589 0.920302288242772
1604567040.81315 -17.9092477295327 8.95703509754029 -0.274534554848716 0.364174599996385 -0.0219383690589263 -0.00468322553821583 0.931060490021495
1604567040.9515 -18.1119795440595 8.71508146337843 -0.281743211384936 0.342224201549007 -0.0226313408456382 -0.00474545365187118 0.939333752696724
1604567041.09245 -18.2920390446781 8.46128629555147 -0.286355559064936 0.319661038572115 -0.0232250590296044 -0.00546338938227062 0.947231528417697
1604567041.22655 -18.4662311174886 8.19669466346662 -0.293728925232867 0.295203294875098 -0.0244351284372579 -0.00609888213928985 0.955102477658702
1604567041.36195 -18.6281703845286 7.92510111236961 -0.299643574559906 0.270087483228308 -0.0252572606049476 -0.00637632276612087 0.962483332166389
1604567041.50098 -18.7670089545096 7.65482128095825 -0.307915854959804 0.244617754855795 -0.0255697369765953 -0.00612028389187644 0.969263062684914
1604567041.63319 -18.9027813437866 7.33854013599889 -0.299004919493288 0.212346422852755 -0.0270761739875586 -0.00627862226090768 0.976799087021655
1604567041.76511 -19.0034074820405 7.06854330949978 -0.295512868270073 0.186237931380494 -0.0270070522331617 -0.0066637452043791 0.982110811744093
1604567041.90711 -19.0888116329518 6.79383395039061 -0.295191780430003 0.160425369834135 -0.0272133387758111 -0.00611223584837052 0.986653827580468
1604567042.03879 -19.154447430184 6.52162491855952 -0.303008343766807 0.134330774596711 -0.0268115330061586 -0.00574215197855897 0.990557122222017
1604567042.1742 -19.2079482622924 6.24352581494726 -0.307831581850898 0.108785018163549 -0.0263014556690594 -0.00532491335827693 0.993703023317616
1604567042.30803 -19.2488363069948 5.97496788961832 -0.304937227561025 0.0840885515041588 -0.026033947856055 -0.00434085781299142 0.996108681830656
1604567042.44662 -19.277994926473 5.72377073558469 -0.30066700212538 0.0600960556319786 -0.0259363054220025 -0.00354171283408678 0.997849301462267
1604567042.58647 -19.2996552833777 5.47208035206749 -0.290830941046601 0.0366817064605615 -0.0262185538115146 -0.00273191978099114 0.998979267283103
1604567042.72191 -19.3110861279767 5.17803088320432 -0.307187663008543 0.0154374585357151 -0.0249149076356855 -0.00233509433982713 0.999567646328095
