1604566970.19348 0 0 5.55111512312578e-17 1 0 0 0
1604566970.32924 3.65838127700524e-05 0.124182519042836 0.000564342048950839 0.99999977933356 0.000115651440091255 1.72749361002559e-05 0.000653956536648644
1604566970.46305 0.000735570248722561 0.293851083147213 0.00147192667735835 0.999998804567669 -5.76369035077573e-05 5.32759569585264e-05 0.00154424832587796
1604566970.5959 -0.00461132707904388 0.465462782310416 0.002216544467224 0.999996440991051 8.43746199415427e-05 -0.000382722445205779 0.00263901680283692
1604566970.72968 -0.00576604523226698 0.639561884214842 0.000614539657702223 0.999990734321994 0.000499147760111806 -0.000614038537574603 0.00423143927612396
1604566970.86311 -0.010274305175077 0.817024505002507 0.00117676201280764 0.999983064570888 0.000526354548257715 -0.000850278362782497 0.00573328431270219
1604566970.99589 -0.0169372406269063 0.99820821076869 0.000233382787184822 0.999968571796693 0.000448971960903709 -0.00143687118061179 0.00778390931802124
1604566971.13183 -0.0232596446386582 1.1832923976921 0.00377678111217014 0.999946387740576 0.000306108930765638 -0.00214584408861704 0.0101253787604793
1604566971.27053 -0.0345871246073838 1.37211987167937 0.00412605696986768 0.999914770530115 0.000471487976560065 -0.00286131556345758 0.0127295816129717
1604566971.40784 -0.0385703683372305 1.56494517379526 0.00318073954673762 0.9998686711077 0.000666034523747795 -0.00275983980416816 0.015955570174405
1604566971.54534 -0.0430135149621174 1.76384452991084 0.00357850314188096 0.999817097958399 0.000996125235666405 -0.0019313328309291 0.0190012714852417
1604566971.68376 -0.0524871814297396 1.9628504119064 0.000782431954228585 0.999747478041054 0.00161379062437236 -0.00174282097407473 0.0223458811736277
1604566971.82176 -0.0621922668577892 2.16649776211849 0.00661955879357171 0.999654897228671 0.00156043256723121 -0.00192136581317836 0.026152626069882
1604566971.95871 -0.0797401288800286 2.42527851677661 0.00899700447203364 0.999531544485301 0.0019448791505645 -0.00247497467124774 0.0304431194902066
1604566972.10359 -0.0958066679575291 2.63328660410404 0.0125417727232328 0.999419546170859 0.00216589723954361 -0.00304939317475656 0.0338611993592507
1604566972.24085 -0.109826372286902 2.84644649906087 0.00689092200611321 0.999286666506267 0.00288271485622861 -0.00328035150669052 0.0375111635628907
1604566972.37821 -0.130435490902405 3.06060545647182 0.00841384045647189 0.99915988878871 0.00361160770223824 -0.00375264868094526 0.0406496070511861
1604566972.52336 -0.14837018375894 3.27506796027253 0.00776285530426465 0.999005900714562 0.00402262299818144 -0.0033992705801233 0.0442659440340387
1604566972.66076 -0.166559171767346 3.49704782840706 0.00896015555314489 0.998852692418333 0.00366567087462018 -0.0032152893932361 0.0476395174178253
1604566972.80562 -0.196406863945433 3.77831555086139 0.00931207677782825 0.998655190067501 0.00298593147438746 -0.0028479462983267 0.0516796358961245
1604566972.94239 -0.220338838299447 4.00726574591821 0.00867693789476778 0.998452954417544 0.00246249535390443 -0.00265769652844387 0.0554848680333038
1604566973.08816 -0.246359354214008 4.23794834890659 0.0101533158748739 0.998277614255989 0.00235336784178381 -0.00224733957878749 0.0585765823515614
1604566973.2285 -0.274953479125047 4.4647449517112 0.0109015154897348 0.998085560013906 0.00232352922283897 -0.00223427860990823 0.0617642623429734
1604566973.36554 -0.3191300699437 4.75010029242874 0.017591112893923 0.997793256022567 0.00114483296804411 -0.00388102235780433 0.0662740164681323
1604566973.50469 -0.351624874093338 4.98149023744604 0.0189887371061503 0.997561073261353 0.000750431931744952 -0.00415818161993746 0.0696710233252601
1604566973.63746 -0.383071008032301 5.20799942666107 0.0232755926789251 0.997362966893518 0.000381155620392852 -0.00319952493469923 0.0725033104757643
1604566973.7745 -0.414137525410611 5.43315069741993 0.0294576242836115 0.997035975189474 -0.000811741932416152 -0.00187115608829713 0.0769097134821349
1604566973.91146 -0.452782515870536 5.66316258325404 0.0324668369269811 0.996675783581139 -0.00207643788386822 -0.00273499378532354 0.0813977311577568
1604566974.04356 -0.496804760995048 5.88838464122303 0.0328077318574812 0.996306709990623 -0.00220010564548495 -0.00309577299392153 0.0857817891651787
1604566974.1773 -0.53474514235612 6.11434467813997 0.0273890598916231 0.995809423723954 -0.00183468264246335 -0.00217060062461118 0.0914085010001637
1604566974.3098 -0.572792155810585 6.33959497397946 0.0293375874267828 0.995169832892689 -0.00176001554065745 -0.000307197174775828 0.098151982534889
1604566974.44152 -0.619130552284446 6.56279149919029 0.0269523666133377 0.99440520814553 -0.00167916876831603 0.000584759556375258 0.105617803714873
1604566974.57781 -0.671450801408821 6.78350406838761 0.0300580028447295 0.993535063037323 -0.00213543442388594 -0.000479297016861137 0.113504575721037
1604566974.71282 -0.731575080433464 7.00489408003666 0.0323565363695549 0.992629983336473 -0.00267813545769822 -0.00166815745880673 0.121143555431548
1604566974.84513 -0.791940224545124 7.2268613389933 0.0293054393457463 0.991634641312661 -0.00251831947186144 -0.00251083868550551 0.129027485075246
1604566974.97678 -0.857950939543908 7.44320709706666 0.0273546659609018 0.990562982730171 -0.00212241595875212 -0.00312431177404178 0.137006245372773
1604566975.10918 -0.924609234226574 7.66003076047154 0.0266538380747594 0.989431960578556 -0.00310352145820837 -0.00276198442764999 0.144938383398789
1604566975.2415 -0.989572594366919 7.88440102643333 0.0272082791508025 0.988197543913964 -0.00417412947492969 -0.000635414876719278 0.153126702744722
1604566975.3739 -1.05657373475704 8.10160340587693 0.0289010313571907 0.986754022085496 -0.0052364864970455 0.000972462936238223 0.162136157050485
1604566975.51361 -1.13411144218025 8.31779146157662 0.0270241706786046 0.98528622807507 -0.00555006851252828 0.000444147859407581 0.170821685502125
1604566975.64594 -1.21662899740119 8.52790872817793 0.0263302522856406 0.983648804950648 -0.00603652570383874 0.000241556679348497 0.179995918084161
1604566975.77782 -1.30050337699723 8.74102590242364 0.0217080660689276 0.981975264919843 -0.00638856703171907 0.00130475126433394 0.188896963768675
1604566975.91247 -1.38497808539079 8.95125488994437 0.0186211533400167 0.980341684602524 -0.00706243325377674 0.00293180998891293 0.197159093012242
1604566976.04456 -1.47508528569635 9.16578988373444 0.0163767972365036 0.97849389555887 -0.00912669168792681 0.0041602335607381 0.206031774999832
1604566976.17675 -1.57366857487132 9.37920889811362 0.014025345281153 0.976527370998202 -0.00988436541371516 0.00361280662848992 0.215136097947258
1604566976.30899 -1.67854657030947 9.58379732201091 0.0101845479355375 0.974557369059429 -0.00980549377883452 0.00254711640303755 0.223909130903021
1604566976.44076 -1.78962801799587 9.78660272912646 0.00983583644342498 0.972485897195426 -0.0106464079239034 0.000800927929907743 0.232716978900929
1604566976.57253 -1.90093853049996 9.99356778474299 0.00744335853090389 0.970312151080771 -0.0116522353611707 0.000481781414598409 0.24157467326432
1604566976.70458 -2.01174612986266 10.1971739529193 0.00413757509195611 0.968124036241885 -0.0117570414406695 0.00120242693320869 0.250192279250889
1604566976.8364 -2.12467633730314 10.392339290489 0.00231022273614045 0.965716747194574 -0.0123611147566707 0.00167049900727277 0.259298238449417
1604566976.96931 -2.24654820464715 10.5848047398566 0.00181755145746479 0.963090911223326 -0.0129761676502396 0.000890416318936321 0.26886190312299
1604566977.10183 -2.36777757095498 10.774050819337 -0.00187210536149088 0.960118579638146 -0.0130257613159102 0.00113760859991505 0.279287214928367
1604566977.23354 -2.4898898825594 10.9592806671882 -0.00841214053314635 0.956949075505025 -0.0130796413818227 0.00199785537350474 0.289954131623101
1604566977.36676 -2.61609958661892 11.1408396203073 -0.011256727089213 0.953673015367963 -0.0135686985376613 0.00279762182036924 0.300525944788669
1604566977.49881 -2.74617412095784 11.3170384691697 -0.0176428210262198 0.949985648015518 -0.0133379345773536 0.00339399930646547 0.311990142207177
1604566977.63105 -2.88047237263001 11.4871534695064 -0.0264598745899945 0.94607014912903 -0.0129081326049648 0.00381616339011693 0.323682081580999
1604566977.76399 -3.02258287277039 11.6503458305522 -0.031463227204427 0.941944817513375 -0.0127384661555937 0.00284638513854911 0.33551391972814
1604566977.89605 -3.16889796627478 11.8090959190782 -0.0335552747203078 0.937328504603623 -0.0132082022814621 0.00167829925572964 0.348192477175536
1604566978.02791 -3.31458571415959 11.9665887905742 -0.0369663496208868 0.932303043117701 -0.013730125144499 0.00107084865179751 0.36141578927899
1604566978.15971 -3.46284368793246 12.1164278847633 -0.0406805910637615 0.927186769738785 -0.01383149848487 0.00142332044299134 0.374341231805872
1604566978.30453 -3.6142525042997 12.2597035172585 -0.0485982882387027 0.921713152130472 -0.0133673540195958 0.00176850323559234 0.387637783804068
1604566978.45562 -3.76748209644768 12.3963488389289 -0.0550891306194226 0.915769296801255 -0.0132573260812456 0.00156611749967257 0.401482733896849
1604566978.58883 -3.92500233654014 12.5321628202974 -0.0598726176733316 0.909681037314037 -0.014036989873106 0.00136622250989592 0.41506807478125
1604566978.72307 -4.12671328825068 12.691767882635 -0.0623725948318333 0.902005182825845 -0.0151992161425042 0.00115124471970361 0.431456033240424
1604566978.85654 -4.28720656833843 12.814103504961 -0.0672763110585038 0.895324570374071 -0.015622368168401 0.00201658116252072 0.445135696948371
1604566978.99063 -4.45251372284675 12.930418642329 -0.0739135834935755 0.888576986208973 -0.0158991321531021 0.00239096747392555 0.458445678844392
1604566979.12436 -4.62250699590849 13.0407194304365 -0.0792571005435232 0.881700610232255 -0.0163909240838803 0.00216381658896436 0.471519553594032
1604566979.2582 -4.79528339190613 13.1464372181016 -0.0828417914183192 0.874627854353162 -0.0168340278037362 0.00222244575828419 0.484497464010225
1604566979.39202 -4.9681647906292 13.2449232647798 -0.0881923266365248 0.8672980750917 -0.0169121567179921 0.00239760749602847 0.497496009406782
1604566979.52587 -5.14577889774639 13.3389972142526 -0.0939342304551586 0.859778674620131 -0.0169257226115836 0.0019900049894097 0.51038239630954
1604566979.66013 -5.32655193337738 13.4231791738806 -0.097618165838345 0.85228537067892 -0.0167280701265089 0.00103574135098344 0.522808517371697
1604566979.79384 -5.50910490112041 13.501017941307 -0.103196506157812 0.844399137492473 -0.0164065094541456 -9.28294409583406e-05 0.535463270852627
1604566979.92801 -5.69463915259579 13.5745162584221 -0.108851710377522 0.836133037273293 -0.0163997621470485 -0.001556553745156 0.548279280040835
1604566980.06158 -5.88268817068855 13.6452042429987 -0.115078662007404 0.827874194540016 -0.0163507611205519 -0.0020125736556181 0.56067184713768
1604566980.19521 -6.07180346126283 13.7133876768976 -0.122453635865485 0.819144552915297 -0.0168063679203261 -0.00168501717547728 0.573338388862671
1604566980.32949 -6.26411883429132 13.781903210602 -0.129795064420854 0.810106977654599 -0.0180561347330701 -0.000727030929896523 0.586003525740126
1604566980.46381 -6.46079940787743 13.8439195034788 -0.13721198283131 0.801281383777327 -0.0197413473433943 -2.64455925355152e-05 0.597961890522791
1604566980.60139 -6.65762337771872 13.8982028268874 -0.140843470349985 0.79208760712338 -0.0216361039134947 9.22867238081129e-05 0.610023846363536
1604566980.74493 -6.86132237314533 13.9465208853492 -0.143935676642701 0.782948861154126 -0.0229291053197157 -0.000441207140619029 0.621663206473531
1604566980.87886 -7.06026771838906 13.9781651071569 -0.147850047197083 0.773998181956999 -0.022561611685795 -0.00144609622395055 0.632784083879415
1604566981.01356 -7.26322778780766 14.005358813374 -0.154101559375976 0.764780399593199 -0.0223009752954102 -0.00288686025599661 0.643898495833623
1604566981.14798 -7.46819817642466 14.0287816268379 -0.159518362585469 0.755701382035414 -0.0219610678500953 -0.00420206095567663 0.654534548646879
1604566981.28186 -7.67580873603125 14.0479019110647 -0.167751119626583 0.746922746915355 -0.0220754257388099 -0.00500587548235662 0.664525414810845
1604566981.41773 -7.88669724079503 14.0647695285869 -0.175346788321125 0.737812444623247 -0.0228343452354047 -0.00544786987723184 0.674597442887637
1604566981.55378 -8.15345302792561 14.0803255989288 -0.184320183585432 0.726628355440581 -0.0228539395263938 -0.00581713290375489 0.686625874463394
1604566981.68816 -8.36493436077501 14.0818684758316 -0.194086574730461 0.71841671543635 -0.0222702861867141 -0.00607346292890721 0.695229868736132
1604566981.82488 -8.57807557301892 14.0843160361345 -0.201304910911523 0.70999833001297 -0.0229336853479947 -0.00564299772103538 0.703807199474311
1604566981.95911 -8.79617543425263 14.0888129926514 -0.211384756784867 0.701756310136472 -0.0240678507896127 -0.00446259635706995 0.711996422024554
1604566982.09355 -9.01106610377082 14.0848368363667 -0.22048501003719 0.693864896229646 -0.0253651991813371 -0.00359206680888589 0.719649365668278
1604566982.22755 -9.22698992543453 14.0715531511454 -0.22619950737454 0.686108358252868 -0.0255331512959368 -0.00439870349103175 0.727037846558245
1604566982.36174 -9.43887538186727 14.0500988777939 -0.230964958959214 0.678669622207727 -0.0251068573385868 -0.00524047451332812 0.733995726849875
1604566982.50724 -9.65309337491409 14.0263425317275 -0.242015570386992 0.671695935745058 -0.024270626606067 -0.00564816385535755 0.740407728777045
1604566982.64604 -9.86771742557058 14.0041197339944 -0.250464476890199 0.665257299939533 -0.0241608207349127 -0.00505919128517101 0.746205993142722
1604566982.78003 -10.0843001215468 13.9806827191589 -0.26156859234044 0.659300915519384 -0.0244256181527668 -0.00372867890208907 0.751473079309434
1604566982.9148 -10.2979679845217 13.9504187344159 -0.270473310681184 0.653630255473728 -0.0246618746469833 -0.00287948816728325 0.756406629807103
1604566983.04905 -10.5178078065523 13.9134636778319 -0.281771712141824 0.648151796166061 -0.0241154316435766 -0.00285787353529461 0.761123858279458
1604566983.18786 -10.7819777549514 13.85678233284 -0.29224616551969 0.641861384521421 -0.0228895453373423 -0.00390344117399833 0.766469043681149
1604566983.32319 -10.9993099242835 13.812652099746 -0.298220410899877 0.636479698946266 -0.0229246087418291 -0.00479557449150855 0.770937778039578
1604566983.45765 -11.2176924662525 13.7737883812943 -0.306596026966646 0.631687363338839 -0.0241241518660599 -0.00425659489753388 0.774836099891227
1604566983.59228 -11.4332530521194 13.7303561663363 -0.313204234344043 0.62717170186418 -0.0249324547058816 -0.00413080843592033 0.778470915002476
1604566983.72891 -11.6462989937007 13.6798972398237 -0.321420200578151 0.622864723391096 -0.0248470919296627 -0.00478007571323331 0.781920270394462
1604566983.86412 -11.8586130047101 13.624455586139 -0.327998559112571 0.618891160292055 -0.024721642111658 -0.00575970148054946 0.785066492701422
1604566983.99972 -12.0721682748767 13.5752396838227 -0.331969070556797 0.615252020086259 -0.0254263045360102 -0.00555640441203019 0.787900743233201
1604566984.14634 -12.285464688245 13.526524053124 -0.342232237537968 0.611859930620191 -0.0260368984620837 -0.00423354061398436 0.790526142738999
1604566984.28133 -12.4942719799618 13.4733514733888 -0.351844017555456 0.608762932586294 -0.0261446514788899 -0.00371759857843234 0.792912560481162
1604566984.41657 -12.7048438786203 13.4127475610765 -0.359731887226059 0.606074338691596 -0.0262132364834608 -0.00434046797712916 0.794964101422414
1604566984.55123 -12.9711464357192 13.3387070079112 -0.365188158666122 0.602801916100208 -0.0266842310018159 -0.00462586118090131 0.797431127540237
1604566984.68631 -13.1852706981597 13.2798964178453 -0.373082239335696 0.600473386609403 -0.0270747017137529 -0.00446475493084253 0.799173784895596
1604566984.82179 -13.3958066682463 13.2166782500473 -0.383631422826976 0.59869856867502 -0.0264140297151189 -0.00426380090030285 0.800527415459691
1604566984.95658 -13.6031942074849 13.1506635644333 -0.391792852109358 0.596812586226974 -0.026336308537155 -0.00424979814531804 0.801937076702051
1604566985.09197 -13.816707031394 13.0900607220752 -0.398620893481665 0.594645453036183 -0.0268665013477058 -0.00396969562526247 0.803529226478645
1604566985.22705 -14.0274127303424 13.0245773532854 -0.407110749261451 0.592823710488629 -0.0270625437453956 -0.00367442587266751 0.804869036305304
1604566985.36222 -14.2315723567018 12.9542188584298 -0.41285950402987 0.590311988414254 -0.0266608900303312 -0.00335119095730544 0.806727787296538
1604566985.49695 -14.4400548104801 12.8892427868564 -0.424172843807469 0.587188127153292 -0.0266949198704441 -0.00285481326092777 0.809005151173072
1604566985.6321 -14.6493878765738 12.8216564033209 -0.432423495113289 0.584268482555042 -0.0277584779557089 -0.00258125898320507 0.811081465881494
1604566985.76986 -14.8569420555 12.7520573485773 -0.434669408439681 0.580840461090478 -0.0284142584576441 -0.00301191135954278 0.813515775548616
1604566985.90447 -15.0635205072513 12.6763644115643 -0.442079385994497 0.57758126624595 -0.0280331809425164 -0.0032989639175598 0.815845045633691
1604566986.0388 -15.2654557249764 12.5969526925719 -0.449616514794231 0.57410892206202 -0.0274146910215422 -0.00362638040944059 0.818311816907287
1604566986.17483 -15.4720340123802 12.5224088234811 -0.4591275643144 0.570133407462802 -0.0276980374499661 -0.00368912584695039 0.821076797118735
1604566986.31524 -15.6780130971177 12.4488494705305 -0.464904510669675 0.566531323692658 -0.0286539883444088 -0.00311930205250866 0.823535960466638
1604566986.4496 -15.8793944750459 12.3722104623707 -0.471442938107401 0.56291194570422 -0.0293858286338102 -0.00237192035033062 0.825990913057066
1604566986.58362 -16.1327053541865 12.2723823546663 -0.484632391223951 0.557793538448875 -0.0297796085910759 -0.00168647916291317 0.829443608188573
1604566986.72056 -16.3348081422382 12.1859617414396 -0.493213682429873 0.553995745789615 -0.0296118035334945 -0.00214461074484607 0.831989937068506
1604566986.85857 -16.5311242993531 12.0968139667896 -0.494166191272542 0.549870662503532 -0.029614835919584 -0.00250760299502289 0.834720868277895
1604566986.9948 -16.7309457045651 12.0112193555433 -0.504071993964105 0.544996133709918 -0.0303577202806172 -0.00181457677569675 0.837886824321596
1604566987.13099 -16.9318185107407 11.9220047990149 -0.512702927757395 0.540106033538299 -0.0315360422474191 -0.00146058646024898 0.841004647586497
1604566987.27145 -17.1307112586949 11.8273596742228 -0.520875315534319 0.534564280355105 -0.0320530988300863 -0.0011799649175156 0.844518938039054
1604566987.40979 -17.3312930679616 11.7292995739778 -0.528223453796364 0.528719563002954 -0.0319734104370104 -0.0015284897297477 0.848192777876667
1604566987.5457 -17.525722936953 11.6218095922418 -0.533526746797021 0.522970227116118 -0.0316556101921717 -0.00203086362557318 0.851760494203864
1604566987.68087 -17.7215670283618 11.5142791842106 -0.540884158017362 0.516314280843689 -0.031734892215155 -0.00229200425061066 0.855807926306757
1604566987.81979 -17.9671218589977 11.3771714391631 -0.552016248067566 0.50661870640217 -0.032706757392867 -0.00247525475939269 0.861546068099734
1604566987.95515 -18.1562222861336 11.265722141124 -0.556259402405543 0.497856716239748 -0.0339014844233122 -0.00236890571742504 0.866593196219872
1604566988.09033 -18.338007352783 11.1486465789311 -0.559089337487101 0.487602619723535 -0.0344688649397345 -0.00228592237592103 0.872382001847472
1604566988.22545 -18.5204560443941 11.0287841917588 -0.569741702206557 0.476166382533704 -0.0351258549509082 -0.00239438271396989 0.87865011090317
1604566988.36713 -18.6958821005674 10.9052632934197 -0.57313116729259 0.464888971404562 -0.0360326861957151 -0.00290655254110148 0.884630680987414
1604566988.50818 -18.8717525672231 10.7767192870666 -0.581121403564572 0.452891330890359 -0.0367259833826725 -0.00287209628135044 0.890804353161729
1604566988.6533 -19.0438383116414 10.646705438247 -0.591470995473051 0.440820713435216 -0.0368447355357048 -0.00220616714087992 0.896835936443404
1604566988.79113 -19.2415002440787 10.4709320842743 -0.600741645654208 0.42637904375712 -0.0356389864893145 -0.00239935955653015 0.903839043613682
1604566988.93213 -19.3993687657218 10.3256207872581 -0.609047370266463 0.414168020519262 -0.0347793388547404 -0.00335719081481395 0.909529536429585
1604566989.07296 -19.5525994190812 10.1795563194932 -0.609829062390797 0.402350711345999 -0.034429531661676 -0.00445243320752835 0.914827135729728
1604566989.21073 -19.7024631690161 10.028851096306 -0.616120669870078 0.390744550837023 -0.0343927342499179 -0.00461300993007549 0.919844854288685
1604566989.35254 -19.846456664587 9.88013121940925 -0.623007990108652 0.379050210088351 -0.0348219680532581 -0.00401597051275108 0.924711977187338
1604566989.49451 -20.0237974670071 9.67951256996037 -0.635585559731522 0.364606293210828 -0.0345036745073607 -0.00439532809029511 0.930511917434445
1604566989.62745 -20.1589579017712 9.51170507498562 -0.634856464343044 0.35263656027016 -0.0344309800201383 -0.0057921683424298 0.935108771620487
1604566989.75945 -20.3027102146932 9.34174105941934 -0.64510779598933 0.339764564939695 -0.0349623385988543 -0.00619166677113653 0.939840060091947
1604566989.89874 -20.4418768288939 9.17173643913776 -0.652535104017174 0.327208354208356 -0.0363009254055735 -0.00614515071076553 0.944234702218521
1604566990.0327 -20.5732731063913 8.99630632213964 -0.656378987445476 0.314275389112251 -0.0373589176166231 -0.00588631262578472 0.948578221548718
1604566990.16643 -20.6956738448402 8.81225694593227 -0.66295593503627 0.301137977517459 -0.0365097955813986 -0.00667765327350242 0.952857996907229
1604566990.3051 -20.8142847421104 8.62639912397884 -0.661148849660092 0.288391035767527 -0.0360697990100478 -0.00782122258757382 0.956801133238012
1604566990.44244 -20.9332551609601 8.43730349044601 -0.669174385089314 0.275397251821455 -0.0365741839056847 -0.00774107515882787 0.960603330473203
1604566990.57593 -21.0445036824804 8.25161582172201 -0.678186744951998 0.262317493720836 -0.0377495012979529 -0.00717855942814989 0.964216249564542
1604566990.71108 -21.1565402284993 8.05909258040021 -0.687594118511122 0.249383306977309 -0.0389111018215725 -0.00686309600909931 0.96759846541283
1604566990.84721 -21.2525065626302 7.86388000139203 -0.687634660772251 0.236783577947778 -0.0387218195982261 -0.00669243635426722 0.97076741251285
1604566990.9815 -21.3666163347104 7.62257169058382 -0.695764145231874 0.219888655497818 -0.0395679864739216 -0.00518568887965429 0.974708398579085
1604566991.11729 -21.4619064549293 7.42336795881618 -0.707333230594386 0.206695036653149 -0.0407036450532873 -0.00439208004841834 0.977548507612373
1604566991.25506 -21.5446927047628 7.22836324714597 -0.710117054406221 0.193278682805907 -0.0419720422317661 -0.00397180256279584 0.980237687108648
1604566991.39407 -21.6197858170392 7.02774569239561 -0.714816969132665 0.179338568099342 -0.0418321580221267 -0.00396269868537047 0.982889640583529
1604566991.5285 -21.6799000755135 6.82911444574852 -0.709582444567277 0.165254889338983 -0.0400674584716642 -0.00412562875561815 0.985428028578725
1604566991.66535 -21.7218915230473 6.63990232921632 -0.704037008681652 0.15074725998271 -0.038182744254708 -0.00278089339378986 0.987830758926253
1604566991.80128 -21.7607778643523 6.44925482776346 -0.708705421694283 0.133936622615557 -0.0365354477984736 -0.00033588970050755 0.990316125969184
1604566991.93489 -21.8035001890535 6.26267963568797 -0.722210461990723 0.117007817165504 -0.0352546559235982 0.00168919932948531 0.992503615390643
1604566992.07103 -21.8407388832092 6.07114844866202 -0.729448113557836 0.101275259282293 -0.0359960050860915 0.00259987375156017 0.994203626090562
1604566992.20457 -21.8793634559217 5.87446966011788 -0.732519373285562 0.0843868815856798 -0.0372803141767731 0.0028295169271163 0.995731402650878
1604566992.33793 -21.9084952487914 5.67310396219428 -0.733918034766567 0.0679478856685225 -0.0370427900858572 0.00301379733007638 0.996996405992261
1604566992.47216 -21.9200619336993 5.46879054934718 -0.735534472386604 0.0512062662645672 -0.0361227755059608 0.00265692708542069 0.998031063706662
1604566992.6072 -21.9370185967831 5.26951576561069 -0.734110766316039 0.0332327342982369 -0.0358102315513866 0.00109872482370005 0.998805289078437
1604566992.7402 -21.9419099235094 5.07339678880854 -0.720528860412342 0.0168194212119889 -0.0353412020879899 -0.000996149438045002 0.999233263152987
1604566992.87406 -21.9239641255914 4.88387986540829 -0.708058246290337 8.64598891632981e-05 -0.033739632443743 -0.00152096525328791 0.999429495458257
1604566993.01363 -21.9140619145793 4.70662276986865 -0.701785823995251 0.0190337417541849 0.0332446202824242 0.00100331182981717 -0.999265482873538
1604566993.14725 -21.9029358013706 4.50826739148262 -0.705616557128099 0.0373227056579381 0.0337708561434393 0.000575871478944913 -0.998732303117182
1604566993.2806 -21.8736289084913 4.27154138826163 -0.704249146811746 0.0592546161414028 0.0352011420603807 0.00168019903005188 -0.997620642827122
1604566993.41849 -21.8550717687884 4.08016598814909 -0.690776549154139 0.0778294356683472 0.0359220879157697 0.00301399275580949 -0.996314758693751
1604566993.54957 -21.8118586073921 3.88553942084647 -0.69021530937461 0.0959103198925373 0.0356277069131894 0.00329340412182751 -0.994746716771415
1604566993.68114 -21.7564791675886 3.68493305115303 -0.682734574595427 0.114240075161389 0.0348865240745116 0.00310832730549187 -0.992835572472341
1604566993.81616 -21.706500221044 3.50620346830017 -0.688506766594212 0.133627011371634 0.0354809340844689 0.00257292407325268 -0.990393005432739
1604566993.95185 -21.642698797869 3.31327477648334 -0.694586015588402 0.152347315360182 0.0358670707844318 0.00247281848449319 -0.987672888108524
1604566994.09137 -21.5799705241478 3.14922059957713 -0.681050215865719 0.171165010664529 0.0366729082953596 0.0036330472668872 -0.984552912691303
1604566994.23089 -21.4999796522147 2.9524801920271 -0.685351237408738 0.190398530854146 0.0373429566398922 0.00447009677607709 -0.980986198309021
1604566994.36331 -21.4197000927833 2.76925948917347 -0.68226463921819 0.209133679677789 0.0378592455015683 0.00506843314853208 -0.97714077416711
1604566994.49554 -21.3281428349313 2.5882990559921 -0.681332004109474 0.227685462160329 0.0378517740663748 0.00561277295771636 -0.972982564232572
1604566994.62728 -21.2288373698474 2.43264986746466 -0.668627401182247 0.246502557324252 0.0370457179341445 0.00601754586136928 -0.968415145047388
1604566994.75956 -21.1205165399376 2.25071426770672 -0.673010718659368 0.26535136539665 0.0372245475746162 0.006003633208771 -0.963414211192825
1604566994.89099 -21.0144917476881 2.07437586984577 -0.672620102427365 0.284055450765094 0.0370440592842229 0.0058556981956002 -0.958074083440852
1604566995.02316 -20.9022574961154 1.9216084500908 -0.668599564341301 0.302285680252162 0.0370261777644432 0.00669261853867774 -0.952474481827067
1604566995.16038 -20.7729419555389 1.75176700375683 -0.662265574023717 0.320392283458821 0.0366875711130153 0.00743040677030644 -0.94654508391365
1604566995.293 -20.6475390092271 1.61308316917107 -0.655302309589785 0.338083447475487 0.0366280416466983 0.00773730106001859 -0.940371258216947
1604566995.43329 -20.5134044634704 1.46705566071388 -0.649987958141402 0.356303171555074 0.0360224839678976 0.00793417708649423 -0.933642051014487
1604566995.56552 -20.3744115844934 1.32569461902614 -0.650063078771156 0.37427026540908 0.0362078793241792 0.00717137523049209 -0.926584766377457
1604566995.7006 -20.2272516968913 1.18338029490555 -0.655120133986029 0.392332837279661 0.0362569300035741 0.00681104237331553 -0.919083233184349
1604566995.83459 -20.0701273301132 1.04964445711391 -0.657572691038699 0.409808031171888 0.0355552354953172 0.0072429768752519 -0.911449802294058
1604566995.97165 -19.9260106961501 0.933001112280193 -0.633242975194747 0.426868795131657 0.0352196687936037 0.0076482066497484 -0.903595103798134
1604566996.10517 -19.7672122768231 0.813771955402605 -0.63601460593256 0.444563139919758 0.0357037236290922 0.0073334377465916 -0.895005630951292
1604566996.23802 -19.6126050457621 0.699749782514369 -0.633704337274871 0.461884536130726 0.0359291104878992 0.00731997255203306 -0.886181805446654
1604566996.37234 -19.4467175309433 0.593359029446112 -0.626774592441574 0.478538687896487 0.0357525887011391 0.00786568847499887 -0.877303030618435
1604566996.50502 -19.2853508452141 0.496524235424227 -0.617999740971759 0.495283161505136 0.0355291066536107 0.00785435408235541 -0.867969228505149
1604566996.63687 -19.1013358814211 0.401273531246774 -0.620339026882776 0.511584352675761 0.0354687125031623 0.00731483144185461 -0.858469518254241
1604566996.77268 -18.9380283135785 0.320578803209918 -0.604455450005969 0.527584507239719 0.0345538722549152 0.00707487366258986 -0.848770029981898
1604566996.90824 -18.757797393852 0.233959094526967 -0.599132674241574 0.542769314579512 0.0344634101849175 0.00696776708328865 -0.839145514634492
1604566997.04403 -18.5766462187993 0.157160587632858 -0.597005714271918 0.556450194538307 0.0344119297971651 0.00688925261735379 -0.830139469176289
1604566997.17881 -18.3362986520332 0.06809113359779 -0.585131056338954 0.573149692307572 0.0339303453485842 0.00784390999592519 -0.818710348626568
1604566997.31953 -18.1362476738402 0.00251864230740012 -0.583739096769954 0.585992043877685 0.0338000168609976 0.00759521806032707 -0.809575935928721
1604566997.45346 -17.9369751701538 -0.0554685537447824 -0.576695860633506 0.597725895102209 0.0326982121375461 0.0065760164252741 -0.801006452692639
1604566997.59347 -17.7297492166235 -0.104810000736201 -0.570724906175971 0.608735143674796 0.0317187857064389 0.00585973565830893 -0.792717545527125
1604566997.73144 -17.5213804686518 -0.155158268299838 -0.561407550884336 0.619049815388858 0.0309702553685209 0.00567385364132807 -0.784720317523566
1604566997.86978 -17.3143887224771 -0.203849543262436 -0.554629818182893 0.628624882037609 0.0309266570325134 0.00574636675163139 -0.777072248145017
1604566998.00981 -17.1027446766852 -0.245166745291959 -0.547671840700225 0.637473204944375 0.0307989984949489 0.00588753084021615 -0.769834184516549
1604566998.15281 -16.8884490035324 -0.278216722070012 -0.540049452007562 0.645772826313887 0.0299655485864064 0.00565091575470398 -0.762920434805376
1604566998.28963 -16.6257966098699 -0.318465038748444 -0.528895002725115 0.655363056543314 0.0288925722386452 0.00520123161990406 -0.754743287865004
1604566998.42517 -16.4125699629214 -0.34557357641847 -0.520719662759381 0.6622227600617 0.0289273270379662 0.00524712024118397 -0.748730053848433
1604566998.56168 -16.1948956556394 -0.370450964708176 -0.514936645885093 0.6688724241802 0.0290187014030872 0.00529821758392352 -0.742791709721248
1604566998.69769 -15.9780499442693 -0.396276459397001 -0.507729677144351 0.674919689337837 0.0289969086477923 0.00553151193514703 -0.73730047783024
1604566998.83933 -15.7590550885454 -0.413898997682243 -0.499480006214584 0.680013063868175 0.0286011772703441 0.00546116817719877 -0.732621581220147
1604566998.9863 -15.5342772881022 -0.424077876771496 -0.492420764933606 0.684926970709624 0.0277196929287877 0.00517271635818924 -0.728065866816972
1604566999.12809 -15.2574822193982 -0.438804131895862 -0.48032972828201 0.690449318334817 0.026769773121175 0.00476413779752181 -0.722869574023609
1604566999.26512 -15.0374223670797 -0.445158813310777 -0.47191742475358 0.694129601102334 0.0265258955867265 0.00471220634805027 -0.719345722756568
1604566999.4012 -14.8125729468195 -0.449038344266567 -0.464630421557231 0.697766616077631 0.0256639329277603 0.00428268771611038 -0.715852478252452
1604566999.53656 -14.5922991208981 -0.454623715582231 -0.45765479886488 0.70089225008213 0.0255051544466771 0.00405341057717463 -0.712799488449699
1604566999.67328 -14.3706479106077 -0.453695256427202 -0.449726474998216 0.703578672877131 0.024742529965054 0.00378096364758347 -0.710176430612337
1604566999.81061 -14.1486137141237 -0.454626079017282 -0.439373432811168 0.70652919200999 0.0244753809720109 0.00403923394581714 -0.707248995158789
1604566999.94531 -13.9280794623361 -0.457018010604171 -0.429872956798394 0.708957023139637 0.0244805117440342 0.00382447533334698 -0.704816300374899
1604567000.08137 -13.6515408620092 -0.457488677810261 -0.425061606180046 0.711399664111303 0.0250379026270559 0.00306688311360096 -0.702334831517227
1604567000.21911 -13.4279067109326 -0.454479633866444 -0.421099785552178 0.71289729965746 0.0249108754271237 0.00298227142381531 -0.700819516340485
1604567000.35482 -13.2012907824775 -0.453269572223732 -0.413618022604491 0.713845360390991 0.0240778084707646 0.00319481313711492 -0.699882028456597
1604567000.49315 -12.9742603484916 -0.446642052758877 -0.400275780413617 0.714368629596831 0.0232934587777892 0.00313578585536096 -0.699374751240837
1604567000.63048 -12.7487144496263 -0.441004322868941 -0.392936835888542 0.714790821371859 0.0231711761092824 0.00243010754020205 -0.698950121866788
1604567000.76495 -12.5235620276703 -0.43792170107626 -0.386170907021091 0.714840759303404 0.0233227524820693 0.00235227951001162 -0.698894273002934
1604567000.90155 -12.3004997179039 -0.435788023094919 -0.379502848218273 0.714636490051028 0.023750566770612 0.00234132385634919 -0.699088775384229
1604567001.03842 -12.077486658517 -0.433955543955582 -0.374314450721494 0.71450393343139 0.0243583210980863 0.00256747178175646 -0.699202552478897
1604567001.17963 -11.8501095435056 -0.435364142724574 -0.366767632802115 0.714037447760893 0.0240973807060351 0.00319517842315742 -0.699685379490712
1604567001.32089 -11.5704647448745 -0.431214349159291 -0.353861713894117 0.712831913141939 0.0241346614323259 0.00324946425480964 -0.70091199355269
1604567001.45782 -11.3465867165709 -0.428007578129194 -0.348980427005218 0.711848626624981 0.0237657122231411 0.00260002208577273 -0.701925896074371
1604567001.59465 -11.1223461992771 -0.423830538555688 -0.343008256341657 0.710336699805337 0.0231039513974242 0.00230636069060534 -0.703478969863245
1604567001.73157 -10.8982401802726 -0.423834221906044 -0.332713212506165 0.708712736143389 0.0230544960481888 0.00268227501822632 -0.705115276561813
1604567001.86924 -10.6745206453653 -0.428764225196651 -0.323523036104907 0.706843568074124 0.0237366806920636 0.0029578532531714 -0.706965339579033
1604567002.00635 -10.4535189807432 -0.434944068813308 -0.318539237480925 0.704835690768803 0.0245330937398238 0.00305511013653363 -0.708939660783674
1604567002.14134 -10.2304263584117 -0.435786610157807 -0.312709636766368 0.702725252793564 0.0242127294466216 0.00237815529115262 -0.711045221625445
1604567002.27944 -10.0080330920655 -0.435593667342291 -0.305696487646483 0.700520580375664 0.0233736451802582 0.00214780075515922 -0.713246083853985
1604567002.41787 -9.73192778823817 -0.441086618388266 -0.292474086903435 0.69780306087816 0.0228997744138038 0.0024993215995066 -0.715919158810833
1604567002.56059 -9.50783703287182 -0.456322226246789 -0.28634872412304 0.695479835963561 0.0231186009453682 0.00328756669876512 -0.718166081045066
1604567002.70557 -9.28389842932695 -0.468825457205713 -0.278422310671182 0.692669451179084 0.0239256368983909 0.00404768638064787 -0.720846871074042
1604567002.83995 -9.06419923483851 -0.487699777117252 -0.274319382793755 0.689644453146801 0.0244693139181564 0.00466859312260444 -0.723719548691674
1604567002.97577 -8.8428413618047 -0.505919728116157 -0.265576854970741 0.68582387508339 0.0240326955969215 0.00481209094768778 -0.727354717925621
1604567003.11824 -8.62429902248343 -0.518030555667083 -0.254028018782353 0.681093614983966 0.0232431363446824 0.00397752723387364 -0.731816523124506
1604567003.25761 -8.34948703114663 -0.544756555472132 -0.24801283384686 0.674737726556843 0.0234896650697673 0.00337537414597303 -0.737675974154769
1604567003.39414 -8.13399207011359 -0.57804375224371 -0.241838205239022 0.668962348547632 0.024131990866745 0.00418367347769983 -0.742892670658875
1604567003.53002 -7.91606045706247 -0.605885970940317 -0.232641677416585 0.662457689229907 0.0243558783529976 0.00493356692047351 -0.748687024788908
1604567003.66612 -7.69994839251856 -0.637752223432392 -0.222838587916355 0.65604407539754 0.0240634244150615 0.00465354427394269 -0.754324510583408
1604567003.80452 -7.48223049849057 -0.66469989787867 -0.21514943254757 0.649023820013398 0.0229843851192682 0.0034951045062962 -0.760412771684167
1604567003.94447 -7.2642005345138 -0.700617388775367 -0.209825943883661 0.641939689852015 0.0223785091426647 0.00266873065146067 -0.766423848009677
1604567004.08518 -7.04842132518376 -0.748358214967993 -0.204496419069674 0.634438200075568 0.0227580091146832 0.00314779809662742 -0.772632082347836
1604567004.22997 -6.77776352740387 -0.818816137940118 -0.195818050097347 0.624626551276206 0.024096044272612 0.0048474643633486 -0.780536709053746
1604567004.36924 -6.5591149520928 -0.877380746523735 -0.189817371882592 0.617108485779387 0.0251912609210277 0.00564844144241912 -0.786454456571741
1604567004.50446 -6.34417973610309 -0.93961232316354 -0.184375025046985 0.60914883954787 0.0256347515095691 0.00535974281116691 -0.792623380900112
1604567004.63881 -6.12521447029472 -0.999311701556534 -0.180427664055372 0.601297112722 0.0262189822965538 0.00494471605878415 -0.798579925231419
1604567004.77568 -5.91382912491862 -1.07065709885699 -0.174336629540665 0.593809580702243 0.0267617825838503 0.00462158115259185 -0.804147144400085
1604567004.91063 -5.64445798644246 -1.15758509204359 -0.1692854205618 0.583604937426829 0.0265024157626269 0.00391747564661134 -0.811595682809075
1604567005.04545 -5.42366254256887 -1.22762916077089 -0.162964757668775 0.575667086529297 0.0255394195835294 0.00293580992496839 -0.81727995482227
1604567005.17754 -5.21322033724965 -1.30663083186314 -0.157897128664175 0.567641114691965 0.0244564140468437 0.00221802168634971 -0.822909794025464
1604567005.31601 -5.00023283480932 -1.38823278343294 -0.149562513611351 0.559451369085159 0.0238680898688874 0.00217441367768969 -0.82851659720244
1604567005.45256 -4.79457500282688 -1.48374196966428 -0.144379590424729 0.55151175314091 0.0242865571777519 0.00239017587310238 -0.833810072107064
1604567005.58885 -4.58938991667065 -1.57843540655024 -0.14118289715994 0.542638224360697 0.0242972962967432 0.00253982886951751 -0.839611188660949
1604567005.7292 -4.38088322350966 -1.67831962596161 -0.136951552542602 0.533445106946447 0.0240745984827229 0.00284251261783952 -0.84548722740489
1604567005.86867 -4.18143905601806 -1.78488881741755 -0.128345493912968 0.523608994763001 0.0236061318221053 0.00276403487255654 -0.851627108102426
1604567006.01133 -3.98389671676176 -1.89080454268675 -0.121252501299495 0.512972433514885 0.0242308113587539 0.00318549502941386 -0.858057109320895
1604567006.14857 -3.79120987051503 -2.01331760308892 -0.115808874940838 0.503164371432814 0.0261124569648949 0.00372272356123863 -0.863788108416158
1604567006.29193 -3.55608637194318 -2.16704833757481 -0.113191132109576 0.489676215466781 0.0276237733665842 0.00447883914052152 -0.871455145805609
1604567006.43435 -3.36334136431969 -2.28465700751423 -0.105741445786902 0.47885043011537 0.0266676343542435 0.00473689563749031 -0.877478583599619
1604567006.57666 -3.17184325430259 -2.4066638963253 -0.099263866616381 0.468565952960447 0.0248951664862554 0.00364207081776398 -0.883070163538576
1604567006.71 -2.99041421938706 -2.53458197478958 -0.0948765736098168 0.457504432921288 0.0238485770263209 0.00323400855457519 -0.888881589650646
1604567006.84354 -2.76984815485012 -2.70801786738481 -0.0853148980391866 0.443622275202089 0.0245948531441668 0.00376332066863582 -0.89586840973487
1604567006.97774 -2.60202159743355 -2.84851715819905 -0.0813729968882042 0.432605702789026 0.0252445838573496 0.00360285436266477 -0.901222523209847
1604567007.11562 -2.42881701744399 -2.99236149728362 -0.0799976424282262 0.42098034008491 0.0245829514528712 0.00345139886249063 -0.906730014726408
1604567007.25952 -2.25811004851523 -3.13582866966275 -0.0737969926852181 0.409614473927602 0.0234702499004728 0.00313792868031697 -0.911951360283113
1604567007.39495 -2.10179629611329 -3.29126458341724 -0.0690127516415528 0.398130863909925 0.0235865563353283 0.00302493153637327 -0.917020359289682
1604567007.52804 -1.94850685586607 -3.45413452761806 -0.061672934345405 0.385526322944451 0.0242658727289026 0.00344039848993647 -0.922371283917634
1604567007.66174 -1.78761270506066 -3.63281782951311 -0.0599212286874074 0.372796748413071 0.0259078039310264 0.00278590531873677 -0.927547092497016
1604567007.79648 -1.62850307934597 -3.82185967348142 -0.0611333871858818 0.359199503331811 0.0265345454568755 0.00248933370083069 -0.932880184118681
1604567007.93295 -1.46049794142683 -4.01951149657428 -0.0548711243297581 0.344471780014052 0.026321845467184 0.00266843995611295 -0.938423802262791
1604567008.06514 -1.30036913505142 -4.2286747357457 -0.0510066910670691 0.329833809592065 0.0263651000225388 0.00311237588656057 -0.943665646649876
1604567008.19701 -1.15349459292451 -4.44222639093013 -0.0471551939646753 0.314567556986413 0.0270286646386423 0.00406099675368506 -0.94884151030866
1604567008.33093 -1.00315274612404 -4.66362839226183 -0.0412348968492756 0.298688414606423 0.0275396727767059 0.00484398964946255 -0.953940948469836
1604567008.46285 -0.859534329578141 -4.88895575063224 -0.0426033630119647 0.282766828873655 0.0278103752120218 0.00503663096864146 -0.958772202281538
1604567008.59723 -0.720617502080984 -5.11820238651455 -0.0376039925572827 0.266622359894847 0.0273269902348073 0.00586417790279612 -0.96339574642321
1604567008.73184 -0.585350936841638 -5.34626245078027 -0.0295590359426837 0.250582381241293 0.02588845035623 0.00634665027797362 -0.967728256474846
1604567008.86446 -0.466238783450123 -5.5790654357384 -0.0288617426963995 0.23489236726954 0.0258375164369889 0.00650431951995195 -0.971656159539197
1604567008.99491 -0.357722643182625 -5.81197874037409 -0.0252877170458732 0.219173718661366 0.0264962717740027 0.00652078543355292 -0.975304213047168
1604567009.13122 -0.264971804116834 -6.04830950468807 -0.0286870427722977 0.203603653161407 0.0279889999993155 0.00662467146525055 -0.978630820088119
1604567009.26272 -0.173376602368859 -6.28446040434614 -0.027317396025858 0.187978553798144 0.0285153986402137 0.00733331792804835 -0.981731713759168
1604567009.40515 -0.0867417344522855 -6.52322321216511 -0.0264632898872856 0.172752493111139 0.027699704678488 0.00730884170818713 -0.984548568287769
1604567009.5414 -0.0118033779728849 -6.76411942242946 -0.0274727155672396 0.157424345374062 0.0286486868181339 0.00676764857197766 -0.987092208033247
1604567009.67511 0.0553560810401036 -7.01192907750837 -0.0309262258038942 0.141514479786441 0.0295227820705561 0.00638797731316876 -0.989475240263966
1604567009.8097 0.130328552115241 -7.32656270480871 -0.0297134101861083 0.121878232059771 0.0303702195958044 0.0064918057508734 -0.992059072217869
1604567009.94588 0.187568027568136 -7.58295269352048 -0.0311090450974524 0.10568933139729 0.0292672676724126 0.00610533955721558 -0.993949655214325
1604567010.0828 0.236970199356524 -7.8430939998512 -0.0339047779154119 0.0892800720437914 0.0290394020543006 0.00579556470023974 -0.995566267655744
1604567010.21884 0.272350622484695 -8.11191853464156 -0.0351616314941864 0.0728886112587331 0.0290479287270727 0.00582002118212838 -0.996899992746956
1604567010.35199 0.30066594360485 -8.38431652813777 -0.0352278403890482 0.0560759903409563 0.0294530798334311 0.0060594861022935 -0.997973587838768
1604567010.48681 0.323559482096841 -8.65798582619331 -0.0333362312235496 0.03922250598891 0.0286633468857625 0.00635044996734945 -0.998799118619189
1604567010.62677 0.33698888143999 -8.93557050389304 -0.0333922140831664 0.0221950873100967 0.0280299445756579 0.00577833790319617 -0.999343940351599
1604567010.76037 0.335641613838468 -9.21590220028197 -0.0364291142688936 0.00483946593510506 0.0281187873862192 0.00414963252185594 -0.999584260538012
1604567010.89618 0.324562018113857 -9.49299611382295 -0.0420403726413841 0.0129079285223867 -0.0290366374117065 -0.00250431337556909 0.999491864641028
1604567011.03195 0.30404327175496 -9.78111692345811 -0.048704500648893 0.0305273446428279 -0.029555308088808 -0.00186779961743877 0.999095128762733
1604567011.16661 0.272673711109455 -10.0672211964467 -0.0504507419159489 0.0485665387347286 -0.0294980624997093 -0.00158801858467355 0.998383009581526
1604567011.2989 0.232034718363194 -10.3580789250312 -0.0560436598047106 0.0668488429893144 -0.0293085330072701 -0.00103860642864297 0.997332022638719
1604567011.43323 0.181737119000007 -10.6511294475037 -0.0621077659616508 0.0855491527472088 -0.0288081581055637 -0.00081837089107288 0.995917046123764
1604567011.56644 0.119137750406904 -10.9498244235217 -0.0667284530809256 0.104375178051645 -0.0286853247793988 -0.0016726905153663 0.994122817591181
1604567011.70013 0.0374128586671909 -11.2515035524929 -0.0638597838494246 0.122933253688258 -0.0298677687151352 -0.00293843109966856 0.991961036105889
1604567011.83245 -0.0587697412914302 -11.5566800119218 -0.0648961962096033 0.14185156111403 -0.0312276274289761 -0.00384820996816449 0.989387770883949
1604567011.96422 -0.160202879019285 -11.8563241600404 -0.0696799152437957 0.161157265068914 -0.0309672656468597 -0.00481373229199075 0.986431037810189
1604567012.09907 -0.268521686761677 -12.1590821093386 -0.0724454048174941 0.180477226066538 -0.0296455146956589 -0.00608977792532201 0.983113436453077
1604567012.23358 -0.393911015621315 -12.4568127011163 -0.0728938631955821 0.199575863208728 -0.0284327426759565 -0.00638933588372596 0.979448942189116
1604567012.37254 -0.529933238618437 -12.7527107044036 -0.0827298758024713 0.21947608289362 -0.0277505423998919 -0.00609528798782666 0.975204083204398
1604567012.50632 -0.645816898540846 -13.0290307473995 -0.0697695697026295 0.239447828905846 -0.0275188871954246 -0.00674862505749163 0.970495700216974
1604567012.64055 -0.864152714134131 -13.3823919726721 -0.0935451869194862 0.262873160673451 -0.0272179564332904 -0.00671851615919652 0.964423011849969
1604567012.77312 -1.02507094469481 -13.6433576787295 -0.0913826764869572 0.282532663275085 -0.0268681784007875 -0.00656349002174306 0.958858861236024
1604567012.90733 -1.20777736253618 -13.8929044510312 -0.088335324727836 0.30162857019818 -0.0270608997794753 -0.00581882866661631 0.953023637994502
1604567013.04008 -1.35042448093603 -14.0884637185076 -0.107217870136777 0.315723363908068 -0.0262648377391947 -0.00539562891013325 0.948472352243212
1604567013.17798 -1.60724530154365 -14.3890546391846 -0.12334521351855 0.33842153027261 -0.0271366686151983 -0.00532832381371954 0.940588155373939
1604567013.32027 -1.7998981128531 -14.6176710537367 -0.127284571281653 0.356278903726532 -0.0269060809441006 -0.00532525683835417 0.933977005716552
1604567013.45835 -2.00474049275764 -14.8350054574063 -0.137626657167958 0.373486779659286 -0.02625821708233 -0.00510345076798249 0.927249743189855
1604567013.59286 -2.21568728948864 -15.0508734761307 -0.148853555668371 0.390116523951352 -0.0256724449402267 -0.0059331370839326 0.920388407790563
1604567013.73032 -2.45243255778884 -15.2422780129147 -0.148936352125481 0.406677920089637 -0.0274234501812822 -0.00713624935308108 0.913132026399738
1604567013.8673 -2.69611883041539 -15.4380762870685 -0.176666041519709 0.423527338136069 -0.0286432830590525 -0.00699084483933711 0.905403382076413
1604567014.0051 -2.92916680751008 -15.6139232492392 -0.178401728531692 0.440182083723468 -0.0295761188024671 -0.00704709792959859 0.89739362866928
1604567014.13848 -3.16278237960677 -15.7791944911609 -0.182603499917016 0.456369226961053 -0.0300421584020414 -0.00776266390569256 0.88924931175155
1604567014.27406 -3.40578307270575 -15.9444025300576 -0.188997932177133 0.471977809043764 -0.0289072410748774 -0.00880830594043084 0.881092352100588
1604567014.40952 -3.71235957702995 -16.151026164152 -0.211319720873517 0.49105326588842 -0.0262912867017191 -0.0101484552499086 0.870673570955226
1604567014.548 -3.95720136476122 -16.2957100592416 -0.221092871786295 0.505629705445331 -0.0246365526283097 -0.0117596027399717 0.862318591350817
1604567014.6807 -4.20601896740997 -16.4256991861556 -0.2172635615251 0.519731072464809 -0.025466546437882 -0.0127153651012479 0.853855600682837
1604567014.82172 -4.47322689189565 -16.5434917290892 -0.227804909442206 0.533316366054824 -0.0261161092440585 -0.0116027381767557 0.845433012723558
1604567014.96136 -4.7320392342826 -16.6486681359238 -0.240917270554934 0.546999166819622 -0.0266099180436947 -0.00992145876040585 0.836651294397142
1604567015.0955 -5.000739361289 -16.7553255250544 -0.259962793785077 0.56053774996325 -0.0268372730095877 -0.00937678436086428 0.827640784131978
1604567015.22995 -5.25802058712353 -16.8478518756897 -0.257278465171082 0.573563997843208 -0.027361016380821 -0.009853613630179 0.8186443803381
1604567015.3651 -5.53178175093589 -16.9410062862246 -0.27423495504274 0.586806579560567 -0.0255438522265927 -0.00932575237217791 0.809270399891499
1604567015.50385 -5.7975880627961 -17.024001111521 -0.284560073332396 0.600276011852632 -0.0232066527899198 -0.00922197962728632 0.799402974695704
1604567015.63841 -6.07861988322073 -17.103141537254 -0.289916820624894 0.613852727356492 -0.0213582407932529 -0.0100278363599327 0.789067866007197
1604567015.77749 -6.36115580423345 -17.1667192137306 -0.305130880698096 0.627979638658748 -0.0202409743617135 -0.00977751621262824 0.777905056265627
1604567015.9108 -6.7281219831791 -17.2240225879337 -0.317940391911084 0.646735560689292 -0.0211555778162846 -0.00862254523968412 0.762372092734745
1604567016.04271 -7.02569108573235 -17.2521295590838 -0.327058688607236 0.662535571191383 -0.0220970876770818 -0.00756534001740824 0.748666214846591
1604567016.17758 -7.32305988839729 -17.278531051097 -0.34152859953014 0.678763243282153 -0.0216719236827458 -0.00765465505310666 0.733997407045147
1604567016.31071 -7.62048389136126 -17.3042049364099 -0.356031563242837 0.695614589831562 -0.0205598270265082 -0.00874748811505404 0.718067627301067
1604567016.44504 -7.91168903548635 -17.3020981623249 -0.362208800548778 0.712873675915907 -0.0191693899982554 -0.0110683160947535 0.700943042659005
1604567016.57894 -8.21032132288555 -17.292239489944 -0.372529518586538 0.730432397123513 -0.017815020728269 -0.0131859442496073 0.6826252772518
1604567016.71406 -8.49844137872285 -17.2589473936449 -0.38099176653533 0.748200966545239 -0.0176378113309074 -0.013888145519454 0.663092256542222
1604567016.84813 -8.78728299039912 -17.2040800703863 -0.388709106404182 0.766397984010516 -0.0190854052427373 -0.0127835965770264 0.641955183069576
1604567016.98227 -9.06865917878515 -17.1308989944624 -0.400129010756466 0.784287605696189 -0.0194482488388803 -0.0117587806417819 0.619981006359274
1604567017.1169 -9.34275587481851 -17.0495834860932 -0.412078083397638 0.802015373892394 -0.0190853858085352 -0.010942790638289 0.596898101372278
1604567017.24838 -9.61510446349002 -16.9560780482574 -0.425555676807532 0.819562620208188 -0.0182476537970574 -0.0112845774777143 0.572587803746763
1604567017.38221 -9.88076519455514 -16.8513049006715 -0.428818606500115 0.835992900695852 -0.01636556178138 -0.0116358648026724 0.548372724544182
1604567017.51679 -10.1310604017651 -16.7218570692601 -0.445923147716961 0.851456187798924 -0.0151038915685107 -0.0112596053716632 0.52408725800699
1604567017.64718 -10.3714412341771 -16.5738490077573 -0.451089808836061 0.866396042538382 -0.0152497148348431 -0.0107335801046482 0.499009152149962
1604567017.77951 -10.596353962073 -16.4126054739837 -0.447506780613469 0.880516790212248 -0.0153016958319737 -0.0103362596106025 0.473655150923378
1604567017.91359 -10.8432900947855 -16.2361302762095 -0.456286594122479 0.894033012354487 -0.0144990508191513 -0.0101423737016614 0.447651519154577
1604567018.04837 -11.0591772444373 -16.0515446191808 -0.46997150706402 0.906664535928722 -0.013370110411382 -0.010276572004006 0.421515185378402
1604567018.19018 -11.2498302990715 -15.8654501453101 -0.471769139245582 0.91852292525301 -0.0120103823567172 -0.0098378934976024 0.395062782797656
1604567018.32934 -11.4489844468781 -15.6593399592096 -0.483224881028856 0.92957438771374 -0.0105739330026949 -0.0091158402151219 0.368370127866868
1604567018.46218 -11.6090502637243 -15.45034531113 -0.494857713442576 0.939748834797571 -0.0107275603697978 -0.00705187677529043 0.341624527777303
1604567018.59832 -11.7748794458751 -15.2357073077686 -0.495431639075338 0.948968976789154 -0.0107453537456469 -0.00612830359329208 0.315126740153379
1604567018.73347 -11.9263791580526 -15.0164808355451 -0.492593826634287 0.957647379120492 -0.0100988906263893 -0.00630660758336083 0.287697299904879
1604567018.86507 -12.0631382214691 -14.8017369400125 -0.494502617159021 0.965389588373338 -0.0085593182224593 -0.00703145822292453 0.26057674364222
1604567018.99702 -12.1806475678713 -14.5676072072034 -0.493172141509534 0.972204010927578 -0.00800518152980799 -0.00627133084599103 0.233914404461172
1604567019.12871 -12.311637557728 -14.318873345749 -0.53909812844784 0.9783493553536 -0.00700174418883723 -0.00523797536329765 0.206775429080931
1604567019.26064 -12.3767160864037 -14.1088246370128 -0.478726911867941 0.983688951825735 -0.00738338441417914 -0.00505273824526305 0.179655229611621
1604567019.39279 -12.4447243212749 -13.8695703267555 -0.47660492660552 0.988130257916156 -0.007047493013569 -0.00414727390407099 0.153400542215269
1604567019.5254 -12.4990821396399 -13.6332686092234 -0.462165061330687 0.991894165639801 -0.00717064143764988 -0.00393213319930958 0.126803329607695
1604567019.65742 -12.5555351856404 -13.3782124409823 -0.470219596666499 0.994934609203612 -0.00637303127729998 -0.00393866032507263 0.100244674851278
1604567019.79 -12.5846835081703 -13.1320056434277 -0.468722312485428 0.997208901745028 -0.00515112903704135 -0.00443915471773493 0.0743516378804868
1604567019.92481 -12.6079598123991 -12.9025670297832 -0.471732204865115 0.998834603109243 -0.00376850292734465 -0.0054548600960854 0.0478066785984974
1604567020.05735 -12.6134932671647 -12.7097599921626 -0.455298100227164 0.999744090110298 -0.00301010041086841 -0.00658411900655824 0.0214322878376682
1604567020.18906 -12.6157575493634 -12.4596068221956 -0.484026557001154 0.99996393734651 -0.00169749373221254 -0.00660228912282671 -0.00506480995027848
1604567020.32114 -12.5742477572006 -12.2842915861339 -0.439196527605429 0.999499436163614 -0.00140397555189707 -0.00507553531614566 -0.0311952705152849
1604567020.45266 -12.5495360385197 -12.0246341267532 -0.464504474059689 0.998332506052439 0.000490291419361852 -0.00469079539865692 -0.0575322814766556
1604567020.5865 -12.497733209594 -11.8357388832011 -0.450880372249847 0.996527674002944 0.00167071104122041 -0.00395059896790594 -0.0831516472398155
1604567020.71809 -12.4433301798092 -11.6350516391584 -0.443400005537919 0.994092991019446 0.00335495393923194 -0.00333224191075047 -0.108428620086794
1604567020.84964 -12.4127867318373 -11.4772819879741 -0.406574021971543 0.991010911810463 0.00428743320026238 -0.00304443456130803 -0.133677679540565
1604567020.98168 -12.3303172613283 -11.2677589759097 -0.424243899209815 0.987370418811408 0.00593212717458088 -0.00240455024790583 -0.158299349529538
1604567021.11352 -12.2591374740076 -11.0843553542645 -0.420071051441056 0.983289623611425 0.0074202211101507 -0.00231515277161107 -0.181882095007792
1604567021.24588 -12.1835057358822 -10.9047480741247 -0.418098687901317 0.978762360804047 0.00875793720776503 -0.00254302063381714 -0.204795196855811
1604567021.38097 -12.1022103658233 -10.7352308374666 -0.411118393925983 0.973788815947143 0.00961022956979638 -0.00374877607010423 -0.227220008145967
1604567021.51499 -12.0074185755653 -10.5583171176475 -0.412692483915921 0.96833158186925 0.0104366187882488 -0.00480538057354491 -0.249403153268775
1604567021.64777 -11.9011456139407 -10.3847910929114 -0.413400973609543 0.962540403257816 0.0113292042127622 -0.00471279207917846 -0.270860500662252
1604567021.78008 -11.7771173977226 -10.2124702506172 -0.413323838856927 0.956700888207766 0.0126520502689371 -0.00321895801503355 -0.290779941598042
1604567021.91501 -11.6543031811253 -10.0569312839441 -0.412209709199697 0.950704655064473 0.0140845107392092 -0.00175745175506082 -0.309772814751887
1604567022.04874 -11.5276286463274 -9.8974151257426 -0.407593694123459 0.944596673761242 0.014787772872149 -0.000478076646335306 -0.327899705909292
1604567022.18211 -11.3905783136606 -9.74010762151828 -0.401540325589771 0.938687365411373 0.0152470268129208 0.000204367787530714 -0.344432165199808
1604567022.31581 -11.2525345387631 -9.5884323374023 -0.394265259676073 0.932574984341641 0.0154231723584636 0.000535399813225976 -0.360646277787014
1604567022.4492 -11.1053334704931 -9.43756445354663 -0.390993284568409 0.926372577218522 0.0158724768114707 0.000925544002152311 -0.376272582080707
1604567022.5831 -10.9588535989497 -9.2933939262165 -0.380686493938786 0.920384017132741 0.016051265487768 0.0020441510610263 -0.390680738364818
1604567022.71733 -10.8004455369959 -9.14778013221863 -0.373013521847308 0.914588975284424 0.0160719932915906 0.00221274771357018 -0.404059155405961
1604567022.85462 -10.6403823618482 -9.00779417882546 -0.365310950428103 0.908937614365068 0.0168068147600291 0.00254898241617935 -0.416585461650551
1604567022.99213 -10.47694484689 -8.86660431584097 -0.361043225404247 0.903774950014227 0.0172765039027418 0.00283564430718793 -0.427649764715291
1604567023.13072 -10.3082716923534 -8.72615034173804 -0.349863754935214 0.899415301288312 0.0167459402326203 0.00318774323407683 -0.436762552867407
1604567023.26803 -10.1264458128763 -8.57805870648988 -0.342413156435931 0.895492188644873 0.0161448738650227 0.00258159817697585 -0.444776818724572
1604567023.4055 -9.95363262173976 -8.44101503901892 -0.331104138198376 0.891503447479616 0.0159830942618816 0.00223505411162909 -0.452726350418101
1604567023.53886 -9.73297079815355 -8.27984449183807 -0.319517166135731 0.887830038629975 0.0171502618468254 0.00289698378539398 -0.459842688872868
1604567023.67696 -9.54232122609236 -8.152660781049 -0.312541369560793 0.885672096038818 0.0175113071116779 0.00385768998690688 -0.463964880836268
1604567023.81612 -9.34717477392442 -8.02309053794906 -0.307703683026777 0.883449426568985 0.0174971657390253 0.00470847065889621 -0.468176024792051
1604567023.95392 -9.15296275194562 -7.89413437004288 -0.300518539554754 0.881323406606171 0.0174382853090241 0.00542065553496681 -0.472160540141958
1604567024.08981 -8.96067476513337 -7.7647723626973 -0.294954216290805 0.879805155348787 0.0174491705558671 0.00629841885706004 -0.474972362341758
1604567024.2287 -8.77373411539524 -7.62899596525547 -0.286805437884335 0.879135569099033 0.0166283778301848 0.00644601498455217 -0.476237962668323
1604567024.36602 -8.58025175202039 -7.4859133442863 -0.275640274373206 0.879524339626776 0.0155722280449807 0.00561225881305306 -0.47556592000354
1604567024.50665 -8.38133609377642 -7.35182025657208 -0.268935560596308 0.880176667638797 0.0148853258245346 0.00447333676560531 -0.47439166316193
1604567024.64645 -8.13800977043026 -7.18121237986161 -0.255387640541595 0.880940579639258 0.0146341617000262 0.00470283417777577 -0.472977187406413
1604567024.78639 -7.93617169635075 -7.0479178027404 -0.246767826992705 0.882582287652518 0.0145872372176257 0.00574188617977714 -0.469896529861099
1604567024.92532 -7.73161061286474 -6.90781570978112 -0.242596144802374 0.884214525242286 0.0137648538449215 0.00557990628810128 -0.466844799473017
1604567025.0648 -7.5309345239111 -6.76173171281994 -0.23032255155447 0.88584009747322 0.0124497194624452 0.00530752150610115 -0.463793225920135
1604567025.20507 -7.32830307533255 -6.62105977290968 -0.220454667717005 0.887625336225826 0.0124372729256804 0.0057763347330931 -0.460362043058735
1604567025.34487 -7.11990901978579 -6.48505201402997 -0.218654290724514 0.889304461200593 0.0133799613503562 0.00702938618719997 -0.457065793571142
1604567025.48364 -6.86350429371726 -6.30634472227575 -0.212504259616822 0.891260091905022 0.0144172589649689 0.00821611534989105 -0.45318879804111
1604567025.6209 -6.66149312599149 -6.15804185497174 -0.207329124309942 0.892735628676818 0.0152146631432405 0.00752076671136427 -0.450261090240449
1604567025.76016 -6.47129144371862 -6.00419148238409 -0.203336421655364 0.894101903906455 0.0152363227153559 0.00561268298409088 -0.447569142916137
1604567025.89672 -6.27857808714799 -5.84743999034179 -0.200201783597314 0.895880213764901 0.0143651914367312 0.00444754416179167 -0.444041105316243
1604567026.03243 -6.0811846694658 -5.69113590406185 -0.189188545242354 0.897724630402449 0.0136508680951446 0.0042240616617552 -0.440325219663958
1604567026.17292 -5.88956558480216 -5.53223290231079 -0.177641036016969 0.899952976686299 0.0141042445790114 0.00407995232332196 -0.435739674607861
1604567026.31821 -5.63763700113139 -5.33337832488632 -0.174215300790724 0.903171485694354 0.0153483533327907 0.0040060582031579 -0.428986767833576
1604567026.46002 -5.44219250192115 -5.16555508706836 -0.16900194992707 0.905768558246924 0.0155970343202838 0.00357438165437163 -0.423470512795743
1604567026.59946 -5.24063733849947 -4.98915421217369 -0.160014750011463 0.908727397916401 0.0159806403482653 0.00300507755962689 -0.417073260853543
1604567026.73382 -5.03910646404401 -4.80883353734315 -0.155639505428306 0.911688089625377 0.0169440165404673 0.00260528461954172 -0.410525200238375
1604567026.86969 -4.8250943500941 -4.62076939689984 -0.155951962825764 0.914880846685567 0.0174180073373443 0.00404161106461793 -0.403327800639008
1604567027.0096 -4.60895274193011 -4.42851798251674 -0.144777481219695 0.918256372167714 0.0169433246846963 0.00605176278467752 -0.395577470148662
1604567027.14282 -4.34663679671204 -4.16779132177153 -0.129375812140843 0.922461680603797 0.0159139001302279 0.00676472837181715 -0.385701223812318
1604567027.27422 -4.13633456068625 -3.94708085923877 -0.125296592460175 0.926204787651085 0.0151107725065509 0.00622422957828474 -0.376666450394271
1604567027.40689 -3.93264611543922 -3.71696170790852 -0.119935010811647 0.929890354649872 0.0140489012939175 0.00511619278073506 -0.367532830197521
1604567027.54094 -3.72117313290998 -3.48076883349399 -0.114751931558984 0.933622480766773 0.0127171284686652 0.00493092233606336 -0.35799863694618
1604567027.6757 -3.51146310829873 -3.23657385189316 -0.104092590967685 0.937321697467796 0.0112762540933696 0.00593861002431396 -0.3482321272667
1604567027.81414 -3.30747319062018 -2.98239349173484 -0.0921091444621924 0.941236740749146 0.00969626583995816 0.0065461443942372 -0.337544853739847
1604567027.95579 -3.11244109098505 -2.72229748585274 -0.0831110218871168 0.945568956515438 0.00845018964800295 0.00607559217630684 -0.325255330392794
1604567028.08899 -2.92709711452148 -2.46484021699699 -0.076929864082252 0.949885459045011 0.00791563466116306 0.00476683383027448 -0.3124615731862
1604567028.22795 -2.747237231381 -2.20555756710876 -0.0700922126010285 0.953846133451606 0.00771278116402171 0.00461571473092058 -0.300161226482801
1604567028.3608 -2.57250395679937 -1.94432159966264 -0.0672147533082067 0.957597713989283 0.00719028226299435 0.00498785845252742 -0.287975761604228
1604567028.49398 -2.39877999623412 -1.6809954560101 -0.0628655367555181 0.96112338157995 0.00711782559102749 0.00670607248160167 -0.275946028293667
1604567028.62773 -2.23567886269971 -1.41288821251388 -0.0586444615595031 0.964506936159301 0.00677165527107194 0.00714154868128598 -0.263874047734749
1604567028.7613 -2.08613119856182 -1.13211178508398 -0.0575057020004744 0.967676467235263 0.00615307929089659 0.00654406015476224 -0.252034858007799
1604567028.89435 -1.95004578485902 -0.849985788617397 -0.053714938095208 0.970845429073938 0.00559259135279152 0.00429041742422323 -0.239602729714266
1604567029.02768 -1.8212649024358 -0.568906262123599 -0.050212432187752 0.973893874415094 0.00537262215217023 0.00243380841308982 -0.226927153255345
1604567029.1604 -1.69320778743646 -0.291930011290246 -0.0477507995820269 0.976891682416151 0.00478777508465379 0.00225245595721841 -0.213669474839159
1604567029.29434 -1.57097949309652 -0.0116717470486685 -0.0420704587322826 0.979611414700321 0.00409372418322169 0.00260120510799672 -0.200843101308293
1604567029.42788 -1.45836117563458 0.274674857843991 -0.0382093712704834 0.982141151833352 0.00418432286659406 0.00322421704489534 -0.188071405966063
1604567029.56265 -1.35372898159975 0.558117371767147 -0.0356989041832194 0.984572269945591 0.00423880594446548 0.00316560537229699 -0.174898418291817
1604567029.6954 -1.26267901588228 0.844841267883579 -0.0346986888162809 0.986840741427688 0.0046583582650794 0.00277463550986368 -0.161604307351361
1604567029.82893 -1.17915838890013 1.13122591115542 -0.0330486813887514 0.989070714209165 0.00459257137119492 0.00257023247501386 -0.147347970759682
1604567029.96873 -1.10179322388662 1.41791686360171 -0.032033339373843 0.991176773104737 0.00419370830315638 0.00222199182403938 -0.132461617160155
1604567030.10077 -1.01401474937644 1.77734020648899 -0.0243775347733996 0.993596825641816 0.0036880851540298 0.00167895712804561 -0.112911147391946
1604567030.23227 -0.956656722506945 2.06070094323867 -0.0259946674165341 0.995247938046665 0.00430409754271754 0.00138877331347358 -0.0972681235908629
1604567030.36398 -0.91896316902759 2.26822431909121 -0.0249983475410274 0.99635235123173 0.00470310089442131 0.00173833518458515 -0.0851871541241147
1604567030.49345 -0.877968348195097 2.5540275323903 -0.0234361855991204 0.997623286410972 0.00496538830397647 0.00154479803901083 -0.0687076191450582
1604567030.63126 -0.845952274760007 2.83272273360095 -0.0187010100333558 0.998615883061156 0.00573088029328252 0.000729493450752099 -0.0522775568323197
1604567030.76442 -0.823838767199878 3.10611978718434 -0.018182634825142 0.999350559102934 0.0057816791130942 -0.00113504484210627 -0.0355491755247865
1604567030.8979 -0.826471694044095 3.3877645570204 -0.00938821279394922 0.999808874155923 0.00493283811184634 -0.00188448624758336 -0.0188236813299179
1604567031.03785 -0.814053723758871 3.66999808747159 -0.01295153711033 0.999984638356869 0.00528777577582725 -0.000469461160741913 -0.00159439137117164
1604567031.17754 -0.818842987913447 4.02442757795643 -0.00882730784876171 0.999783977936448 0.0044786550280811 0.00117444483282352 0.0202622750461417
1604567031.30978 -0.83823076870815 4.31733709239291 -0.00773133080371086 0.999258732469485 0.00288015042749029 0.00169049492631614 0.0383514347045489
1604567031.44339 -0.872640786986016 4.607223360666 -0.000367676946197243 0.998445353982535 0.00144797203802937 0.00145840878684033 0.0557014499944036
1604567031.57902 -0.91419758572277 4.90120950867033 0.00917145738046493 0.997279413382495 0.00040833168750888 -0.000212444722687483 0.0737126839556083
1604567031.71412 -0.971487034955542 5.19046736679738 0.0123352524891048 0.995802928884641 -6.73299381736524e-05 -0.00195487813711055 0.091502463042909
1604567031.8467 -1.03708090081595 5.46963289904178 0.00781968968007124 0.994065543241593 -0.00111102124080686 -0.00193686668065229 0.108759872742943
1604567031.97936 -1.10846334191054 5.76515038676703 0.0207178736475898 0.991968449776246 -0.00360739557719035 -0.00135020934223357 0.126426889071883
1604567032.11239 -1.18257066336966 6.04932114719899 0.0187487328444188 0.989562501239547 -0.00383234380692728 0.00153354400279546 0.144045192645462
1604567032.24907 -1.27105039433128 6.32732651934074 0.0154207399602445 0.986790425659002 -0.00436502959024881 0.00281462126407248 0.16191874583118
1604567032.38207 -1.37618527707548 6.6066823646959 0.0147259480954376 0.983670332381018 -0.00587710074071759 0.00273314519402043 0.179862911123024
1604567032.51925 -1.49407547336103 6.88219393932955 0.00965423380827926 0.980144618980043 -0.00667086910366558 0.00211391076031572 0.198160431900936
1604567032.6597 -1.62347720387887 7.15687279191699 0.00822362596613332 0.97623840941875 -0.00730972122627953 0.0014587914788893 0.216571022712099
1604567032.796 -1.75709415417974 7.42037955182919 0.00706564057025211 0.971863350912825 -0.00748906112215152 0.00237864659595704 0.235414279848048
1604567032.92865 -1.89930568403803 7.67662022288339 -0.00289853293407369 0.967052419969477 -0.0075213305573727 0.00303403353571829 0.254448111131386
1604567033.062 -2.05679881155883 7.93137953428406 -0.0055505055137206 0.962048330885064 -0.00903401627173682 0.00278168059180185 0.272715342150655
1604567033.19611 -2.22861428550393 8.17957342118355 -0.00397851367225793 0.956620037929312 -0.0105274679677543 0.00113406411574998 0.29114599318708
1604567033.33187 -2.40883626293556 8.42266464443697 -0.00669237335818595 0.950846205673012 -0.011282858136864 0.000594542045650887 0.309457326281436
1604567033.46678 -2.59009483161382 8.65536851563123 -0.016614446742018 0.944695699826781 -0.0116704241566771 0.000785031922745011 0.327739560708914
1604567033.59997 -2.78335950183639 8.88116785813988 -0.0253519176059311 0.938341584691335 -0.0122651704065304 0.00103836311729002 0.345490315111567
1604567033.73617 -3.03455682648535 9.15626665158378 -0.0356618082911383 0.929960799396676 -0.014153638931519 0.00116319062408448 0.367384312509481
1604567033.86828 -3.24442818956816 9.37166115451319 -0.0387947684493782 0.923140166686775 -0.0162642151947273 0.00158161483581036 0.384116136667186
1604567034.00122 -3.45989348919724 9.57357901372827 -0.0434242046326564 0.916422790711906 -0.0173900510001314 0.00177974185192582 0.399829572829418
1604567034.13529 -3.68343150391041 9.76329987541935 -0.0479441889638751 0.909748877099515 -0.0176719559765148 0.000765424818444773 0.414781986967832
1604567034.26856 -3.91285359435637 9.94275741084338 -0.055148874423152 0.903206602839825 -0.0172142534368183 -0.000438183556318277 0.428860478547891
1604567034.40373 -4.14809646424351 10.1127454069118 -0.0662294734740547 0.896795893498142 -0.0157746313410338 -0.00270590756314563 0.442154910043055
1604567034.53726 -4.37944965333633 10.2849319995591 -0.0758874031595241 0.891038153735255 -0.0156992712119572 -0.0022721048533293 0.453651164454603
1604567034.67084 -4.61412556201868 10.4541755112711 -0.0839076816472771 0.885879194342332 -0.01644038606712 -0.00133873214192984 0.463622663955935
1604567034.80544 -4.85428643727404 10.6149811958164 -0.0929203388195418 0.880624768343359 -0.0172624898933717 -0.000832203050692969 0.473499029841634
1604567034.93943 -5.10212855449149 10.7659710843673 -0.0992659439350464 0.874953357308187 -0.0170740871667934 -0.00107908990954888 0.483904880784975
1604567035.07266 -5.34458133216521 10.9069233782921 -0.108667450666845 0.868484747433123 -0.0167821339895133 -0.000362562331607682 0.495431601740682
1604567035.20582 -5.59389213337238 11.047657945839 -0.120541928011841 0.861409127847906 -0.0175167051087433 4.77690599678217e-05 0.507609571640016
1604567035.33991 -5.84509135480885 11.1778799237892 -0.128177438679369 0.854180662365256 -0.0184764832548672 -9.57078732928546e-05 0.519647963960014
1604567035.47572 -6.10068717054614 11.3016845152753 -0.134010934210231 0.846794922263228 -0.0198503819113701 -0.000513708369650245 0.531548735367602
1604567035.61196 -6.36411037149927 11.4185541462843 -0.141746105924206 0.839561900852737 -0.0203677041273327 -0.00137831473015494 0.542880347326761
1604567035.74846 -6.62563201153665 11.5192984394354 -0.149663453163026 0.831960961176392 -0.0196929598746775 -0.00229623477057775 0.55447982264074
1604567035.8839 -6.89018389751041 11.6131038222606 -0.160146986768164 0.823733088307654 -0.0188359720325316 -0.00336449665515826 0.566654820456847
1604567036.01876 -7.15566216496891 11.6975908785614 -0.165777170912844 0.815583914469814 -0.0189215074539195 -0.00516781785738447 0.578306275836913
1604567036.15513 -7.4230968721148 11.7824160285446 -0.170010129604127 0.807280171535957 -0.019867721868538 -0.00544222726561009 0.589808765986925
1604567036.28977 -7.68952003239893 11.8714805459807 -0.183512375523141 0.798409915765364 -0.020717509656398 -0.0021657899992905 0.601753853793111
1604567036.42473 -7.96317813988633 11.9524259427017 -0.202298177931022 0.78952861210866 -0.0217334909550169 0.000770958843573481 0.613328322886806
1604567036.5585 -8.24986094305422 12.01969550627 -0.215410559479427 0.780762974092153 -0.0229886575050365 0.000951382854861921 0.624403551225932
1604567036.69529 -8.54539364283082 12.0707810541744 -0.22232519296374 0.771939027725789 -0.0230814761679729 -0.00058566508341488 0.635277136317749
1604567036.82987 -8.8444092912423 12.1134107540471 -0.229978320698826 0.76260837242049 -0.0220124378343321 -0.00178281668928054 0.646483367504078
1604567036.9634 -9.14216638547702 12.1508069746295 -0.240759644936679 0.753283547663072 -0.021685192305563 -0.00185608863553453 0.657335686076592
1604567037.09739 -9.45022779985449 12.1825866674809 -0.251174692269204 0.74395504871831 -0.0221701308030011 -0.00236962354969108 0.667857586369241
1604567037.23072 -9.75894354983556 12.208831397539 -0.262848726910546 0.734312838829283 -0.0227907958423858 -0.0017768941553296 0.678426176531029
1604567037.3643 -10.0723180740818 12.2237316194169 -0.275826629372594 0.72455815123702 -0.0229040753570945 -0.00208869169385953 0.688829823813571
1604567037.49818 -10.3907059448897 12.2325356445384 -0.285383104636889 0.714849478949649 -0.023599558411467 -0.00191243053033479 0.698877404054292
1604567037.63293 -10.7103520444305 12.232024961074 -0.299273257266158 0.70493295734713 -0.0241457884878719 -0.00187650655065538 0.70886034256918
1604567037.76625 -11.0391344139319 12.2207026388811 -0.309649490800705 0.695348116992322 -0.0246964009388825 -0.00293518009541991 0.71824262522751
1604567037.90599 -11.447210011298 12.1936700433393 -0.319999456822907 0.683456204896979 -0.0254015265602983 -0.00326229574205147 0.729542141252112
1604567038.04709 -11.7787040211131 12.1691681131801 -0.329842795273194 0.67343621790354 -0.0265770142743356 -0.0028954930982931 0.738761760547847
1604567038.19282 -12.1111661874393 12.1347999795083 -0.340012418907971 0.663702075823249 -0.027588485394984 -0.00182360554798577 0.747485855708538
1604567038.32921 -12.4425375843614 12.0850478536716 -0.352709423907192 0.65364442014969 -0.0275675543795447 -0.00137917756375225 0.756298287596868
1604567038.46332 -12.7755239964962 12.0196631157806 -0.365452610537176 0.643134521876478 -0.0268702433487885 -0.00221009657749684 0.765278441004455
1604567038.60559 -13.1093674730281 11.948512609586 -0.37561379043103 0.632389991319358 -0.0263901185246327 -0.00230213662454593 0.774197107131201
1604567038.73725 -13.5259603390415 11.8495077727598 -0.394929963622426 0.618956313408185 -0.0260970738869588 -0.00131267069929304 0.78499063798387
1604567038.88045 -13.8546803538107 11.7582462706159 -0.407744757899927 0.607533008221135 -0.0268295964890234 -0.000790907972522253 0.793840784501901
1604567039.02305 -14.1908570639209 11.660132244101 -0.419184475224795 0.595329859788241 -0.0275823515785134 -0.00106930057649338 0.803007116109309
1604567039.15912 -14.5145374754669 11.5445383624041 -0.425611496374464 0.583152897947703 -0.0280300032887023 -0.00157800139272466 0.811877162163363
1604567039.2931 -14.8334055893043 11.4242235752591 -0.435007108038455 0.569877646959098 -0.0286614761318868 -0.00183467638828832 0.821227508821309
1604567039.42695 -15.1556834621569 11.2936860439753 -0.441957806423737 0.55557789979773 -0.0304822437970144 -0.00210845276053002 0.830902873082287
1604567039.56291 -15.4691698629981 11.1536575851008 -0.451680214893615 0.540523776102731 -0.0323575761837579 -0.00142325072413118 0.840705066648544
1604567039.70302 -15.7742497883478 10.9985722220556 -0.463097484818147 0.524367488640668 -0.0324041461175932 -0.00195908819359591 0.850873004710173
1604567039.83969 -16.1368477590799 10.7849209900226 -0.475636459636114 0.50391673085427 -0.031283156644977 -0.0033624588165144 0.863179000176776
1604567039.97407 -16.4198752321256 10.6020083450776 -0.489048321366636 0.486523894996953 -0.0314238907411371 -0.00326591705802677 0.873095855260723
1604567040.11386 -16.7007792217468 10.4222575719437 -0.502303171654183 0.468431091920851 -0.0324443918019813 -0.0029182990087616 0.882899290459187
1604567040.25175 -16.9669174356674 10.2248867528246 -0.511734276986665 0.450071581946094 -0.0339225721675218 -0.00275015550879283 0.892343693240871
1604567040.38543 -17.222981324443 10.0203232334496 -0.522750117365077 0.430587822212477 -0.034945838920496 -0.00298951759113937 0.901866940567749
1604567040.52522 -17.4684005931807 9.79534873785397 -0.529696258613605 0.410767401228436 -0.0356133787735373 -0.00432427438443634 0.911034099247343
1604567040.66669 -17.6996506348312 9.56574238502316 -0.535042290082209 0.390593577413651 -0.0355586415338617 -0.00497688022521436 0.919862745717369
1604567040.81315 -17.9724357349489 9.26527517123568 -0.54921384585551 0.364174599996386 -0.0362692485670311 -0.00490212910441995 0.930611289129945
1604567040.9515 -18.1831732300904 9.02467660731257 -0.559934149033076 0.342224201549007 -0.0370894552106878 -0.00496743126063306 0.938872884267614
1604567041.09245 -18.3715058115841 8.77192495942441 -0.567479403025949 0.319661038572115 -0.0378031473961932 -0.00568814611629398 0.94676046994987
1604567041.22655 -18.5546159948572 8.50800535575028 -0.577818674996888 0.295203294875098 -0.0391328898643285 -0.0063278105015146 0.954611748534455
1604567041.36195 -18.7257196811342 8.23660894454508 -0.586643118659116 0.270087483228308 -0.0400680041523679 -0.00660845523776475 0.961979019919881
1604567041.50098 -18.873794068006 7.96604122655726 -0.597632910950316 0.244617754855795 -0.040485474025429 -0.00635435731692338 0.968753169050474
1604567041.63319 -19.0214724836897 7.64873586682355 -0.591501852635228 0.212346422852756 -0.0421074710528527 -0.00651747950347864 0.976265066487628
1604567041.76511 -19.131581499655 7.37735611508849 -0.589889825623459 0.186237931380494 -0.0421193175525924 -0.00690340996912224 0.981577169118566
1604567041.90711 -19.2261515879262 7.10076083907921 -0.591576833090201 0.160425369834136 -0.0423968215762554 -0.00635319517763846 0.986116548459079
1604567042.03879 -19.3008283027028 6.82619191367972 -0.600943898855059 0.134330774596711 -0.0420560395877607 -0.0059829107151562 0.990025624572321
1604567042.1742 -19.3630431284726 6.5453193261609 -0.607109060449972 0.108785018163549 -0.0415954375637774 -0.00556508856304155 0.993179072064208
1604567042.30803 -19.4122899405799 6.27363002304164 -0.605567599133005 0.0840885515041588 -0.0413672575872541 -0.00458086630472211 0.995588710848782
1604567042.44662 -19.4494361532931 6.0190032383463 -0.602405001202069 0.0600960556319786 -0.0412982569955485 -0.00378181834515854 0.997330745498509
1604567042.58647 -19.4787678508959 5.76359405183135 -0.593611692620897 0.0366817064605615 -0.0415997174301827 -0.00297287252420833 0.998456347543459
1604567042.72191 -19.4965402423193 5.46589926354369 -0.610385176524847 0.0154374585357151 -0.0403061945990968 -0.0025731998784099 0.999064799796932
