1604566970.41832 0.00692356394591955 0.0105782007277384 0.23452099312172 3.09372851684579 0.000116357285299766 -0.00384404079297684 0.000318020227664998
1604566970.71797 0.00799073617699958 0.0301477682444776 0.622488082841692 3.09370414454062 0.00173517698269332 -0.0126926147298386 -0.00125698636061479
1604566971.01725 0.00172409930670702 0.0508880232858739 1.02356154463235 3.09362413808575 0.00188788937269012 -0.0253838719878199 -0.00357972627234895
1604566971.31672 -0.0129327457939303 0.0684953872188675 1.42930523595426 3.09342287851313 0.00260411965346789 -0.0430649504762319 -0.00667462082903581
1604566971.61619 -0.0210557760279663 0.0890778823123709 1.85330135134665 3.09305931053775 0.00571745664221124 -0.0641520343522117 -0.00263741238130767
1604566971.91583 -0.0459862619547997 0.104938846238386 2.32939527829262 3.09240741139951 0.00800148503767246 -0.090084846057481 -0.00285060339671444
1604566972.21547 -0.0766369873052015 0.126827298215164 2.78335013709762 3.09160331680609 0.0114574716677266 -0.114048259352254 -0.00465614278309739
1604566972.51529 -0.113840691475688 0.146033571571911 3.23431898837903 3.09068303194637 0.0159463118369121 -0.136297961220395 -0.00424313740797888
1604566972.81495 -0.159676851145606 0.170510665221812 3.76206559141087 3.08952921777251 0.0134647881803695 -0.160616551218747 -0.00112372334726986
1604566973.11474 -0.208281408298436 0.192267371569218 4.24267867977158 3.08829219091753 0.0123090477604437 -0.182940865314365 0.00187027521552335
1604566973.41439 -0.28393099835622 0.213660149919846 4.79365619578572 3.0866558288081 0.0087259828483533 -0.208917166955482 -0.0020727590221901
1604566973.71437 -0.347109047501868 0.227911460043239 5.28967055622358 3.08501349842397 0.00555000670318421 -0.23198397517944 0.00392103274006081
1604566974.01419 -0.433362830458542 0.247685863269234 5.78751038174019 3.08256393085885 0.000546334203321458 -0.262593226023973 0.00389083584966836
1604566974.31417 -0.523468374275305 0.269613598394196 6.28430277619396 3.07871206355647 0.00332225222426195 -0.304113810195476 0.0143808925573986
1604566974.61383 -0.645754517859286 0.289724036950702 6.76381809420201 3.07300136861479 0.00318320479386291 -0.357189838050189 0.0154564731717499
1604566974.91362 -0.795111906145473 0.314285906820978 7.24445516744665 3.06615097271039 0.00445045668344319 -0.411981008424057 0.0118777923324828
1604566975.21343 -0.953880609255746 0.335080334145364 7.72463259077449 3.05804627920077 0.00120120474740288 -0.468095747303508 0.0202215231915568
1604566975.51325 -1.12262573465022 0.353419959343746 8.1848361444784 3.04822235209084 -0.00186231959587934 -0.527938363192681 0.0280915631328732
1604566975.81309 -1.32223036299741 0.37627693415114 8.64235938266512 3.03666511723021 -0.00306252946865049 -0.590408950856552 0.0352687500389288
1604566976.11323 -1.533952431153 0.399860167911984 9.10262436406028 3.02406954626804 -0.0102194103080801 -0.651172094579932 0.0452202775078973
1604566976.41322 -1.78539449046269 0.424493769801334 9.54685996700192 3.00997044808215 -0.0116379521917641 -0.713800495683563 0.0400292314831322
1604566976.71338 -2.04645912414487 0.446327719861872 9.99103439831163 2.99462655872253 -0.0139533374754911 -0.775436780040213 0.0434270146127305
1604566977.01319 -2.32351665747397 0.463587671878053 10.4028178663534 2.9765377239099 -0.0157542183033575 -0.842037107390175 0.046038242746849
1604566977.31301 -2.61208207005279 0.483287519099262 10.7920287326458 2.95454113627999 -0.0146345008853529 -0.915798092354162 0.0543818602477139
1604566977.61285 -2.92018261379956 0.504619307484264 11.1521200532793 2.9285799444878 -0.0109507900041463 -0.995286697492753 0.062249546234641
1604566977.91264 -3.25831193820372 0.522489627387714 11.4764354578319 2.89791851314348 -0.00963870466434114 -1.08146270880896 0.0598733937454213
1604566978.21244 -3.60078900886476 0.536542654013385 11.7729995061011 2.86236867715398 -0.00822792408725095 -1.17210167266758 0.0642382558385372
1604566978.51227 -3.92103917918158 0.552343995685645 12.0093714861673 2.8252110087691 -0.00550145555309105 -1.25883139523444 0.0683157050695836
1604566978.8119 -4.33119900742831 0.562904933218804 12.2775737926815 2.77687745160416 -0.00835200521343945 -1.36180832199975 0.0743705868194077
1604566979.11157 -4.70523502015824 0.57499700664305 12.4831018533441 2.72980463931646 -0.00832111008046922 -1.45354769087493 0.0804209420227615
1604566979.41119 -5.09160043173001 0.582162352576267 12.6614756702125 2.67989161268728 -0.00747314229892018 -1.54337369359725 0.0854035454467112
1604566979.71102 -5.49058699253678 0.590078287680083 12.8063761337532 2.6275244920531 -0.00417238862857416 -1.63099796852023 0.0843462434696496
1604566980.01082 -5.89944311361782 0.600241483891255 12.9202718092576 2.57099755416454 -0.0011623849945543 -1.71888436247713 0.0811036438329949
1604566980.31064 -6.31404982581397 0.608051907743161 13.0235115984541 2.5102150214781 -0.0032112772030992 -1.80613681839642 0.0886061744328305
1604566980.61045 -6.73377989073537 0.612629925595752 13.1057012545623 2.44873768202085 -0.0126087044943374 -1.88825221308644 0.0959134623847621
1604566980.91027 -7.15510097507463 0.612993967768615 13.1450102388693 2.38793758401251 -0.0130200375692226 -1.96466401865081 0.0940791930843336
1604566981.20994 -7.59401466823127 0.618717732920404 13.1553924413178 2.32541941115573 -0.00967750967090389 -2.03852231122517 0.0890433710852981
1604566981.50972 -8.07781842061085 0.624296873175411 13.1529415837827 2.25926573207176 -0.0102648892862729 -2.1115906529192 0.0892688395174305
1604566981.80971 -8.5421081073134 0.627789546918741 13.1282779294718 2.19944850834024 -0.00850640755657265 -2.17370493714614 0.0923676008521751
1604566982.10988 -9.00484572369783 0.630449478073824 13.1022679823082 2.1437206339017 -0.0145291467387243 -2.2282539022982 0.101520056355103
1604566982.41019 -9.45963881626783 0.629312111041593 13.037839443568 2.09245785960988 -0.0115881311325452 -2.27660434290392 0.0986382994332334
1604566982.71053 -9.90405720564701 0.631923744029161 12.9738392900726 2.04927384210966 -0.00869559740655582 -2.31535458148919 0.103466399754762
1604566983.01068 -10.370584054375 0.633645164713909 12.8955143162917 2.01006167997059 -0.00750059117385627 -2.34918646976797 0.109953360000033
1604566983.31089 -10.8845174272692 0.634631406840621 12.7769767434352 1.97061438828838 -0.00255630328372109 -2.38257474490745 0.105740295932454
1604566983.6112 -11.3575207343149 0.632037367402775 12.6805816479615 1.93845923980883 -0.00793383719274122 -2.40866228294555 0.108765177391601
1604566983.91151 -11.8204926652952 0.630555826243497 12.5612564850497 1.91075277000674 -0.00759526515401186 -2.43085251788684 0.105324391345737
1604566984.21167 -12.2661398998771 0.62645545273775 12.4585812407388 1.88829658923575 -0.0103845887166223 -2.448050581675 0.11156849120076
1604566984.51183 -12.7726593339968 0.622648099350609 12.3207591956416 1.8678725900663 -0.011406412087372 -2.46370593805172 0.110661461771197
1604566984.81199 -13.2565607304595 0.620810503278457 12.1895121282967 1.85260999684012 -0.0107860527568923 -2.47514417390574 0.112036629388833
1604566985.1118 -13.7233034540656 0.616902627165958 12.0563481417011 1.83884620818436 -0.0117955966805778 -2.48530777580259 0.113673978334746
1604566985.41162 -14.18143089251 0.611904157960898 11.9117777549181 1.82272613726416 -0.0106900541498275 -2.49702549049268 0.116575633716799
1604566985.71126 -14.6383333230896 0.60759900596367 11.7675871862244 1.80147946641971 -0.0147349462621735 -2.51228484768762 0.118534740799276
1604566986.01092 -15.0880607505413 0.601432452725485 11.6004705095366 1.77837083968367 -0.0125041164123228 -2.52877744240413 0.117031951594117
1604566986.31038 -15.5289630192176 0.59660527710305 11.4404804304558 1.75308159664354 -0.0152883747659562 -2.54625377476482 0.119306005184136
1604566986.60967 -16.0246966414183 0.591454063391632 11.2458457213851 1.72343084363916 -0.0180536244146789 -2.56614453728477 0.12463320132515
1604566986.90896 -16.4475012286146 0.581497572187661 11.0563752538672 1.6955803495308 -0.0180088354391181 -2.58465794102245 0.124085919068422
1604566987.20825 -16.8736655431866 0.576785945242186 10.8603753799348 1.66152067610233 -0.023251392676158 -2.60643852018901 0.12828750277545
1604566987.50776 -17.2903525914299 0.568824871437836 10.6384052708712 1.6229025185203 -0.0223771586816524 -2.63069527104539 0.127671830564032
1604566987.80737 -17.7459659012158 0.561529816704301 10.3674974211996 1.57003286346443 -0.0242246629638066 -2.6625747187816 0.127580827405229
1604566988.10703 -18.1305028266351 0.544581362189159 10.1013122402015 1.50415321437732 -0.0290923299112925 -2.70016906485405 0.130133748483014
1604566988.40683 -18.4797143597162 0.534796320160185 9.82230857761812 1.42782033523662 -0.0331600928505513 -2.74123569608512 0.130489019867514
1604566988.70682 -18.8150658817909 0.526846464776803 9.52082368426288 1.34647433881558 -0.0323804966260772 -2.78191648551909 0.134424898053958
1604566989.00699 -19.1346830328278 0.51685147578652 9.17558274377158 1.26191814990163 -0.0258963232818993 -2.82150380561848 0.131069697260875
1604566989.30747 -19.4153278940884 0.501674447279506 8.84972501993735 1.18419755505393 -0.0252425645403995 -2.8549622308128 0.131911528845984
1604566989.60817 -19.7137085579805 0.488058109666047 8.44839874868678 1.09634482640947 -0.0236228238622158 -2.88996768398585 0.129335983336995
1604566989.90902 -19.9853874120387 0.478466456268463 8.06750420661576 1.00923218227127 -0.0287714937515931 -2.9214790540514 0.129436345067946
1604566990.21006 -20.223427901042 0.460992898480897 7.66079923113881 0.919249362574492 -0.0279811151506248 -2.95109552223993 0.128077759533296
1604566990.51106 -20.4392379329269 0.443695014884161 7.25103751519184 0.831223680443879 -0.0297714624651477 -2.97706668803129 0.128163237227936
1604566990.81208 -20.6348805918959 0.426873771318774 6.83074211340231 0.742615834761291 -0.0339514407663543 -3.00019977308059 0.131686637549842
1604566991.11312 -20.8199733812907 0.409490780237475 6.35123022307453 0.640714644433231 -0.038910478498789 -3.02315822515592 0.140200185500039
1604566991.41399 -20.9476468993029 0.388964354582087 5.93005242934582 0.548375965722055 -0.0411366137506195 -3.04112691115943 0.14251216341001
1604566991.71484 -21.0044373798387 0.352957366802849 5.51530809601344 0.447451387351816 -0.0281100790103754 -3.05742495772038 0.149401253655434
1604566992.01532 -21.0381844745344 0.346404302506983 5.11327826569661 0.333245329636596 -0.0214212192142013 -3.07135243517796 0.162646634885303
1604566992.31565 -21.0645457313177 0.326534886616969 4.69250002101305 0.218714923684905 -0.0253471322940507 -3.08143793750744 0.165627804435779
1604566992.6158 -21.0436649540776 0.308439065456754 4.26825513483423 0.0995306138606416 -0.0213441236089129 -3.08793597438613 0.159563563053206
1604566992.91596 -20.9737374328451 0.266195929629158 3.87138425417582 -0.0174908694522544 -0.0147679339200376 -3.08989867810754 0.152227342856564
1604566993.21613 -20.8853707402905 0.245137913365857 3.46580359238758 0.150520614797938 0.0176942070258437 3.08623523347943 -0.152818750351675
1604566993.51614 -20.7693632709342 0.212704460549466 3.06050435287947 0.282462645461596 0.0218622183626271 3.07726689820371 -0.146069715605844
1604566993.81595 -20.6029348137207 0.193284888412257 2.67896213053012 0.413311981941199 0.021530733822818 3.06238114833904 -0.147317217774645
1604566994.11557 -20.4202527980234 0.172643133108423 2.33966863160241 0.539875157616286 0.0262773291457138 3.04280087343357 -0.142752191100538
1604566994.41505 -20.1989684150212 0.159751689223319 1.97389391816987 0.669490126945776 0.0304811804307919 3.01716306849907 -0.136937624184489
1604566994.71449 -19.934432749208 0.140032431624325 1.65013692709889 0.801093568094937 0.0293421162188984 2.98510678600214 -0.13302871422009
1604566995.01415 -19.6564612578503 0.12814904120952 1.3318775551265 0.931358103653501 0.0300785077760322 2.94722689856489 -0.129197530064701
1604566995.31378 -19.3494150444323 0.108295020815844 1.05327170150385 1.0543118364955 0.0298859384919694 2.90575795257097 -0.123592598673382
1604566995.61342 -19.0254459958927 0.0995998009123151 0.802403250825811 1.17775937327497 0.0302240390123411 2.85795472966162 -0.123430776566559
1604566995.91323 -18.6764829248767 0.0892282591709709 0.575858459732863 1.29817676795901 0.0291175976911353 2.80549498579135 -0.11940752323918
1604566996.21305 -18.3230405138396 0.0783108582684526 0.383929393751547 1.41891642891912 0.032426320026492 2.74647117969547 -0.117011913433816
1604566996.51305 -17.9533007333579 0.0635351672110536 0.222824775975363 1.53535863419503 0.0331849337464219 2.68330613937202 -0.112302334142126
1604566996.8134 -17.5672337229153 0.0515635891092359 0.0942601825109602 1.64637253958761 0.0319393286835264 2.61671888334742 -0.11131330997886
1604566997.11389 -17.1441088436759 0.0452154098928359 -0.0303718346727402 1.74837398752968 0.0327819641360747 2.54987359234681 -0.106908525757586
1604566997.41475 -16.6987181585589 0.0413038968339219 -0.127406268889143 1.83875126425237 0.0310379835181086 2.4855854177679 -0.105197861382101
1604566997.71558 -16.262182004565 0.0355665272414665 -0.196357435385486 1.91152229910301 0.0264511353362574 2.43009084805752 -0.105888313466474
1604566998.0166 -15.8234227352185 0.0296156629826891 -0.261654048705366 1.97339565703418 0.02699175983171 2.38024751514754 -0.102829079564633
1604566998.31781 -15.324183677028 0.0233756089435347 -0.310608915772447 2.03194326280462 0.0226054807200546 2.33053943567211 -0.102237639995302
1604566998.61883 -14.8617567272529 0.0191239967774291 -0.348583908380067 2.07718926335237 0.0241246514417195 2.29040090968732 -0.0996868375478085
1604566998.91985 -14.4078231700833 0.0156800165978419 -0.374771581407384 2.11211794590767 0.0222848332788043 2.258311386415 -0.098294852556853
1604566999.22087 -13.8848695372963 0.0104895207484791 -0.391007943742108 2.14377950369531 0.0184085369476634 2.22830715201744 -0.0984318487157847
1604566999.52158 -13.4007404030279 0.0094994033924257 -0.399590431048328 2.16730390383131 0.0156538598311229 2.20542036290963 -0.0992007824757785
1604566999.82191 -12.9193217818622 0.00507361336754346 -0.400612641834421 2.18644208867186 0.0129559540039449 2.18650505117731 -0.0983352662402057
1604567000.12222 -12.3752150360537 0.00396283388949045 -0.408211637870791 2.2022541335516 0.0149373956307588 2.17046053979766 -0.100626427533911
1604567000.42238 -11.8834783907317 0.0038140761694453 -0.412250595772162 2.20923641028926 0.0111160137125285 2.16341626731325 -0.0997597077287548
1604567000.72254 -11.3858073256514 -0.000723440648811318 -0.414918656377158 2.21147624703148 0.00980250646391917 2.16102643749549 -0.102041576812905
1604567001.02235 -10.8924178960724 -0.00234833539052047 -0.427600022250147 2.21053111325413 0.0129224001966491 2.16199362286956 -0.101684860477412
1604567001.32221 -10.3516945013781 -0.00824146723449868 -0.446426817735558 2.20528089030263 0.0123576969264776 2.16744124434604 -0.0997645316268955
1604567001.62128 -9.85608269308475 -0.00548200095782796 -0.461200072348878 2.19661421786269 0.00880851738021644 2.17610190378124 -0.102761469116894
1604567001.92041 -9.36245227196307 -0.0143036922970062 -0.494621802001965 2.18446786007704 0.0114266615757282 2.18833865652179 -0.101560579647803
1604567002.21937 -8.8704034842755 -0.0140993503889172 -0.525724117391463 2.17019172120704 0.0100285902135243 2.20236481578308 -0.104534999181276
1604567002.51856 -8.32567586104376 -0.0197184259599418 -0.572426416676038 2.15374683118924 0.00752994448183613 2.21854185050023 -0.102766589550035
1604567002.8178 -7.84631509590741 -0.0236645038904641 -0.636037503022906 2.13511940985231 0.011268599207323 2.23662342624525 -0.0991201330967393
1604567003.11742 -7.36019635543344 -0.0321612318933751 -0.706277894386144 2.10720505865363 0.00694761745364187 2.26282636828981 -0.102109870428789
1604567003.41741 -6.81809668870511 -0.0370098447309894 -0.821185934298229 2.0661547350346 0.00875356600378473 2.30032209413282 -0.103040169308069
1604567003.71757 -6.32678089479591 -0.0480182857983105 -0.936035618131994 2.0215714616054 0.00604064596583113 2.33951175699797 -0.105205049106601
1604567004.01792 -5.85051618306388 -0.0515943970694597 -1.06342128163003 1.9738976138802 0.00138479737068873 2.37961136530206 -0.111117368803844
1604567004.31859 -5.32352872518434 -0.0631735472710741 -1.25801804573727 1.9176471593985 0.00717735479662579 2.42538651246296 -0.106062010456403
1604567004.61929 -4.83604574151096 -0.0714749592779158 -1.4496591012817 1.86379238911028 0.0100895443864167 2.46685858001614 -0.109343060409703
1604567004.92011 -4.30257084194655 -0.0807798334251243 -1.68575909852084 1.80379577771976 0.0096261202018602 2.51080546117314 -0.11513076697243
1604567005.22115 -3.81778796848568 -0.0883954840100243 -1.91200660793831 1.74816855830378 0.00163963686871199 2.5495511148545 -0.121918593182221
1604567005.52203 -3.36289082590907 -0.100248047681524 -2.16910064200589 1.69226067664938 0.000651789494584529 2.58694896683809 -0.122961163309072
1604567005.82362 -2.92105653063173 -0.110933583729895 -2.44893681110768 1.62975829113422 -0.00211685371641656 2.62672971207573 -0.123876867810322
1604567006.1242 -2.50980858869538 -0.130800610978768 -2.75212728281522 1.56205806341316 0.00304329309033988 2.66756093272736 -0.123511304544076
1604567006.4254 -2.06889419511408 -0.145784134060644 -3.11196025373863 1.48354651065896 0.00481024096924546 2.71205627596457 -0.122427103065325
1604567006.72659 -1.67061770789426 -0.159410574676246 -3.45311108355853 1.41007715170083 -0.00507594311177819 2.75069574145951 -0.128454763398078
1604567007.02746 -1.26517182680141 -0.182387164935168 -3.87306759155601 1.32542072756356 -0.00296115641990839 2.79241087242051 -0.129860206974983
1604567007.32833 -0.924391309922984 -0.197754324633071 -4.24808391805857 1.24921151902243 -0.00858304242010399 2.82717370084415 -0.132878909726105
1604567007.62898 -0.600961031953212 -0.224283293423336 -4.69183656638556 1.16300427558919 -0.00353784076607405 2.86361191934891 -0.135300928589308
1604567007.92965 -0.273474123485397 -0.244844699802967 -5.19178094327501 1.06680959781543 -0.00209928063913332 2.90069193384126 -0.138094921153052
1604567008.23034 0.0321035960106537 -0.270890440368713 -5.75104298782859 0.960984764556608 -0.000430141754530987 2.93758963365772 -0.135078750235427
1604567008.53068 0.309512516250423 -0.294284232101426 -6.33556585326761 0.849623456836873 -2.03617331709779e-05 2.97179982706381 -0.133104456393456
1604567008.83065 0.549455629192417 -0.322486958698266 -6.92105913304857 0.739085721128716 -0.00607312010188733 3.00127581353783 -0.131262837006646
1604567009.13046 0.720611894917876 -0.348196611824277 -7.51373679717323 0.630163214797866 -0.000182908853892967 3.02598512876106 -0.132209368227891
1604567009.4301 0.854150378223212 -0.372246793318424 -8.09118975273928 0.525774937479042 -0.00102591588903394 3.0458943428359 -0.131371009610633
1604567009.72974 0.943631760614997 -0.398483583801783 -8.71938759096683 0.413171037952892 0.00456369189428981 3.06304730769137 -0.134837250892318
1604567010.02921 1.00245084390061 -0.424970550987326 -9.37606381081738 0.296087912046036 0.00183620383129974 3.07647949667613 -0.137016460680448
1604567010.32868 1.0021489267323 -0.452505880991152 -10.0187201769553 0.182595750204289 0.00237557490550416 3.08528919307217 -0.137166945849222
1604567010.62815 0.963663838044388 -0.48441649492607 -10.6613142373891 0.0681118665990009 -0.00196635810786333 3.08989807720621 -0.138050015617205
1604567010.92749 0.859806627904795 -0.514520020659009 -11.3166602776238 0.0525067862696959 -0.00115997373871607 -3.0897091865139 0.14869385292773
1604567011.2271 0.702085775920283 -0.54286952674431 -11.9875718403963 0.176123184051286 -0.00197815685888977 -3.08498803381895 0.151646198103755
1604567011.52672 0.487387792557508 -0.567012739679941 -12.6725994890795 0.305554994363757 -0.00014502898240635 -3.07490795182514 0.150825195039881
1604567011.82672 0.189610731108653 -0.606411661921881 -13.3712125362062 0.436319377027154 -0.00841181014413063 -3.05946119709639 0.142908549123536
1604567012.1269 -0.155773710824747 -0.634420876178867 -14.0569947323204 0.570590070914659 -0.00380501331902493 -3.0376835762614 0.134394979926042
1604567012.42703 -0.543257068902883 -0.669486908534569 -14.6965427388451 0.704204682492065 0.000737400420853191 -3.00961712498459 0.132177946975608
1604567012.72739 -1.05992960944736 -0.697138357117477 -15.3778673217918 0.85313935094877 0.00165764786713085 -2.97095542431419 0.129403995589987
1604567013.02775 -1.51914096992138 -0.722901079798997 -15.8680621391325 0.972723299593136 0.002726848271221 -2.93390002413459 0.13116257995529
1604567013.32787 -2.10275881303642 -0.741741255813449 -16.3984763847532 1.10517159405794 -0.000268452168742042 -2.88670389136014 0.129256901159843
1604567013.62838 -2.65905504744824 -0.753592058055784 -16.8356442165763 1.22019450199209 0.000593655271573456 -2.84023253806235 0.123996701101015
1604567013.92888 -3.274343248777 -0.756851534157277 -17.2081546256478 1.33336010635013 -0.0100469876363304 -2.78908066018321 0.119373293058813
1604567014.22921 -3.87859044949127 -0.778320312976532 -17.5274986460145 1.44424947509133 -0.0124918071269781 -2.73360132646274 0.112170511653436
1604567014.52937 -4.5673175061684 -0.772175369876883 -17.8600772458703 1.55824081937121 -0.000949791745836537 -2.67081265483548 0.0990728862100195
1604567014.82953 -5.19907510934623 -0.79057928228939 -18.0747165164125 1.65231790338226 -0.0065677823849564 -2.61374525574425 0.0964840698860107
1604567015.12969 -5.84186880038527 -0.78730058515247 -18.2429021699508 1.74444310365338 -0.0106663701549834 -2.55304097088707 0.0997863462914385
1604567015.42985 -6.48972335493588 -0.793115213714268 -18.3782218651642 1.83493445977328 -0.00470946858650417 -2.48892511159261 0.0970369280027194
1604567015.73035 -7.15005662372717 -0.794129277087085 -18.473216532262 1.92805768045269 0.00502876101405949 -2.41772665397645 0.0913079751841836
1604567016.03086 -7.95585317794467 -0.793172605306139 -18.4748494164515 2.04535225781694 -0.00188915241985876 -2.31926272119267 0.0933918085411458
1604567016.33139 -8.67893557304367 -0.776765998972736 -18.4279843352812 2.16034856858406 3.89423468696236e-05 -2.21293822599443 0.0834835067738522
1604567016.63187 -9.38718727372582 -0.762804647747855 -18.2865055692362 2.28148544028745 0.00402059433871629 -2.08852535693274 0.063567926636453
1604567016.93257 -10.0664345719635 -0.749931186730008 -18.0288852473994 2.40609415063345 -0.00487363203119101 -1.94375395574586 0.060652887738095
1604567017.23326 -10.7077059266684 -0.723188001205682 -17.691342793635 2.52937755947029 -0.00649182532819642 -1.78054115511267 0.055238031032635
1604567017.53376 -11.2887978252305 -0.69907704716482 -17.2837591979674 2.64031865519329 -0.00139975318557143 -1.61173943866817 0.0467166869678166
1604567017.83392 -11.8055495524041 -0.687301637398097 -16.7750014250495 2.74133570697323 -0.00600261263800798 -1.43337099657893 0.0407568859427883
1604567018.13408 -12.2494629062477 -0.653954509213018 -16.2359176712213 2.82743458313356 -0.00361238300988967 -1.25527629656699 0.0324511222719734
1604567018.43394 -12.5985627941882 -0.618844509006842 -15.661403789862 2.90083679014711 -0.00282240350539046 -1.07486731974846 0.031132349325921
1604567018.73351 -12.8830709233161 -0.600007270032585 -15.0598399270988 2.96271059738325 -0.00617918295262673 -0.890406225802871 0.0256030110113075
1604567019.03299 -13.0936001542163 -0.567945918062763 -14.429952165777 3.01316360529753 -0.00429113509196184 -0.701220059208872 0.016974383743437
1604567019.33247 -13.1957299584885 -0.567819344304464 -13.8083080876991 3.0510055929369 -0.00796142062157191 -0.512180611317664 0.0119806640053573
1604567019.63194 -13.2234013589632 -0.547737410813866 -13.1689739516242 3.07641605083694 -0.0111713358940018 -0.32663261175419 0.00465269988156711
1604567019.93139 -13.1780778517171 -0.517083748238909 -12.5641200339495 3.09031597241151 -0.0079435928089158 -0.144791888410045 -0.00950927508298502
1604567020.23085 -13.0594642392698 -0.488366921875432 -12.0160463377959 3.09339396117738 -0.00677414338897284 0.0400957025696657 -0.0207671336115407
1604567020.53072 -12.8516235371613 -0.47925854770966 -11.483695880883 3.08556357357615 -0.003259715119324 0.223302819062504 -0.0243656714747311
1604567020.83052 -12.6271689011906 -0.504682803978209 -11.0435258770831 3.06743043198423 0.000914679437929672 0.40143385257569 -0.029859631195146
1604567021.13066 -12.3372318315687 -0.470870638306483 -10.5902254687676 3.04031336865233 0.00673298594616234 0.571227520204425 -0.0363240240832302
1604567021.43099 -12.0436836390447 -0.45571710766204 -10.1983740529422 3.00652274233226 0.00921607303313558 0.72761225445665 -0.0498748260310634
1604567021.73131 -11.6891735331184 -0.428712048735568 -9.81495015473129 2.96658453936499 0.011916915803377 0.87592029378194 -0.0562923096846777
1604567022.03183 -11.3119891620693 -0.412935307494479 -9.47886597724822 2.92477713908639 0.0163054931467624 1.00684562349516 -0.053345433636504
1604567022.33214 -10.915680923511 -0.402182274799557 -9.15687690120167 2.88283049497826 0.0155409830671725 1.121231185987 -0.055303434877178
1604567022.63248 -10.5031774707073 -0.393233714494873 -8.85656588591585 2.84089562353877 0.0145422629496113 1.22358785938284 -0.0557167514111984
1604567022.93298 -10.0834467420448 -0.383669938772872 -8.5755680196936 2.80295809795534 0.0153074620635033 1.30804583644827 -0.0581265836983342
1604567023.23331 -9.65708125718732 -0.374174090934031 -8.29084996648194 2.77350174485403 0.0111336551093653 1.36931104250815 -0.0610115493256818
1604567023.53365 -9.18009203122985 -0.37201769761015 -7.9901246799508 2.74715490972168 0.0121435084859642 1.42132442735708 -0.0632482146951173
1604567023.83399 -8.73195770800818 -0.36029732831407 -7.73370647170161 2.73230506979593 0.0127152791199264 1.44985157447767 -0.0587261994285077
1604567024.13398 -8.2856505575607 -0.348169940454098 -7.46983076025257 2.72122240426097 0.0113448797740586 1.47070453474309 -0.0549465104214733
1604567024.43412 -7.86032550918394 -0.337791074218432 -7.18090583044546 2.72199019697955 0.00522503561775477 1.46917440089076 -0.05864873048587
1604567024.73411 -7.37810389238813 -0.330322674676788 -6.86564987277904 2.72857899043154 0.00364540768539189 1.45696849420702 -0.0570722186085654
1604567025.03411 -6.94317341629374 -0.31611707487481 -6.56836311713812 2.73944741853927 -0.00153193519960021 1.43648186385091 -0.0558245137087798
1604567025.33443 -6.50636741738617 -0.304696980899984 -6.27809166877212 2.75088235088469 0.00102951649022848 1.41468069922031 -0.0499477548118808
1604567025.6346 -6.01193703207602 -0.289325920814067 -5.93373711490913 2.76230107541318 0.00761772378215681 1.39230761004575 -0.0478046580849628
1604567025.93476 -5.59421641817199 -0.267828280600126 -5.60000156435998 2.77321654758189 0.00469056850553646 1.3701509038184 -0.0557270743987731
1604567026.23496 -5.15971422910047 -0.261402061180002 -5.2491427656259 2.78848349669365 0.0070156643337347 1.33881566068038 -0.0552650260868301
1604567026.53492 -4.72239655363902 -0.24342620999888 -4.87619750145508 2.80713878697122 0.0116893985501395 1.29918765073545 -0.0558360465125418
1604567026.83506 -4.28101052377591 -0.221379540471775 -4.47607261702465 2.82789495512371 0.0176761899882486 1.25344178312295 -0.0524633079897932
1604567027.13505 -3.77928566579215 -0.207987112590986 -3.99178673452341 2.85309813697662 0.0155826568822865 1.19547372558172 -0.0400224974120692
1604567027.43504 -3.32951693954158 -0.176347478053224 -3.47851881365046 2.87928073804081 0.0104521115609512 1.13095779916767 -0.0416973462377628
1604567027.73472 -2.88633246860831 -0.151591238631853 -2.94124432706167 2.90503183773324 0.00272978016848499 1.06337167996922 -0.0345581765468193
1604567028.03415 -2.49746203201283 -0.127540932187009 -2.38459465246394 2.93325747131375 -0.0026703148617792 0.982888656578251 -0.0330816027532546
1604567028.33382 -2.13655044093526 -0.0990293321046683 -1.81503910757323 2.96023127065479 -0.00286997377838699 0.898494046642312 -0.0300343620987143
1604567028.63345 -1.78919287779676 -0.0694365152129353 -1.22504846058837 2.98435431908854 -0.00193174026953277 0.815128549769245 -0.0190273786563105
1604567028.93307 -1.50541724916864 -0.0323202991834395 -0.598959584838986 3.00632745072936 -0.00358527766922073 0.729742330136376 -0.0250911070421945
1604567029.23288 -1.25521187472599 0.000275332102687647 0.0191458477574469 3.02685803032391 -0.00456437735053929 0.639279148400494 -0.0245525643010999
1604567029.53287 -1.03862226075059 0.0285272258043776 0.643357633141675 3.04438680152675 -0.0024811852176649 0.550050812741544 -0.0178319119100532
1604567029.83268 -0.87720257476312 0.0609208081351968 1.27316358341028 3.06010255991606 0.00130766603246373 0.454659152986569 -0.0150563833844545
1604567030.13233 -0.746060989190452 0.0923457242267995 1.96606750028144 3.07521665427214 0.00227797504732033 0.337729335422733 -0.0121352124907436
1604567030.43237 -0.68472009848874 0.119302380012937 2.50930161862863 3.08462822198669 0.00830566591494952 0.236895526109379 -0.00716135578046064
1604567030.7323 -0.66340927108085 0.144537353759335 3.1075525219119 3.09125381832431 0.0142295472094331 0.12264258355774 -0.00878491036918855
1604567031.03231 -0.692835778982299 0.167733257191466 3.69697519070607 3.09367945636083 0.0160431127433368 0.00739304115101068 -0.00253180514835014
1604567031.33264 -0.769912669506059 0.194887398396179 4.36903511731322 3.09107362829842 0.0120008295365777 -0.127148616355413 0.011138274448135
1604567031.63278 -0.903989443364309 0.209970353682555 4.98190505136156 3.08361538961726 0.00779553028732253 -0.249670613728562 0.00953784744333617
1604567031.93294 -1.09027615325592 0.234792204032104 5.58702225242812 3.0712666871189 0.00212354753714317 -0.371880073136653 0.0138804039487773
1604567032.23312 -1.3007496239425 0.255524976955656 6.17528490209377 3.05391652198825 0.00123768801181065 -0.493624687149068 0.0331366920932643
1604567032.53326 -1.58090499590449 0.285998168636438 6.74259562973947 3.03114670695079 -0.00275656070151127 -0.617977910099493 0.037634720855745
1604567032.83359 -1.90042996345741 0.307368735116866 7.27337708886874 3.0025836500766 -0.00142174577073051 -0.744033197680743 0.0455525076252219
1604567033.13376 -2.27925327030123 0.33515997568466 7.7888261941052 2.96747016952949 -0.00497863728972979 -0.873357385088942 0.0501389200551566
1604567033.43412 -2.69908221794047 0.35930910400258 8.26511091241281 2.92734113898866 -0.00684992450323024 -0.999495990817754 0.0529691054147971
1604567033.73424 -3.20308878036976 0.392148907172563 8.75333073843309 2.87742741464887 -0.0107832934390683 -1.13477585241329 0.0612371297479004
1604567034.03441 -3.69573347222719 0.409764249834572 9.16810431640532 2.83012435871892 -0.0177939061913528 -1.2476318121155 0.0683035852351799
1604567034.33491 -4.21423471520304 0.431455764414435 9.52435274103363 2.78462134881155 -0.0123218365942502 -1.34642593201844 0.0635637706913809
1604567034.63561 -4.7364765214187 0.453938156385201 9.87201680814245 2.74491480824029 -0.00922781099448718 -1.42547985011722 0.067348104557728
1604567034.93592 -5.2763661245229 0.471143727700562 10.1941399773783 2.70733494028146 -0.00973288434022007 -1.49537966314651 0.0724809106715854
1604567035.23612 -5.82630592443657 0.490417603836569 10.4702117200281 2.65996082870293 -0.0092623935256437 -1.57774978493576 0.0799952575949393
1604567035.53625 -6.38646262889981 0.503789449884279 10.7079759177785 2.60987257891233 -0.014265501141272 -1.65918655260943 0.0814409493380362
1604567035.83606 -6.95679240232833 0.517615567791731 10.8936173955088 2.55746320101638 -0.0092683845511583 -1.73903789327926 0.0788308664423615
1604567036.1359 -7.534639631766 0.524913747626123 11.0424624860209 2.50116116328811 -0.00905012434191806 -1.81923045199694 0.0753824933655961
1604567036.43572 -8.11863798585568 0.539202267122922 11.1910741368926 2.44037998409137 -0.0125914504398265 -1.89889850387249 0.0987040418785609
1604567036.7355 -8.75050464675063 0.549199551331054 11.2801535442244 2.37960132790449 -0.013452031358882 -1.97459890057383 0.0971945071003354
1604567037.03536 -9.40400102740386 0.554918479588696 11.3279592613382 2.31501522194651 -0.00887542205377573 -2.04996486988502 0.0971638232417522
1604567037.33478 -10.0781969119691 0.562739733369273 11.3462266190551 2.24829617191896 -0.0096476033644986 -2.12273380635986 0.101209988099828
1604567037.63432 -10.7661138784521 0.567114062573808 11.3271788497256 2.18056660420197 -0.011565259226618 -2.1920545570223 0.105182582808244
1604567037.93373 -11.5443284974255 0.565605142519361 11.2560018968637 2.10836641572422 -0.0142771984723488 -2.26158944565652 0.104744571293013
1604567038.23319 -12.2112201433524 0.560232727340799 11.1682474468492 2.04414453137111 -0.0184780035546553 -2.31940914981346 0.112445192347791
1604567038.53283 -12.9111499159076 0.558336387945236 11.009530052584 1.97349313272568 -0.0138655744363173 -2.37978983001418 0.11359574446936
1604567038.83247 -13.6931538003331 0.554194178690578 10.7875291856186 1.89142996731197 -0.011679112635104 -2.44518499528835 0.120820706707659
1604567039.13232 -14.3644012573923 0.543127633731537 10.5451386909039 1.81157193509163 -0.0142091362379161 -2.50483772207336 0.122328401380963
1604567039.43181 -15.0410974462174 0.526263452654238 10.2411574716747 1.71715236474986 -0.0204447235985849 -2.57036454088279 0.123963396830284
1604567039.7314 -15.6725181452622 0.51176534543229 9.88415082854567 1.60918782997424 -0.0234968465281404 -2.63912859063077 0.127018642142167
1604567040.03105 -16.3026458821159 0.498919214450952 9.42599727143324 1.48243400980122 -0.0204494922373679 -2.71233892362853 0.127905494377256
1604567040.33085 -16.826605404019 0.481982945661205 8.98047184576555 1.35681070003953 -0.0268706814230482 -2.77705995542379 0.132104965803876
1604567040.6309 -17.2813002565236 0.459742738939257 8.48424172336487 1.22423824102042 -0.028540642519426 -2.83811222656485 0.129291057854865
1604567040.93082 -17.716950646693 0.43981323598895 7.903138743913 1.06893708453511 -0.0310791877755924 -2.90002447072222 0.132048058961285
1604567041.23101 -18.0433799029063 0.419919211293286 7.33476465832051 0.910732608275264 -0.0364724581864627 -2.95352956790975 0.130652190074136
1604567041.53113 -18.3003942224578 0.397492265888905 6.73528026008703 0.734080539309445 -0.0403169994470337 -3.00216013762327 0.133063280806098
1604567041.83147 -18.4692080822559 0.347631495822236 6.10169591700826 0.538897918723554 -0.0434690349569479 -3.04315533480399 0.134447431063833
1604567042.13198 -18.5478523158143 0.32608683782945 5.50988456794722 0.361222127574966 -0.0410367989424524 -3.06916729869147 0.138627831246116
1604567042.43286 -18.5683894571918 0.288046972659907 4.95486431243674 0.193298627622617 -0.0390636791818967 -3.08403243303341 0.144998788947789
