1604566970.41832 0.00693210830706292 0.010591255271319 0.234810415170333 0.999999222073702 3.7610667564653e-05 -0.00124252589768788 0.000102795050870506
1604566970.71797 0.00800059753398725 0.0301849735655463 0.623256294564555 0.999991344108302 0.000560868745723885 -0.00410268864472328 -0.000406301126917756
1604566971.01725 0.00172622701538981 0.0509508241283624 1.02482472058596 0.99996548327656 0.00061023063070063 -0.00820493850795882 -0.00115709037431489
1604566971.31672 -0.0129487060784748 0.0685799172859868 1.43106913966274 0.999900429276198 0.000841740835847405 -0.0139200698252545 -0.00215746650047944
1604566971.61619 -0.0210817609334199 0.0891878132095662 1.85558850810249 0.999782911630236 0.00184807818892932 -0.0207361389654394 -0.000852502187969678
1604566971.91583 -0.0460430135400879 0.105068351130264 2.33226998193641 0.999572195457965 0.00258635454582962 -0.029118513627678 -0.000921412840083793
1604566972.21547 -0.0767315649102602 0.126983815616787 2.78678506583455 0.999312284491792 0.00370344802146361 -0.0368643111411053 -0.00150502512926009
1604566972.51529 -0.113981182123045 0.146213791410178 3.23831045718114 0.999014816844327 0.00515439520469458 -0.0440561783131474 -0.00137152761919032
1604566972.81495 -0.15987390813722 0.170721092209102 3.76670835160044 0.998641864508659 0.00435228160209891 -0.0519167811255346 -0.000363225947906252
1604566973.11474 -0.208538448109992 0.192504648479145 4.24791456394025 0.9982420149789 0.00397870663760163 -0.0591327655299154 0.000604537130650984
1604566973.41439 -0.284281397227192 0.213923827629349 4.79957204058095 0.997713086591177 0.00282053710035241 -0.0675291976318352 -0.000669986845468143
1604566973.71437 -0.347537414320049 0.228192725275789 5.29619853168749 0.997182229052266 0.00179395262236731 -0.0749851816181739 0.00126741233706699
1604566974.01419 -0.433897642956624 0.247991532066751 5.79465274067683 0.996390444755034 0.000176593962701914 -0.084879141888482 0.0012576516658455
1604566974.31417 -0.524114385906292 0.269946328180739 6.29205822597005 0.995145389060929 0.00107386592640707 -0.0983000195270542 0.0046483979741009
1604566974.61383 -0.646551442658948 0.290081585002971 6.77216531320025 0.993299496485647 0.00102892102530368 -0.115456013104535 0.00499606253864562
1604566974.91362 -0.79609315270123 0.314673766644491 7.25339554002371 0.991085213448853 0.00143854032345843 -0.133166399601615 0.00383931008417823
1604566975.21343 -0.955057792058823 0.33549385634424 7.73416554967701 0.988465498383155 0.000388270595307054 -0.151304608859721 0.00653629022410764
1604566975.51325 -1.12401116559021 0.353856114449916 8.19493703998019 0.985290068020037 -0.000601965601374318 -0.170647795894452 0.0090801572040808
1604566975.81309 -1.32386212574625 0.376741297019804 8.65302490699234 0.981554373111117 -0.000989914619059941 -0.190840433589129 0.0114000703068797
1604566976.11323 -1.53584547982719 0.40035363481836 9.11385790079462 0.977483052342292 -0.00330326410429552 -0.210481166809018 0.0146167454848167
1604566976.41322 -1.78759784345099 0.425017637003346 9.55864173430853 0.972925739979215 -0.00376178552026295 -0.230724815223005 0.0129388212719299
1604566976.71338 -2.04898465665362 0.446878532312885 10.0033643206987 0.967966068392111 -0.00451019749950427 -0.250647777458555 0.0140371013788856
1604566977.01319 -2.32638410631956 0.464159784813108 10.4156559701758 0.962119136238127 -0.00509230398270335 -0.272175288737314 0.0148811399196163
1604566977.31301 -2.61530563709383 0.483883943589816 10.8053471610855 0.955009084273833 -0.00473037288860446 -0.296017370284463 0.0175780834182825
1604566977.61285 -2.9237864073157 0.505242057506759 11.1658828699433 0.946617536193602 -0.00353967112033594 -0.321710815222986 0.020121189519418
1604566977.91264 -3.2623330166736 0.523134431148456 11.4905985117094 0.93670670939512 -0.00311556011254874 -0.349565859325394 0.0193531354940535
1604566978.21244 -3.6052327378363 0.53720480059577 11.7875285492798 0.925215782463175 -0.00265954741721203 -0.378863482841694 0.0207640087086254
1604566978.51227 -3.92587812846636 0.553025642682968 12.0241922356951 0.913205148926125 -0.0017782592245596 -0.406897505421655 0.0220819802232199
1604566978.8119 -4.33654413441672 0.563599613455222 12.2927255303224 0.8975820846198 -0.00269965469520585 -0.440183181943086 0.0240391257861233
1604566979.11157 -4.71104174449714 0.575706609691349 12.4985072328939 0.882366536321945 -0.00268966832802209 -0.469836494122607 0.0259948082138729
1604566979.41119 -5.09788396911426 0.582880798368541 12.6771011806547 0.866232933283171 -0.00241557604187762 -0.498871340701804 0.0276053566251897
1604566979.71102 -5.49736291871003 0.590806502517439 12.8221804656665 0.849306082846465 -0.00134865918584779 -0.527194513301026 0.0272636003434729
1604566980.01082 -5.9067236085914 0.600982241115664 12.936216699674 0.831034636723456 -0.000375722719034684 -0.555602411766973 0.0262154808667655
1604566980.31064 -6.3218419863848 0.608802303801355 13.0395838969583 0.811387636325345 -0.00103799499131109 -0.583805399704736 0.0286405562159978
1604566980.61045 -6.74209003962629 0.613385971379746 13.1218749832128 0.791516050535688 -0.0040755659771174 -0.610347913168073 0.0310025224414151
1604566980.91027 -7.16393107576062 0.613750462816575 13.1612324786856 0.771863372422763 -0.00420852294236457 -0.635046830899718 0.0304096236581139
1604566981.20994 -7.60338643172768 0.619481291659396 13.1716274937965 0.751655353560788 -0.00312810322231549 -0.658920365605781 0.0287818731770628
1604566981.50972 -8.08778724568063 0.625067317124042 13.1691736116613 0.73027221432893 -0.00331796447071935 -0.682538561079101 0.0288547523115786
1604566981.80971 -8.5526499116738 0.628564301171436 13.1444795199671 0.710937234910921 -0.00274956283102928 -0.702616029275932 0.0298563783131051
1604566982.10988 -9.01595859194092 0.631227514944053 13.118437473962 0.692924073515885 -0.00469631881304576 -0.720248126733727 0.032814766010395
1604566982.41019 -9.47131294406724 0.630088744288666 13.053929424047 0.67635418571415 -0.00374568164424717 -0.735876648347489 0.0318832832819064
1604566982.71053 -9.9162797895952 0.632703600289062 12.9898502880465 0.662395629340801 -0.00281071548284641 -0.74840205522448 0.0334438909885403
1604566983.01068 -10.3833823784925 0.63442714537681 12.9114286535187 0.649720912919697 -0.00242444846020179 -0.759337682502649 0.0355406991485232
1604566983.31089 -10.8979499958851 0.635414604623631 12.7927447935997 0.636970194561467 -0.000826284944262601 -0.770129918791017 0.0341788922649569
1604566983.6112 -11.3715370356888 0.632817363885133 12.6962307370657 0.626576547125979 -0.00256448844092162 -0.778562306313668 0.0351566377554036
1604566983.91151 -11.8350803197191 0.631333994357862 12.5767583151275 0.617620865301398 -0.00245505033945225 -0.785734951734265 0.0340444576302083
1604566984.21167 -12.281277526966 0.627228560586574 12.4739563594329 0.610362257062359 -0.00335665543425421 -0.791293956125144 0.0360627649779839
1604566984.51183 -12.788422056052 0.623416508549634 12.3359642283315 0.603760519653962 -0.00368694381291525 -0.796354304540576 0.035769581940422
1604566984.81199 -13.2729206345905 0.621576644702591 12.2045551891537 0.598827125766972 -0.0034864223888446 -0.800051534886947 0.0362140833051569
1604566985.1118 -13.7402393647768 0.61766394588533 12.0712268650577 0.594378196950628 -0.00381274162882886 -0.803336759797595 0.0367433306722935
1604566985.41162 -14.1989321776894 0.61265930807601 11.9264780641508 0.589167636847437 -0.00345539234472077 -0.807124327294474 0.0376812452659558
1604566985.71126 -14.6563984709565 0.608348843096375 11.7821095500663 0.582299983722604 -0.00476284028131023 -0.812056675185115 0.0383144959043905
1604566986.01092 -15.106680906434 0.602174679722964 11.614786634908 0.574830482558102 -0.00404175951993046 -0.817387647762922 0.0378287428630628
1604566986.31038 -15.5481272920191 0.597341546889453 11.4545991122813 0.566656131373355 -0.00494172736537163 -0.823036598105602 0.0385637950205455
1604566986.60967 -16.0444726984298 0.592183976071981 11.2597242047727 0.557071990497119 -0.00583555094507656 -0.829465975130153 0.0402857276231772
1604566986.90896 -16.4677990682101 0.582215197575333 11.0700199120005 0.548069755074369 -0.00582107361118173 -0.835450142530364 0.0401088272170806
1604566987.20825 -16.8944893116012 0.577497756017253 10.8737781548819 0.537060499819067 -0.00751564801555185 -0.842490373146681 0.0414669232541527
1604566987.50776 -17.3116905927817 0.56952685746221 10.6515341127992 0.524577786054861 -0.00723306558801961 -0.850330987426291 0.0412679168678076
1604566987.80737 -17.7678661743529 0.562222799911241 10.3802919361072 0.507488499247925 -0.00783024237159066 -0.860635518920494 0.0412385015239874
1604566988.10703 -18.1528776562852 0.545253429330712 10.113778256328 0.486193935914759 -0.00940363936951555 -0.872787301671344 0.0420636932232264
1604566988.40683 -18.5025201508591 0.535456311594263 9.83443027569217 0.461520529911709 -0.0107184799422062 -0.886061446141567 0.0421785291263092
1604566988.70682 -18.8382855298055 0.527496645304826 9.53257332022727 0.435226712371835 -0.0104664876895698 -0.899210873302291 0.0434507400210886
1604566989.00699 -19.1582971199473 0.5174893215118 9.18690631834618 0.407895250456206 -0.00837058035165638 -0.912006853650215 0.0423662239865646
1604566989.30747 -19.4392883246614 0.502293563053902 8.86064645392431 0.382773287115334 -0.00815926309179862 -0.922821764843598 0.0426383328434478
1604566989.60817 -19.7380372197377 0.488660421536134 8.45882490645117 0.354376270433637 -0.00763570732104333 -0.934136728568044 0.0418058281516559
1604566989.90902 -20.0100513523117 0.47905693109173 8.07746030292763 0.326218474461352 -0.00929993411277907 -0.944322284728011 0.0418382685071462
1604566990.21006 -20.2483856067689 0.461561809209522 7.67025341337631 0.297132939254624 -0.00904445662604798 -0.953895343575236 0.0413991270406687
1604566990.51106 -20.4644619695298 0.44424257831743 7.25998601103558 0.268680018071073 -0.00962315831626287 -0.962290115594271 0.0414267563648577
1604566990.81208 -20.6603460708464 0.427400575677521 6.83917192324447 0.240038921649802 -0.0109742707447552 -0.969767522524937 0.0425656402590892
1604566991.11312 -20.8456672830087 0.409996132269833 6.35906826792463 0.207100960060225 -0.0125772019158862 -0.977188482085653 0.0453175111103701
1604566991.41399 -20.9734983627413 0.389444374979588 5.93737069923561 0.177253930375593 -0.0132967652220844 -0.982996578021463 0.0460648217094848
1604566991.71484 -21.0303589283343 0.353392951024174 5.52211453046792 0.144631643284529 -0.00908614217108659 -0.988264665959216 0.0482916120851455
1604566992.01532 -21.0641476702751 0.346831799600294 5.1195885556672 0.107716326297451 -0.00692407314779886 -0.99276650461351 0.0525729738316002
1604566992.31565 -21.0905414594507 0.32693786289031 4.69829102910628 0.0706961688299028 -0.00819306297816091 -0.99602648506389 0.0535365901331315
1604566992.6158 -21.0696349132709 0.308819709701044 4.2735225828724 0.032171709925807 -0.00689915320253093 -0.998126873571902 0.0515764192157357
1604566992.91596 -20.9996210945766 0.266524441675181 3.87616192438307 -0.00565364922953225 -0.0047735030243475 -0.998761286767464 0.0492051010959793
1604566993.21613 -20.9111453488032 0.245440437741755 3.4700807360345 0.0486534280187768 0.00571937491111691 0.997577135747663 -0.0493962642933379
1604566993.51614 -20.7949947147817 0.212966958843976 3.06428131726893 0.0913016200964073 0.0070666192060453 0.994678262026135 -0.0472147446613372
1604566993.81595 -20.6283608684285 0.19352342103838 2.68226823416569 0.13359661591649 0.00695947202744396 0.989866676845473 -0.0476179801719979
1604566994.11557 -20.4454534050963 0.172856191771523 2.34255601357799 0.174506177479216 0.00849373452156669 0.983537660072719 -0.0461424068959346
1604566994.41505 -20.2238959353286 0.159948838572506 1.97632989805354 0.216402183477424 0.00985256351767967 0.975250641722345 -0.0442629393340321
1604566994.71449 -19.9590338063988 0.14020524546369 1.65217335890645 0.258940931804817 0.00948437887588479 0.964888951165156 -0.0429994454940683
1604566995.01415 -19.6807192707898 0.128307189772431 1.33352122346244 0.301046899898995 0.00972240589741096 0.952644871646471 -0.0417610753028413
1604566995.31378 -19.3732941320444 0.108428667558346 1.05457154272292 0.340789765675213 0.00966016089652951 0.939240685238925 -0.0399493691364548
1604566995.61342 -19.0489252737288 0.0997227168953912 0.803393495620432 0.38069224582956 0.00976944658708492 0.923789043163137 -0.0398970626783879
1604566995.91323 -18.6995315478466 0.0893383756480492 0.576569125899285 0.419615280075293 0.00941180678305838 0.906832253718036 -0.0385966091396634
1604566996.21305 -18.3456529539958 0.0784075015954615 0.384403200510521 0.458642481840447 0.0104812993850751 0.88775373410705 -0.0378222658420173
1604566996.51305 -17.9754568781382 0.0636135758771966 0.223099763737807 0.49628059845553 0.0107265093722002 0.867336625481727 -0.0362999681994349
1604566996.8134 -17.5889134229067 0.0516272236666169 0.0943765088780025 0.532164102268959 0.0103238870712697 0.845813339303883 -0.0359802816501812
1604566997.11389 -17.1652663658113 0.0452712101706101 -0.0304093165138928 0.565134470559857 0.0105962557656951 0.82420664736698 -0.0345565042338074
1604566997.41475 -16.7193260246367 0.0413548699185838 -0.127563500797712 0.594347507813678 0.0100325413829426 0.803426503208438 -0.0340035588039163
1604566997.71558 -16.2822511419503 0.0356104198458738 -0.19659975983778 0.617869603512734 0.00854991464674214 0.785488753907709 -0.0342267366113716
1604566998.0166 -15.8429504003675 0.0296522116333553 -0.261976955622126 0.637869196063065 0.00872466303592458 0.769377678270615 -0.0332378872325962
1604566998.31781 -15.3430952319131 0.0234044567517329 -0.310992237826153 0.656793791387418 0.00730686710600712 0.753310321184967 -0.0330467136677491
1604566998.61883 -14.8800976016485 0.0191475976766549 -0.349014095322114 0.671418851441437 0.00779791521562305 0.740336172179515 -0.0322222067825239
1604566998.91985 -14.4256038456742 0.0156993672856658 -0.375234086522211 0.682709000267737 0.0072032228495495 0.729963737063021 -0.0317722694656216
1604566999.22087 -13.902004836498 0.0105024658522142 -0.391490486130299 0.692943102253376 0.00595027085503508 0.720265338870321 -0.0318165513253946
1604566999.52158 -13.4172782391029 0.00951112659363615 -0.400083565072796 0.700546995648566 0.00505986468054201 0.712867543239919 -0.0320650971036144
1604566999.82191 -12.935265499851 0.0050798747071155 -0.401107037367873 0.706733113741424 0.0041878089349536 0.706753465383827 -0.0317853325549308
1604567000.12222 -12.3904872726245 0.00396772441757216 -0.40871541131524 0.711844109258012 0.0048282788645577 0.701567328717071 -0.0325259145093186
1604567000.42238 -11.8981437757564 0.00381878311582069 -0.412759353689235 0.71410102070578 0.00359307709275746 0.699290378116484 -0.0322457609256434
1604567000.72254 -11.3998585354704 -0.000724333445962832 -0.415430706944308 0.714825012803857 0.00316850647525005 0.698517903109182 -0.0329833393190285
1604567001.02235 -10.9058602146464 -0.00235123346813181 -0.428127722874213 0.714519513133489 0.00417696319299185 0.698830530612338 -0.0328680363581992
1604567001.32221 -10.3644695139232 -0.00825163801835406 -0.446977752483126 0.712822460907148 0.00399443171752494 0.700591388815948 -0.032247320175061
1604567001.62128 -9.8682460717502 -0.00548876628798709 -0.4617692387505 0.710021094966108 0.00284721509333335 0.70339081114751 -0.0332160332157442
1604567001.92041 -9.37400646197621 -0.0143213444648238 -0.495232214116117 0.706094975311285 0.00369348914244025 0.707346149553783 -0.0328278645292067
1604567002.21937 -8.88135043752806 -0.0141167503786552 -0.526372912832057 0.701480437323715 0.00324158450148849 0.711879885553434 -0.0337892989936071
1604567002.51856 -8.3359505666542 -0.0197427604434385 -0.573132847362645 0.696164884541579 0.00243393645663888 0.717108858310586 -0.0332176883154498
1604567002.8178 -7.85599822302919 -0.0236937082235357 -0.636822436067362 0.690143862740624 0.00364239796085023 0.722953444084814 -0.0320390284567177
1604567003.11742 -7.3692795640581 -0.03220092202728 -0.707149511005035 0.681120986514937 0.00224570837779618 0.731423134142595 -0.0330054141592687
1604567003.41741 -6.82651089284531 -0.0370555185316088 -0.822199358777776 0.667852113224544 0.00282945292274069 0.743543039451007 -0.0333061186815015
1604567003.71757 -6.33458876676219 -0.0480775451015467 -0.937190778455038 0.65344126931761 0.00195254406899689 0.756210483334685 -0.034005882123131
1604567004.01792 -5.85773629737693 -0.0516580696469038 -1.06473364843256 0.638031445741021 0.000447614031379297 0.769172052810222 -0.0359169467384328
1604567004.31859 -5.33009848496996 -0.0632515096625257 -1.25957056414998 0.619849368543004 0.00231996737079258 0.783968151207985 -0.0342828814391613
1604567004.61929 -4.84201389918872 -0.0715631664309873 -1.45144812366856 0.602441658687426 0.00326128698189123 0.797373346610601 -0.0353434293776823
1604567004.92011 -4.30788063895365 -0.0808795237111211 -1.68783949160321 0.5830486950221 0.00311149238242225 0.811578486696511 -0.0372142147516423
1604567005.22115 -3.82249949558738 -0.0885045727603737 -1.91436621277397 0.565068068784469 0.000529986902298409 0.824102411575218 -0.0394082731159756
1604567005.52203 -3.36704096504647 -0.100371763665084 -2.17177752625025 0.546996722880079 0.000210680731677411 0.836190680693592 -0.0397452675581614
1604567005.82362 -2.92466140264748 -0.111070486719413 -2.45195904079962 0.526793807028681 -0.000684239763810504 0.849049182683841 -0.0400412546765892
1604567006.1242 -2.51290594016783 -0.130962031840438 -2.75552367946881 0.504910770205432 0.000983696761467921 0.862247234376359 -0.0399230920841465
1604567006.4254 -2.07144741471436 -0.145964046068408 -3.11580071978754 0.479533142126401 0.00155483495110838 0.876629656227803 -0.0395726409603913
1604567006.72659 -1.67267941500642 -0.159607303056419 -3.45737256339703 0.455785324111883 -0.00164071900149911 0.889119257440671 -0.0415209876271579
1604567007.02746 -1.26673317368592 -0.182612248695106 -3.8778473391677 0.428421462732371 -0.000957147370954832 0.902603019277743 -0.0419752752208885
1604567007.32833 -0.925532100020609 -0.197998372984545 -4.2533264728247 0.403788031311024 -0.00277433384875038 0.913839558357185 -0.0429510235408708
1604567007.62898 -0.601702677170937 -0.224560081140241 -4.69762675571031 0.375922891916619 -0.00114355154132971 0.925617641004095 -0.0437339031522726
1604567007.92965 -0.273811617540868 -0.245146862324393 -5.19818811329657 0.344829471011198 -0.000678559542188926 0.937603174138279 -0.0446370174284639
1604567008.23034 0.0321432150161917 -0.271224745904255 -5.75814034240246 0.310623253381347 -0.000139036575953651 0.949529776912848 -0.043662087483951
1604567008.53068 0.309894485238923 -0.294647407884521 -6.34338456673957 0.274627457214208 -6.58161090094939e-06 0.960587685390207 -0.0430239279636941
1604567008.83065 0.550133711660457 -0.322884939429096 -6.92960040300567 0.238897867783186 -0.00196304082416364 0.970115335726484 -0.0424286533802461
1604567009.13046 0.721501201107936 -0.348626320804156 -7.52300948985474 0.203690375915664 -5.91224183400048e-05 0.97810223433981 -0.0427346047524367
1604567009.4301 0.855204484079574 -0.372706182595597 -8.10117507935242 0.169948502462958 -0.000331611221010744 0.984537575540089 -0.0424636184779422
1604567009.72974 0.94479629532747 -0.398975351867523 -8.73014817570443 0.133551057982788 0.00147514182942167 0.990082002408294 -0.0435840266088856
1604567010.02921 1.00368796716627 -0.42549500658437 -9.38763479881268 0.0957057738257327 0.000593524090064824 0.994423746831688 -0.0442884219949056
1604567010.32868 1.00338567740238 -0.453064317902674 -10.0310842663253 0.0590212124832527 0.000767867330487027 0.997271343023394 -0.0443370639655532
1604567010.62815 0.964853094317223 -0.485014312684205 -10.6744713512424 0.022016092634538 -0.000635594418668139 0.998761092535534 -0.0446225024182847
1604567010.92749 0.860867714131436 -0.515154989138588 -11.3306261531619 0.0169719951629173 -0.000374943318402304 -0.998700036581744 0.0480629558945501
1604567011.2271 0.702952219051298 -0.543539481311995 -12.00236568701 0.0569290569878431 -0.000639408179889799 -0.997173998018069 0.0490172551691123
1604567011.52672 0.487989277190135 -0.5677124893549 -12.6882387274119 0.0987658597064037 -4.687834397711e-05 -0.993915769606184 0.0487518788050507
1604567011.82672 0.189844729462089 -0.607160033754868 -13.3877139319796 0.141033395537785 -0.00271898570109137 -0.988922848401818 0.0461929471746021
1604567012.1269 -0.155965950956032 -0.635203814146265 -14.0743424509985 0.184434291480554 -0.00122991087882669 -0.981883574019782 0.0434410694554658
1604567012.42703 -0.543927501735837 -0.670313121446295 -14.7146797228753 0.227623119106357 0.000238353120900805 -0.972811533829328 0.0427244483254363
1604567012.72739 -1.06123766718185 -0.697998694645466 -15.3968451275921 0.275763914843779 0.00053580867505887 -0.960314745444722 0.0418278120457542
1604567013.02775 -1.52101573979078 -0.723793211069104 -15.8876448937111 0.314417550728673 0.000881410936701769 -0.948337168501089 0.0423962468607933
1604567013.32787 -2.10535382491706 -0.742656637719951 -16.4187137228535 0.357229384639951 -8.67729532324123e-05 -0.933081758790007 0.0417802660781899
1604567013.62838 -2.6623365837788 -0.75452206502172 -16.8564210629218 0.394408735649096 0.000191889755846667 -0.918060622677559 0.0400799889083808
1604567013.92888 -3.27838411146614 -0.757785563638374 -17.2293911865984 0.430987742406586 -0.00324753117987157 -0.901526580401963 0.0385855447707143
1604567014.22921 -3.88337701285467 -0.779280837049284 -17.5491293089998 0.466830991700644 -0.00403778073649748 -0.883593755896017 0.0362573586474255
1604567014.52937 -4.572954026685 -0.773128310483452 -17.8821183436675 0.503676905937241 -0.000307005285627622 -0.863298302548894 0.0320237566415897
1604567014.82953 -5.20549128108853 -0.791554935140019 -18.0970225002506 0.534085847870496 -0.00212293264904897 -0.844852160818532 0.0311869623669777
1604567015.12969 -5.84907824297475 -0.788272191767282 -18.2654157114824 0.563863873997503 -0.0034477368648392 -0.825230452804022 0.0322543714232407
1604567015.42985 -6.49773231397753 -0.794093996154527 -18.4009024045533 0.593113785627291 -0.00152226185886739 -0.804506006858642 0.0313656650823632
1604567015.73035 -7.1588804991858 -0.795109310981616 -18.4960143044447 0.623214406198664 0.00162546812839968 -0.78149222208686 0.0295138709347391
1604567016.03086 -7.96567148586917 -0.794151458573286 -18.4976492037744 0.661128038722986 -0.000610638890888686 -0.749665300089683 0.0301874373852362
1604567016.33139 -8.68964623599925 -0.777724604868624 -18.4507262864692 0.698298792615027 1.25875028669456e-05 -0.715297574574446 0.0269847342374283
1604567016.63187 -9.39877198917204 -0.763746023958591 -18.3090729216655 0.737454386523229 0.00129959406234178 -0.675083065899814 0.0205473353072693
1604567016.93257 -10.0788575456055 -0.750856675819464 -18.0511346709289 0.777732197821505 -0.0015753251176782 -0.62828798101208 0.0196050947018639
1604567017.23326 -10.7209202924444 -0.724080486565118 -17.713175656467 0.817581626192527 -0.00209838072173622 -0.575532002982031 0.0178548271966139
1604567017.53376 -11.3027293157528 -0.699939777227642 -17.3050890624211 0.853441595422185 -0.000452448263978165 -0.520969495570646 0.0151004363735533
1604567017.83392 -11.820118765552 -0.688149835443241 -16.7957034322059 0.886093773092611 -0.00194025039227997 -0.463314694135907 0.0131740241637261
1604567018.13408 -12.2645799522808 -0.654761553611206 -16.2559543958274 0.913923884465646 -0.00116764615254765 -0.405748375534376 0.0104893163219368
1604567018.43394 -12.6141106639331 -0.619608224200036 -15.680731507644 0.937649996667269 -0.000912297667490919 -0.347434003251451 0.0100630436503164
1604567018.73351 -12.8989699041682 -0.60074773821398 -15.0784252557105 0.957649734448384 -0.0019973239772111 -0.287809847659246 0.0082757717603985
1604567019.03299 -13.1097589489148 -0.568646819371935 -14.4477601507323 0.973957877968681 -0.00138704211775829 -0.226658386439892 0.00548670332454501
1604567019.33247 -13.2120147914439 -0.568520089409128 -13.8253489025167 0.986189706972114 -0.00257340435168193 -0.165554349740129 0.00387256173903023
1604567019.63194 -13.2397203411576 -0.548413372830869 -13.1852257650268 0.99440323895923 -0.00361095912026423 -0.105578868953605 0.00150391226533774
1604567019.93139 -13.1943409002308 -0.517721880611317 -12.5796253979293 0.998896170606519 -0.00256764179084626 -0.0468017070613067 -0.00307372403030536
1604567020.23085 -13.0755809068807 -0.48896961485026 -12.0308753247494 0.999891082200948 -0.00218963560710076 0.0129603070081417 -0.00671265023519726
1604567020.53072 -12.8674837088355 -0.479850000051931 -11.497867894839 0.997360032218012 -0.00105365178804678 0.0721791340557046 -0.00787582116121699
1604567020.83052 -12.6427520736944 -0.505305632361642 -11.0571546778174 0.991498778592516 0.000295655782786346 0.129757196891672 -0.00965165747542612
1604567021.13066 -12.3524571931168 -0.471451739140811 -10.6032948520652 0.982733613165372 0.00217633210921174 0.18464033696593 -0.0117411710911372
1604567021.43099 -12.0585467331552 -0.456279507544166 -10.2109598529239 0.971811323168217 0.00297895106617379 0.23518924962743 -0.0161212552945578
1604567021.73131 -11.7035991267743 -0.429241121710054 -9.82706277178535 0.95890192543638 0.00385195613254542 0.283127497325962 -0.0181956062359351
1604567022.03183 -11.3259492729898 -0.413444910413386 -9.49056383326166 0.945388338989515 0.00527049492982492 0.325447056766958 -0.017243074771175
1604567022.33214 -10.9291519509565 -0.402678607414983 -9.16817739092061 0.93182974415861 0.00502337903691623 0.362420395857787 -0.0178759679635905
1604567022.63248 -10.5161394281852 -0.393719003703818 -8.8674957622065 0.918274954658203 0.00470055842250471 0.395505585205381 -0.0180095660508952
1604567022.93298 -10.0958907103835 -0.384143425338799 -8.58615111688778 0.90601224451274 0.00494789703494497 0.422805301681297 -0.0187885065427134
1604567023.23331 -9.66899904844292 -0.374635858686652 -8.30108169350179 0.896490940356269 0.00359877939760323 0.442608318677285 -0.0197210264349237
1604567023.53365 -9.19142117071016 -0.372476804160611 -7.99998528229077 0.88797473911463 0.00392519866338837 0.459420829569281 -0.020443993436487
1604567023.83399 -8.74273380551066 -0.360741970772225 -7.74325062866863 0.883174761258522 0.0041100145533585 0.468641782465839 -0.0189823229233207
1604567024.13398 -8.29587586799685 -0.348599616518874 -7.47904926855176 0.879592463441143 0.0036670544576888 0.475382174820825 -0.017760597731167
1604567024.43412 -7.87002592653829 -0.338207941738061 -7.18976777686946 0.879840640395622 0.00168891081573936 0.474887583051165 -0.0189572823026099
1604567024.73411 -7.38720920068055 -0.330730325454383 -6.87412276224105 0.881970364542557 0.00117832086095585 0.470942215148975 -0.0184476995637528
1604567025.03411 -6.95174197745866 -0.316507194540406 -6.5764691254067 0.885483413471613 -0.000495174026914751 0.46432023319178 -0.0180443985234808
1604567025.33443 -6.51439691684336 -0.305073007042652 -6.28583945342872 0.889179576010643 0.000332775058876261 0.457273348647066 -0.0161448283791666
1604567025.6346 -6.01935635564615 -0.289682977551736 -5.94105993206451 0.892870499627043 0.00246230973876654 0.450041598463387 -0.015452105973798
1604567025.93476 -5.60112023328288 -0.268158807128332 -5.60691251891216 0.896398754810987 0.00151615270411708 0.442879790673719 -0.0180129027947265
1604567026.23496 -5.16608182563231 -0.261724657119289 -5.25562072579685 0.901333556669675 0.00226770346456183 0.43275116478076 -0.0178635529245011
1604567026.53492 -4.72822445700377 -0.243726621963908 -4.88221521036689 0.907363586668603 0.00377841474874042 0.41994203207843 -0.0180481263214202
1604567026.83506 -4.28629371322277 -0.221652744670988 -4.48159653234377 0.914072692491143 0.00571355118628743 0.405155397835481 -0.0169579414908375
1604567027.13505 -3.78394967725283 -0.208243789212597 -3.99671299327303 0.922219225746876 0.00503684944405375 0.38641813238678 -0.0129366445890737
1604567027.43504 -3.3336258920098 -0.17656510824354 -3.48281164913519 0.930682340901771 0.00337848113467796 0.36556437101951 -0.0134780132042139
1604567027.73472 -2.88989448770488 -0.151778317179716 -2.9448741128104 0.93900598000577 0.000882358626509464 0.343718217986556 -0.0111703885699508
1604567028.03415 -2.50054414661595 -0.127698330283377 -2.38753747758268 0.948129473379335 -0.000863137398750672 0.317703342944074 -0.0106931092492674
1604567028.33382 -2.13918715501936 -0.0991515440729405 -1.81727904494444 0.956848330968337 -0.000927674012160896 0.290424108898936 -0.00970813649958391
1604567028.63345 -1.79140091836986 -0.069522206724872 -1.22656029127949 0.964645728036774 -0.000624404745362312 0.263477519511109 -0.0061503017316502
1604567028.93307 -1.50727508261234 -0.0323601856220775 -0.599698760073464 0.971748198220469 -0.00115888477628745 0.235877763183511 -0.00811030683091229
1604567029.23288 -1.25676093004676 0.000275671889672805 0.0191694756229384 0.978384386079706 -0.00147536339240384 0.20663695848148 -0.00793623133617651
1604567029.53287 -1.03990402311413 0.0285624312161561 0.644151599949066 0.984050286455676 -0.000802004207536401 0.177795298406906 -0.00576388585522059
1604567029.83268 -0.878285129304859 0.0609959904242489 1.27473479291108 0.989130158874356 0.000422682536000014 0.146961440481793 -0.00486673978977595
1604567030.13233 -0.746981702074224 0.0924596879633958 1.9684938215931 0.994015552830592 0.000736319707052427 0.109165710842183 -0.00392251711304493
1604567030.43237 -0.685565110660117 0.119449610922922 2.51239834445 0.997057694486461 0.00268467624373894 0.0765727634251651 -0.00231479593974038
1604567030.7323 -0.664227983588202 0.144715727117172 3.11138754838477 0.999199314588974 0.00459947796402054 0.0396422916500408 -0.002839584497263
1604567031.03231 -0.69369080670428 0.167940256583165 3.70153762291789 0.999983364041389 0.00518568457950352 0.00238968460209531 -0.000818366306224449
1604567031.33264 -0.770862817717081 0.195127908677762 4.37442693779498 0.999141070989145 0.00387907993072782 -0.041098796080787 0.00360027252641238
1604567031.63278 -0.905105055545294 0.210229477819384 4.98805321382143 0.996730312307965 0.00251978290290398 -0.080702110137892 0.00308295959766959
1604567031.93294 -1.09162166162014 0.235081960781745 5.59391718922854 0.992738787898262 0.000686403436376751 -0.120204401199532 0.00448662288085892
1604567032.23312 -1.30235487733958 0.255840319993044 6.18290581305506 0.98713061913393 0.000400063238335625 -0.159556438277499 0.0107109160144228
1604567032.53326 -1.58285598867698 0.286351118599529 6.75091665812228 0.979770633537184 -0.000891015013793343 -0.199751667282133 0.0121648332663256
1604567032.83359 -1.90277528157136 0.307748058467894 7.28235315395092 0.970538073375973 -0.000459557022206533 -0.240497061984072 0.0147241336596565
1604567033.13376 -2.28206609375903 0.335573596169055 7.79843837424902 0.959188191497129 -0.00160926642063373 -0.282299077286748 0.0162066195458842
1604567033.43412 -2.7024131517494 0.359752526894414 8.27531087489995 0.946217111745013 -0.00221413066375897 -0.323071403273153 0.0171214325757134
1604567033.73424 -3.20704170801332 0.39263285762222 8.76413321236425 0.930083283182228 -0.00348553048263421 -0.366798496850095 0.0197939417684785
1604567034.03441 -3.70029437203587 0.410269939355399 9.17941866186257 0.91479331223808 -0.00575160110271959 -0.403277415828951 0.0220780626768323
1604567034.33491 -4.21943549671252 0.431988223404826 9.53610673220233 0.90008517793941 -0.0039828404275538 -0.435211065633856 0.0205459919632051
1604567034.63561 -4.74232180085314 0.4544983608659 9.88419985107829 0.88725066144377 -0.00298274517808646 -0.460764004804244 0.0217692185332833
1604567034.93592 -5.28287768100518 0.471725165554152 10.2067205520929 0.875103558516075 -0.00314600221569427 -0.483358023080823 0.0234283176083843
1604567035.23612 -5.83349616090134 0.491022827555303 10.4831329945165 0.859790619947937 -0.00299392343890202 -0.509982873083934 0.0258572123988707
1604567035.53625 -6.39434415401551 0.504411175780603 10.7211906167501 0.843600378770374 -0.00461109950859809 -0.536306031007595 0.0263245095810841
1604567035.83606 -6.96537777066598 0.518254356481948 10.9070611943835 0.82665986933655 -0.00299585994393839 -0.562116724517567 0.0254808412207188
1604567036.1359 -7.54393812060813 0.525561542990457 11.0560899744256 0.808461118663096 -0.00292531075442114 -0.58803771140996 0.024366208706777
1604567036.43572 -8.12865718629714 0.539867695930341 11.2048850267399 0.788814555759305 -0.00406998887460353 -0.613789159691824 0.0319045334962761
1604567036.7355 -8.76130363300577 0.549877317773742 11.2940743668509 0.769168808378881 -0.00434815815962678 -0.63825812566599 0.03141660005425
1604567037.03536 -9.41560649268134 0.555603303753212 11.3419390809372 0.74829236257471 -0.00286884097975101 -0.662618993231338 0.0314066819781983
1604567037.33478 -10.0906344014995 0.563434209732774 11.3602289823762 0.726726476052428 -0.00311843647781042 -0.686140410663326 0.0327145413098838
1604567037.63432 -10.7794003254043 0.567813937291217 11.3411577062196 0.704833955535654 -0.00373828865937146 -0.708547256111637 0.033998620244541
1604567037.93373 -11.5585753380137 0.566303155080519 11.269892913974 0.681496376973674 -0.00461488048741166 -0.731023318300862 0.0338570398918676
1604567038.23319 -12.2262899940422 0.560924109811464 11.1820301663084 0.660737660090949 -0.00597272484625434 -0.749712630844817 0.036346144873876
1604567038.53283 -12.9270835490075 0.559025430145952 11.0231168991161 0.637900703551566 -0.0044818294735373 -0.769229738729435 0.0367180428023011
1604567038.83247 -13.7100525033963 0.55487810899631 10.8008420611733 0.611375072382648 -0.00377508998802602 -0.790367700268552 0.0390533985319553
1604567039.13232 -14.3821283460579 0.543797906828716 10.5581524326684 0.58556221593392 -0.00459288043759648 -0.809649508628517 0.039540737188925
1604567039.43181 -15.0596596447581 0.526912913687769 10.253796070617 0.555042570665702 -0.00660843625507942 -0.830830025108095 0.0400692238252001
1604567039.7314 -15.6918595792557 0.512396914370801 9.89634884606011 0.520144728078905 -0.00759498712358954 -0.853056925716919 0.0410567839548271
1604567040.03105 -16.3227649559192 0.499534929996144 9.4376298822465 0.479173543672227 -0.00660997764277629 -0.876721017652225 0.0413434450307277
1604567040.33085 -16.8473710955779 0.482577760179399 8.991554634238 0.438567779025465 -0.00868552633927766 -0.897641076117168 0.0427008583062864
1604567040.6309 -17.3026270864009 0.460310106847638 8.49471211489708 0.395715810869362 -0.00922531507257404 -0.917375265240245 0.0417913066941536
1604567040.93082 -17.7388151121428 0.440356008923999 7.91289199702392 0.345517147726549 -0.0100458600129405 -0.937387427153316 0.0426824640619264
1604567041.23101 -18.065647214271 0.420437433038669 7.34381648172126 0.294380032001307 -0.0117891500870166 -0.954682110663251 0.0422312713364932
1604567041.53113 -18.3229787148557 0.397982810570514 6.7435922605818 0.237280021259694 -0.0130318377530052 -0.970401179617662 0.0430106186008646
1604567041.83147 -18.4920009076157 0.348060507393201 6.10922601190002 0.174190300333826 -0.014050683796121 -0.983652234151456 0.0434580234631307
1604567042.13198 -18.5707421959191 0.326489261166373 5.51668430923286 0.116759387452347 -0.0132645016508063 -0.992060193515197 0.0448092722580642
1604567042.43286 -18.5913046821558 0.288402451049344 4.96097910395633 0.0624807497484002 -0.0126267216339528 -0.996865115051467 0.0468685844151741
