1636512982.945634 3.636374538597187 -0.10885583620218627 -1.3054625787910419 0.139837 -0.0209779 -0.989253 0.0372077
1636512983.012640 3.6359149936625754 -0.10884981483466771 -1.3056357296237149 0.139821 -0.0209882 -0.989255 0.0372023
1636512983.079788 3.635786209388302 -0.10880007518612077 -1.3055827442913843 0.139811 -0.0209731 -0.989256 0.0372158
1636512983.146608 3.6358113447682237 -0.10876895695278116 -1.305533587079785 0.139827 -0.0209967 -0.989253 0.0372258
1636512983.280664 3.6358133113025075 -0.10877785086447155 -1.3055449995056885 0.139815 -0.0209482 -0.989257 0.0372086
1636512983.347490 3.6356897923899973 -0.10876113371384813 -1.305283256581323 0.139806 -0.0209352 -0.989258 0.0372001
1636512983.416377 3.635897970055739 -0.10883830117033207 -1.3057300173110782 0.139823 -0.0209222 -0.989256 0.0371934
1636512983.481509 3.635776310870245 -0.10883686539225468 -1.3056496355392742 0.139821 -0.0209136 -0.989257 0.0371828
1636512983.548675 3.63578537826085 -0.10883134371424555 -1.3056385504544739 0.139824 -0.0209139 -0.989257 0.0371833
1636512983.615546 3.6357333600310877 -0.10900930935893105 -1.3049980078518393 0.139812 -0.0208721 -0.98926 0.0371647
1636512983.682548 3.6357760261652476 -0.10886536526117349 -1.305703872909931 0.139812 -0.020855 -0.989259 0.0372167
1636512983.816455 3.636259203077421 -0.10945228263138387 -1.3069219291720633 0.13984 -0.0207186 -0.989251 0.0373878
1636512983.883578 3.6356255727818647 -0.10924914958796886 -1.3076497884406317 0.139837 -0.0206627 -0.989244 0.0376179
1636512983.950379 3.6349181449938115 -0.10894290535184264 -1.3096404160003317 0.139826 -0.0205884 -0.989237 0.0378686
1636512984.017571 3.6347756999235883 -0.10848940594489265 -1.3127887468261161 0.139872 -0.0205755 -0.989222 0.0381029
1636512984.151495 3.632120308371892 -0.10854185540053014 -1.31913724344632 0.139851 -0.0205927 -0.989218 0.0382889
1636512984.218565 3.631002148780215 -0.10930847081748359 -1.323962816481203 0.139856 -0.0206301 -0.989217 0.0382756
1636512984.285351 3.6289549086578217 -0.10933099547372041 -1.3293332971289917 0.13983 -0.0207144 -0.989218 0.0382858
1636512984.352503 3.627367534428823 -0.109070345499343 -1.3364706973480758 0.139869 -0.0207975 -0.98921 0.0383225
1636512984.419338 3.6247221933377993 -0.10921473390357866 -1.3431274669756987 0.139865 -0.020852 -0.989213 0.03823
1636512984.486257 3.6218831744188495 -0.10985513746546183 -1.3508875116977404 0.139837 -0.0209691 -0.989219 0.0381091
1636512984.620368 3.616553898852747 -0.11039535431357964 -1.3702219257771633 0.139964 -0.0210933 -0.989201 0.038025
1636512984.687407 3.612676252983625 -0.11073672338026679 -1.3799738100078058 0.140013 -0.0211537 -0.989197 0.0379234
1636512984.754382 3.609364354542133 -0.11151441999316877 -1.3908669583066715 0.140109 -0.0212371 -0.989188 0.0377529
1636512984.821326 3.605483533645192 -0.11183073355323943 -1.4034760271075624 0.140218 -0.0213154 -0.989174 0.0376733
1636512984.888238 3.6010370180048605 -0.11239347907011232 -1.4151483623558638 0.140355 -0.0213546 -0.989156 0.0376072
1636512984.955215 3.5962093216975726 -0.11251000064344063 -1.4285593697208638 0.140577 -0.0214286 -0.989127 0.0375197
1636512985.022327 3.5911859133945523 -0.11334195678456574 -1.4418023009770005 0.140898 -0.0215057 -0.989086 0.0373488
1636512985.089661 3.5865766038974156 -0.11322357126872892 -1.45706205181153 0.141316 -0.0215478 -0.989029 0.0372442
1636512985.155972 3.5815070811886773 -0.11412430596865375 -1.4723619434916118 0.141778 -0.0215431 -0.98897 0.0370447
1636512985.223297 3.575458641651324 -0.11525366553856098 -1.4876053851266953 0.142292 -0.0216248 -0.988903 0.0368245
1636512985.357127 3.5633042885158384 -0.1165562096569206 -1.5216577150112394 0.143612 -0.0217052 -0.988723 0.0364817
1636512985.491245 3.5507300429044735 -0.11759798311048268 -1.5577048219546612 0.145057 -0.0218572 -0.988515 0.0363015
1636512985.558174 3.5436108757806144 -0.11858251113902463 -1.5764574396817408 0.145807 -0.0219211 -0.988407 0.036211
1636512985.692137 3.528665121446223 -0.12003596457798658 -1.6164240513945032 0.147567 -0.0217938 -0.988152 0.0361146
1636512985.758909 3.5213429240971985 -0.1208179437716271 -1.6378136225158475 0.14866 -0.021574 -0.987995 0.0360633
1636512985.826157 3.5138301507885767 -0.12145995969494289 -1.6602667242602371 0.149745 -0.0212983 -0.987837 0.0360752
1636512986.094100 3.47795446118449 -0.12329616806810878 -1.7538505873031252 0.154638 -0.0208559 -0.987091 0.0361144
1636512986.161049 3.4685851721665646 -0.1242936410754016 -1.7791606381234941 0.156119 -0.0208302 -0.986865 0.0359241
1636512986.227927 3.4586837906017665 -0.12490873212154802 -1.8051152874821406 0.157536 -0.0208983 -0.986642 0.03581
1636512986.294928 3.4486472702366586 -0.12594818416428383 -1.8312680354000488 0.158895 -0.0210263 -0.986424 0.0357455
1636512986.361772 3.4370689626812734 -0.12708905934872264 -1.8575056103052043 0.160384 -0.0210793 -0.986185 0.0356667
1636512986.429021 3.426279313962189 -0.12832380523470843 -1.8837290286604105 0.162162 -0.0210152 -0.985901 0.0355168
1636512986.495981 3.4161640489323597 -0.12857095379278988 -1.9135748041771687 0.16407 -0.0208321 -0.985593 0.0353956
1636512986.562840 3.4057780956639694 -0.1292806202951176 -1.9424765932344554 0.165735 -0.0206737 -0.985323 0.0352495
1636512986.630008 3.3939086652496244 -0.12965291807961218 -1.9719252222938548 0.167274 -0.0205614 -0.985072 0.0350633
1636512986.696866 3.380356998556675 -0.13064988953325182 -2.001631061017563 0.168977 -0.0203947 -0.984795 0.034784
1636512986.764005 3.3677323096666685 -0.13117234976444428 -2.0316275734868072 0.170983 -0.0202242 -0.984463 0.0344646
1636512986.830744 3.3552537049365982 -0.13224993406170282 -2.0639946287537776 0.173087 -0.0204422 -0.984105 0.0340789
1636512986.897954 3.3412471205638883 -0.1337226498337914 -2.0958610239561892 0.175027 -0.0207565 -0.983768 0.0336867
1636512986.964756 3.326314258524997 -0.13555089614853796 -2.1274810843056784 0.176948 -0.0210851 -0.983427 0.033417
1636512987.031934 3.3114571204526055 -0.13724308433242777 -2.1592203079799095 0.179038 -0.0215716 -0.983039 0.0333876
1636512987.098782 3.295169931588755 -0.13772359488667052 -2.1916329515306394 0.181176 -0.0220866 -0.982626 0.0336567
1636512987.299827 3.2488505010638122 -0.1413417230896087 -2.291072139611053 0.188364 -0.0220851 -0.981267 0.0338435
1636512987.500697 3.196575930042315 -0.14217372981405207 -2.393646978304221 0.196163 -0.0207823 -0.979754 0.0342224
1636512987.567591 3.1789689564816435 -0.1419674302744744 -2.4290127142702413 0.199249 -0.0204876 -0.979135 0.0342632
1636512987.634658 3.1611596839167064 -0.14283043782485133 -2.465113926773716 0.202429 -0.0203277 -0.978489 0.0341838
1636512987.701612 3.1423489615334725 -0.1442510095732138 -2.5007721404610983 0.205478 -0.0203265 -0.977853 0.0341873
1636512987.768745 3.1228064333542123 -0.14513286277922743 -2.537311915447597 0.20856 -0.0202102 -0.977201 0.034235
1636512987.835747 3.1006378542530664 -0.14553697722182132 -2.572760555081679 0.211712 -0.020442 -0.976515 0.0343195
1636512987.902580 3.078415039070794 -0.14546280542439174 -2.6092721260343184 0.215247 -0.0207407 -0.975736 0.0343281
1636512987.969800 3.0557894234243568 -0.14619046070512978 -2.6455985930726493 0.219085 -0.0210872 -0.974875 0.0342816
1636512988.036685 3.0328769838299587 -0.14707910441617708 -2.6814871295453213 0.223195 -0.0214019 -0.973938 0.034217
1636512988.103506 3.0106469046315203 -0.14758124596262914 -2.718881024852375 0.227498 -0.0211604 -0.972957 0.0339242
1636512988.170541 2.987632865852148 -0.14906615787058183 -2.755770297203263 0.231868 -0.0205048 -0.971954 0.0334896
1636512988.237545 2.964322116626765 -0.14972092606200638 -2.7927346906343193 0.236476 -0.0198028 -0.970869 0.0331735
1636512988.438432 2.889916581388264 -0.15162349738386205 -2.9029768472398336 0.251854 -0.0184876 -0.967053 0.0321983
1636512988.639521 2.8086510868449848 -0.1534005997433768 -3.0066676712732265 0.268665 -0.0195437 -0.962496 0.0322212
1636512988.706488 2.7812360550861945 -0.15481520921479716 -3.0413482002039967 0.274491 -0.019859 -0.96085 0.0320647
1636512988.774115 2.752771471760779 -0.15587149728289432 -3.074995366828302 0.280284 -0.0201321 -0.959175 0.0319337
1636512988.840346 2.724925676509315 -0.1574338423028025 -3.108269068639963 0.286246 -0.0199557 -0.957426 0.0316388
1636512988.907584 2.69645958127992 -0.15849160005696133 -3.141144479015484 0.292314 -0.0194502 -0.955615 0.0312291
1636512988.974523 2.66737143687263 -0.158986553694164 -3.175052428783173 0.298557 -0.0186653 -0.953711 0.0308276
1636512991.921720 1.0398443375266013 -0.15236043452917558 -3.835637529768278 0.667744 -0.0103761 -0.744056 0.019806
1636512989.108492 2.608621966156931 -0.15858787964457105 -3.2420069987450972 0.311373 -0.0165378 -0.949685 0.0295287
1636512989.175512 2.5782380163729033 -0.15930992079544234 -3.2729289649097444 0.31791 -0.0158808 -0.947552 0.0287388
1636512989.242419 2.5456265182349425 -0.1603644636967185 -3.303342870221455 0.324699 -0.0156074 -0.945275 0.0279629
1636512992.323612 0.8055570062715418 -0.14502781440843404 -3.791369698475569 0.718424 -0.0126639 -0.69523 0.0190278
1636512989.377124 2.4770638775454956 -0.16448885413707812 -3.3592045711098506 0.339216 -0.0161691 -0.94018 0.0270543
1636512989.443439 2.442878177530666 -0.16675372092834123 -3.385481529930156 0.347111 -0.0165097 -0.937289 0.0270455
1636512989.510302 2.408102228811903 -0.16708748156113087 -3.411697405302267 0.35532 -0.0167658 -0.934194 0.0273665
1636512989.577430 2.374814888851612 -0.16821075636771887 -3.436937184014955 0.36373 -0.0167779 -0.930946 0.0275333
1636512989.644248 2.3407358303040104 -0.16870305714044595 -3.4640050739633015 0.372154 -0.0166201 -0.927604 0.0278499
1636512989.711291 2.3071389184089015 -0.1682714819384886 -3.489554364782636 0.380347 -0.0162572 -0.924272 0.0281647
1636512989.845081 2.2385390278845074 -0.16965542357419747 -3.5370295479498544 0.396533 -0.0150867 -0.917471 0.0279481
1636512989.912146 2.2040577449868684 -0.1716462222631912 -3.555777178752279 0.404785 -0.0145585 -0.91387 0.0279027
1636512989.979011 2.168400324315369 -0.17112348006144817 -3.576995654660576 0.413316 -0.014116 -0.910051 0.0279054
1636512990.046191 2.1324726670213137 -0.17163465813659795 -3.5970063887414345 0.421899 -0.0140081 -0.90611 0.0277574
1636512990.113177 2.0959860206055496 -0.17103722424255058 -3.6173040973165103 0.430426 -0.0142345 -0.902085 0.0278065
1636512990.180305 2.0603689124021467 -0.1711613492375895 -3.636043801448153 0.438951 -0.0140449 -0.897977 0.0275841
1636512990.247211 2.022788516158668 -0.17168370762328594 -3.6557541940927285 0.447527 -0.0138657 -0.893744 0.0273553
1636512990.314250 1.987258045531565 -0.17163010380856294 -3.6730928929346 0.456043 -0.0137381 -0.889435 0.0272296
1636512990.381087 1.949694242592535 -0.17211267254229512 -3.6923627516062285 0.464409 -0.0129731 -0.885113 0.0270206
1636512990.515111 1.874649771066808 -0.171786264319547 -3.7269930828103535 0.481262 -0.0112197 -0.876095 0.0268106
1636512990.581887 1.8361283686972323 -0.17225535055986585 -3.74345105899339 0.489733 -0.0104848 -0.871401 0.0266708
1636512990.649049 1.7974458305021268 -0.17121354259275562 -3.758733295206055 0.49816 -0.0101715 -0.866613 0.0267372
1636512990.716655 1.7576515630354752 -0.17065389172588585 -3.7711595366074877 0.506527 -0.0102867 -0.861752 0.0266049
1636512990.783040 1.717531842411724 -0.17088135286996717 -3.7828914372394724 0.515067 -0.0108837 -0.856673 0.0264439
1636512990.849955 1.6772351842150381 -0.1706059850648791 -3.7951866240157517 0.523656 -0.0114458 -0.851444 0.0263857
1636512990.917146 1.6371854504184284 -0.1709617509795019 -3.804039006056586 0.532225 -0.0118419 -0.846107 0.0264346
1636512994.668307 -0.34537219740121405 -0.09699491209664779 -2.997451343269823 0.922813 -0.0106182 -0.384961 0.0104413
1636512991.050839 1.5559815249106905 -0.1692855499310308 -3.818124841096301 0.549805 -0.0124484 -0.834769 0.0268233
1636512991.117959 1.5154360644000198 -0.1681532086197315 -3.8234605187468254 0.558816 -0.0126833 -0.828759 0.0268827
1636512991.251962 1.4359563400889845 -0.16726984733355185 -3.83313547780731 0.576723 -0.0133033 -0.816389 0.0268924
1636512991.386050 1.3552271176206747 -0.1645894926892445 -3.8378692315356764 0.594601 -0.0134283 -0.803475 0.0264242
1636512991.452990 1.3152818163348354 -0.1618832077638234 -3.83937340262824 0.603903 -0.0131926 -0.79653 0.0258269
1636512991.520028 1.275348419312837 -0.1607567605754408 -3.8411440996255077 0.613253 -0.012729 -0.789394 0.0248165
1636512991.587057 1.2348007578336244 -0.15941922484518248 -3.8434354881796797 0.622566 -0.0121839 -0.78211 0.0238279
1636512991.655185 1.1957642064316898 -0.15757966638002724 -3.84406393896796 0.631768 -0.0118011 -0.774728 0.0229364
1636512991.720874 1.1591547292595041 -0.1573999215157972 -3.8452430040644345 0.640943 -0.0116571 -0.767183 0.0220456
1636512991.787774 1.1179709451677935 -0.15680241940168113 -3.8424682495506213 0.649921 -0.0115704 -0.759611 0.0214496
1636512995.806973 -0.6774535396087578 -0.06788805076841484 -2.367949131162554 0.972586 -0.00217833 -0.23253 0.000984263
1636512989.041404 2.6379986642365942 -0.15867934245591114 -3.2089893951775315 0.304922 -0.0176434 -0.951732 0.0302921
1636512996.007987 -0.7172754622343269 -0.06237603229952424 -2.24139775538161 0.978188 -0.00210018 -0.207707 0.00136624
1636512992.055895 0.9627286646452831 -0.14893956252666718 -3.826629469899201 0.685389 -0.01019 -0.727871 0.0184888
1636512992.122905 0.9234079345685385 -0.14782737997884382 -3.8203069621111907 0.6939 -0.0106859 -0.719762 0.0182233
1636512992.189721 0.8854460477563125 -0.14731042277622372 -3.8104764664189865 0.702193 -0.0114748 -0.711657 0.0183507
1636512992.256717 0.8453770923382431 -0.14602241471072938 -3.8004637922364926 0.710398 -0.0120759 -0.703449 0.018641
1636512989.309355 2.5122145705364316 -0.1624384807743927 -3.3321244583686083 0.331802 -0.0157826 -0.94282 0.0273456
1636512992.390536 0.7671922237781466 -0.14529335980954836 -3.7827434637398762 0.726033 -0.0129413 -0.687269 0.0192355
1636512992.524684 0.6914962816021208 -0.14265818336255806 -3.7638244672928582 0.740159 -0.0119586 -0.672073 0.0184566
1636512992.591663 0.6536224425819508 -0.14004409556431255 -3.7525929360435955 0.747197 -0.0114889 -0.664266 0.0177414
1636512992.658580 0.6158671616780923 -0.13896630658993825 -3.74077575083762 0.754259 -0.0111757 -0.656268 0.0167562
1636512992.726679 0.5780925261621417 -0.13911977158784725 -3.72872960558016 0.761316 -0.0111104 -0.648087 0.0160392
1636512992.860259 0.5030019099416948 -0.13800142964963796 -3.698213546020482 0.775113 -0.0110089 -0.631522 0.0160983
1636512992.926531 0.46707823662084913 -0.13700333264928397 -3.681740543999948 0.781976 -0.0108179 -0.623003 0.0162255
1636512992.993422 0.43083965383801315 -0.13577922173342707 -3.6647342594203374 0.78881 -0.0107314 -0.614322 0.0164766
1636512993.061682 0.39500799256672403 -0.13437702023281026 -3.6468416645709523 0.7955 -0.0106521 -0.605634 0.016565
1636512993.127589 0.35930581553361696 -0.13306661801196518 -3.6272813536464885 0.802016 -0.0104512 -0.596985 0.0164139
1636512993.194469 0.32346495529823827 -0.13136441844061658 -3.608429912095728 0.808452 -0.010197 -0.588248 0.0162677
1636512993.261496 0.28802607677131786 -0.12994878551182257 -3.5897009247629916 0.814794 -0.00977856 -0.579453 0.0158046
1636512993.328674 0.2538388191469749 -0.1283881798753425 -3.5699225545732376 0.82107 -0.00925939 -0.570549 0.0152497
1636512993.462404 0.18419716621282078 -0.12537695194637516 -3.529902084212934 0.833361 -0.00891572 -0.552473 0.0142558
1636512993.529455 0.1498374045871469 -0.1250249323316405 -3.508261409891152 0.83921 -0.00910957 -0.543553 0.0138887
1636512993.596246 0.11537645624049553 -0.12532718159557796 -3.484917111278007 0.844837 -0.00939156 -0.534762 0.0138477
1636512993.663557 0.0823249263233723 -0.1256116901182302 -3.46088772345797 0.850292 -0.00943335 -0.526046 0.0137809
1636512993.730551 0.0504568831624137 -0.12459121377223606 -3.4337078379244463 0.855634 -0.00933705 -0.517311 0.0139213
1636512993.797409 0.021304293921064588 -0.12343378489254918 -3.4082285090264657 0.861062 -0.00915403 -0.508226 0.0139333
1636512993.931476 -0.04108775257288455 -0.11893725904756028 -3.3531924452260933 0.871801 -0.00898343 -0.489574 0.0141318
1636512993.998563 -0.07083482561730703 -0.1168076887425946 -3.3242742697429373 0.876869 -0.00909046 -0.480432 0.0142716
1636512994.065503 -0.09949501633790137 -0.11422024796813905 -3.2946898214500338 0.881825 -0.00935081 -0.471269 0.0142228
1636512994.132075 -0.1287542695021262 -0.11321385263947628 -3.2644709479865783 0.886781 -0.00965455 -0.461882 0.0138032
1636512994.199301 -0.15745845640516043 -0.11188051745040332 -3.2347340475972928 0.891684 -0.00985108 -0.452357 0.0132368
1636512994.266361 -0.1873026385751222 -0.10976189262816091 -3.2022775030946153 0.896404 -0.0100024 -0.442936 0.0129195
1636512994.400409 -0.2395505903830415 -0.10634172692401889 -3.1359392930615826 0.905549 -0.0102102 -0.423948 0.012047
1636512994.467417 -0.2661262313723274 -0.10430723220943416 -3.1024903316243835 0.910134 -0.0103638 -0.414026 0.0114848
1636512994.534255 -0.2929914247953749 -0.10155563763356115 -3.0680173646244855 0.914568 -0.0105079 -0.404145 0.0110358
1636512994.601324 -0.3198598973196276 -0.09866507995029848 -3.033517916699289 0.918804 -0.010626 -0.394422 0.0108307
1636512990.984098 1.5966674929126345 -0.17014131442632666 -3.8106615669341353 0.540873 -0.0122319 -0.840591 0.0266909
1636512994.735059 -0.3688194280814163 -0.09475920358678491 -2.9624130952465397 0.926663 -0.0103226 -0.375631 0.00951479
1636512994.802133 -0.39264693078287616 -0.09372852136019312 -2.9283973030232597 0.930442 -0.0100146 -0.366203 0.00849778
1636512995.003060 -0.4572133282020956 -0.09034145929640638 -2.8247713800445897 0.941143 -0.00880378 -0.337859 0.00477266
1636512995.070317 -0.47917618104252635 -0.08884936393618917 -2.789823762409026 0.94452 -0.00858812 -0.328313 0.00426339
1636512995.140309 -0.49822197542472346 -0.08717762994203879 -2.7544265780260746 0.947693 -0.00848895 -0.319046 0.00392932
1636512995.204190 -0.5176518096884788 -0.08690139144592537 -2.7173182153457143 0.950743 -0.00853296 -0.309838 0.00403696
1636512995.271102 -0.5357874563662495 -0.08524842194940142 -2.679110455132874 0.953663 -0.00844042 -0.300719 0.00490025
1636512995.338619 -0.5536518240234287 -0.08432121104241963 -2.6412572523428377 0.956439 -0.00815069 -0.291776 0.00502171
1636512995.405134 -0.5741506504924159 -0.08413547398281403 -2.603079901630068 0.959079 -0.00773598 -0.282991 0.00488191
1636512995.471977 -0.5941590323129281 -0.08324627439224416 -2.5650936300789686 0.961564 -0.00685491 -0.274459 0.00455445
1636512995.539181 -0.6125449579643276 -0.08109021851173345 -2.52742127968615 0.963863 -0.00542521 -0.26632 0.00348159
1636512995.605943 -0.6288479812217861 -0.07847199439741244 -2.487496406735663 0.966088 -0.0041116 -0.258167 0.00256252
1636512995.672955 -0.643869059285785 -0.07526192015846651 -2.4485151777138396 0.968311 -0.003127 -0.249722 0.00175
1636512995.740087 -0.6616292944398572 -0.07161846919208494 -2.4086505762903943 0.970502 -0.00250761 -0.241079 0.00110255
1636512991.854793 1.07873241322428 -0.15546754313627384 -3.839501625389968 0.658843 -0.0111565 -0.75191 0.020794
1636512995.875091 -0.6906880839846965 -0.0666587804152356 -2.327145018004458 0.974548 -0.00210291 -0.224166 0.000967758
1636513002.103765 -0.9259290970159835 0.08091335073149615 2.0173002359578227 0.999398 0.000347793 -0.0346909 0.000316102
1636512991.988829 1.0013274807855115 -0.15111109095054495 -3.831360565457745 0.676646 -0.0101194 -0.735995 0.0189601
1636512996.074927 -0.7298122854590241 -0.06068029658532534 -2.198721230727802 0.979821 -0.00207098 -0.19986 0.00122609
1636512996.141855 -0.7436185122986831 -0.058009446825930296 -2.1567130035719417 0.981355 -0.00193536 -0.19219 0.00117245
1636512996.208838 -0.7552201901130703 -0.05694607301512411 -2.112967235707008 0.982722 -0.0017176 -0.185077 0.000691067
1636512996.275881 -0.7648576676027453 -0.054119538929741084 -2.0695693935873916 0.984005 -0.00127866 -0.178137 9.6495e-05
1636512996.342875 -0.7741279324122862 -0.051936061899963755 -2.0266730768517616 0.985263 -0.000954338 -0.17104 -0.000689909
1636512996.409804 -0.7850308438355023 -0.049210352662321245 -1.98378048098647 0.986495 -0.000814029 -0.163785 -0.00142766
1636512996.476784 -0.796204186712613 -0.048050755623936146 -1.9404692351091908 0.987636 -0.000945244 -0.156749 -0.00195398
1636512996.610778 -0.8129500379721766 -0.04619214685138366 -1.8531616901199737 0.989724 -0.001034 -0.142956 -0.00305289
1636512996.677904 -0.8202872080749313 -0.044727817510932175 -1.8087588343043435 0.990705 -0.000949215 -0.135985 -0.00327979
1636512996.948385 -0.8435864096136959 -0.03736420400984285 -1.6312228546721728 0.994069 0.000217178 -0.108702 -0.003114
1636513003.376451 -1.1915477790718563 0.11888933435406299 2.857537392910693 0.985937 -0.00170043 -0.16698 0.00654249
1636512997.146645 -0.8596286850299593 -0.034687735947818744 -1.4975919675136764 0.996044 0.000107536 -0.0888363 -0.00190258
1636512997.213732 -0.8743336275022229 -0.02529643113448121 -1.4530927397623832 0.9966 0.00087126 -0.0823681 -0.00193873
1636512997.280626 -0.8784657468854777 -0.022699920029724294 -1.4100723021244626 0.997077 0.0015466 -0.0763492 -0.002504
1636512997.414604 -0.8916012237510902 -0.02082107642148122 -1.3256872613202513 0.997865 0.00330599 -0.0650628 -0.00463027
1636512997.548579 -0.9001140747014515 -0.016717200864153924 -1.2381169359675728 0.998455 0.00467058 -0.0550573 -0.00581969
1636512997.615587 -0.8996619872441642 -0.015535250432618263 -1.1940731607135966 0.998699 0.00490646 -0.0504079 -0.0059356
1636512997.749402 -0.9045289427298115 -0.012968406514501582 -1.1044170786502088 0.999101 0.00565697 -0.0417743 -0.00448016
1636512997.816653 -0.903142456094118 -0.012086858089279602 -1.0593789251984727 0.999251 0.0059218 -0.0380937 -0.00342142
1636512997.883590 -0.903286406190554 -0.009706700660403442 -1.0134769970714539 0.999382 0.00614591 -0.0345022 -0.00288361
1636512997.950619 -0.902710010978307 -0.009192032697877512 -0.9681367058921446 0.999494 0.0063618 -0.0310347 -0.0027669
1636512998.017489 -0.9045450955257479 -0.007183793374668122 -0.9224187439017163 0.999591 0.00669106 -0.0276487 -0.00309467
1636512998.084629 -0.9059042416317428 -0.0048945240767848015 -0.8768211827494253 0.999669 0.00688273 -0.0245233 -0.00370493
1636512998.151516 -0.9049815487830402 -0.004332357280354929 -0.8310310786190769 0.999734 0.00683183 -0.021617 -0.00427699
1636512998.285316 -0.907131988065363 -0.00017880705978761367 -0.7383050336377959 0.999838 0.00635716 -0.0162213 -0.00456215
1636512998.352296 -0.9077701517115183 0.0011308959986726904 -0.6917369240630029 0.999879 0.00566902 -0.013858 -0.00425056
1636512998.419564 -0.9082703883886007 0.0013228605937830613 -0.6444884319686649 0.999911 0.00493964 -0.0118517 -0.00375534
1636512998.486385 -0.9095016777501409 0.0019362039193261673 -0.5975840808723536 0.999933 0.00439774 -0.0102269 -0.00316874
1636512998.553443 -0.9094576856491183 0.0035579502571747848 -0.5499955350538307 0.999948 0.0040097 -0.0090031 -0.00260892
1636512998.620502 -0.9092773591876046 0.004359595899930483 -0.5025457650199142 0.99996 0.00353806 -0.00793745 -0.0022446
1636512998.687371 -0.9090718070502084 0.005763332496859039 -0.4549406227633444 0.999969 0.0030157 -0.00696681 -0.00209893
1636512998.821408 -0.9095372613089024 0.007737170476621561 -0.35936768452768025 0.99998 0.00202916 -0.00540713 -0.00247295
1636512998.888401 -0.9107711436155049 0.0088479141089249 -0.3111849454990896 0.999983 0.00157242 -0.00474261 -0.0028883
1636512998.955220 -0.9107447746182236 0.010031894387025257 -0.2627109439556094 0.999986 0.00128016 -0.00419628 -0.00295622
1636512999.022367 -0.9105363333307428 0.011439413078097906 -0.2146910850064065 0.999989 0.000978286 -0.00366772 -0.00277069
1636512999.089185 -0.9097656889671895 0.012183878111034921 -0.16680911074567675 0.999992 0.00048185 -0.00311355 -0.00250263
1636512999.156289 -0.9090402042799224 0.013298236375514009 -0.11838105716974892 0.999995 -2.13877e-05 -0.00263619 -0.00196672
1636512999.223335 -0.9079812775411508 0.014015801541210708 -0.06991966123874226 0.999996 -0.000325742 -0.00235162 -0.00132177
1636512999.290337 -0.9075154469943513 0.015787944685889437 -0.02165995985041276 0.999997 -0.000468159 -0.00219942 -0.00108291
1636512999.357249 -0.9057558490476155 0.016676199786114225 0.027020482452262715 0.999997 -0.000749863 -0.0020541 -0.00104562
1636512999.424340 -0.9053262480974107 0.017044605942003663 0.07503835051473855 0.999997 -0.00103838 -0.00173166 -0.000967111
1636512999.491178 -0.904334106996678 0.019166187930301344 0.1240488237403689 0.999997 -0.00113656 -0.00144529 -0.00129692
1636512999.557995 -0.9040803677417825 0.019295562363364098 0.17259369931055452 0.999997 -0.00124495 -0.00109835 -0.00171104
1636512999.625299 -0.9043751011948309 0.02069968117056796 0.22092273787785424 0.999997 -0.001162 -0.000791185 -0.00194409
1636512999.692214 -0.9047440060377308 0.022217418691827102 0.26875760428814105 0.999996 -0.00109398 -0.000709168 -0.00232397
1636512999.826208 -0.9036683081867528 0.026006399647103336 0.3661071152460109 0.999996 -0.00103492 -0.00051952 -0.00266135
1636512999.893048 -0.9019577959022796 0.027031764285415975 0.41433750968781846 0.999996 -0.00108142 -0.000420204 -0.00252528
1636512999.960076 -0.901683713682502 0.028725800744900477 0.4631564222642432 0.999996 -0.00107184 -0.000327153 -0.00251411
1636513000.094484 -0.8980901279399944 0.03151071100151989 0.5606900041474179 0.999998 -0.000928424 -0.000518082 -0.00172104
1636513000.160814 -0.8960493681387847 0.032812427639169806 0.6099388569718528 0.999998 -0.000727881 -0.00068387 -0.00156187
1636513000.228128 -0.8937694552623385 0.034030412242237754 0.6582836557348457 0.999999 -0.000395092 -0.000741974 -0.00140565
1636513000.295134 -0.8937497810261649 0.03605206539968691 0.70661942518102 0.999999 -5.63039e-05 -0.000784589 -0.00139705
1636513000.361918 -0.8940026965013742 0.038224023590224324 0.7552740904621934 0.999998 0.000144736 -0.00104085 -0.00177543
1636513000.428918 -0.8936345865718068 0.040068724366740825 0.8037147007117973 0.999997 0.000269897 -0.00129556 -0.00210798
1636513000.496077 -0.8921408794116217 0.041530870204947494 0.8524312979305276 0.999996 0.000357306 -0.00145692 -0.00220348
1636513000.563101 -0.8915533992614939 0.04382937628504098 0.9011875783956104 0.999996 0.000459167 -0.00153734 -0.00218223
1636513000.629925 -0.8915460357355385 0.046015547537292895 0.9500574662105259 0.999996 0.000463983 -0.00168463 -0.0022371
1636513000.698040 -0.8906811776915038 0.0479902082766806 0.999116969032548 0.999996 0.000506763 -0.00198038 -0.00206796
1636513000.763788 -0.8893548012857238 0.04954184365927555 1.048520832044732 0.999995 0.000468612 -0.00238153 -0.00179961
1636513000.830923 -0.8896286554113737 0.05123521594810517 1.0972688249610927 0.999994 0.000372258 -0.00285275 -0.00182059
1636513000.897814 -0.8893837053296552 0.052644399756132505 1.1456528333854994 0.999992 0.000232475 -0.00345611 -0.00201897
1636513001.098807 -0.8904545419767953 0.056873596463044816 1.2922830946765513 0.999981 0.000214334 -0.00535266 -0.00306304
1636513001.167469 -0.8908846731746809 0.05960147608262908 1.3416020721413728 0.999976 0.000442135 -0.00619011 -0.00320195
1636513001.233565 -0.890343126159044 0.06158387623158569 1.389936826346825 0.999971 0.000493943 -0.00702367 -0.00300048
1636513001.366585 -0.8884179586309819 0.06566524983873377 1.488406816618156 0.99996 0.000363281 -0.00866229 -0.00212984
1636513001.500857 -0.891273893398219 0.06805365035722692 1.5859776909415808 0.999939 0.000160799 -0.0110052 -0.00131556
1636513001.567733 -0.8924183613496018 0.06981687866402621 1.6347656226067342 0.999921 3.32878e-05 -0.0125347 -0.00116502
1636513001.634881 -0.8949211828024244 0.07063511322314049 1.683458422330789 0.999898 -0.000184724 -0.0141817 -0.00139643
1636513001.701834 -0.9001841846494625 0.0712824465282383 1.731783141402473 0.99987 -0.000288033 -0.0160162 -0.0018393
1636513001.768836 -0.9053765058362981 0.07308279943128164 1.7793973943394563 0.999829 -0.000236047 -0.0183681 -0.00203489
1636513001.836847 -0.9096210515117057 0.07475676103973572 1.8273804914403364 0.999771 -0.000260622 -0.0213195 -0.00203344
1636513001.902745 -0.9137038671054146 0.07644253229931333 1.8756267086161402 0.999699 -0.000264287 -0.0244765 -0.00167239
1636513002.036690 -0.9207120433047 0.07883488405840777 1.9710470654827106 0.999515 0.000161087 -0.0311361 -0.000606285
1636512995.940845 -0.7030211147670561 -0.0649240708372778 -2.284056604048322 0.976406 -0.00209662 -0.21593 0.00119662
1636513002.170681 -0.9315051243472844 0.08359148325266162 2.064484748930088 0.999254 0.000295035 -0.0386033 0.000963141
1636513002.237627 -0.9368874021847537 0.08614479100302586 2.112289022798749 0.999088 -2.19642e-07 -0.0426786 0.00153559
1636513002.371608 -0.9517938291945979 0.08981672767182253 2.205270513941552 0.998682 -0.000562751 -0.0512916 0.00197094
1636513002.505448 -0.9754094903330688 0.09151857436181757 2.297308568246072 0.998104 -0.000758623 -0.0615245 0.00186507
1636513002.572485 -0.9877846464593869 0.09269371544144417 2.342633990397575 0.997709 -0.000684018 -0.0675976 0.00242598
1636513002.639423 -1.000062546637785 0.09555557682718738 2.3871931194862532 0.997239 -0.000557566 -0.0742114 0.00275371
1636513002.773629 -1.0261878634778818 0.09943275411588301 2.4749885900741013 0.996102 -0.000579494 -0.0881334 0.00370319
1636513002.840637 -1.040496121398168 0.10244744865739504 2.5189570165696864 0.995406 -0.000778148 -0.095652 0.00421658
1636513002.907658 -1.0555802983198177 0.1028917386599234 2.5626654083683262 0.994615 -0.00104728 -0.103521 0.00475
1636513002.975019 -1.0718968834692746 0.10377742787752028 2.605451315980989 0.993732 -0.00125742 -0.111666 0.00510214
1636513003.041558 -1.0888289534548021 0.10694705226489885 2.6485633732570366 0.992759 -0.00134675 -0.119994 0.00539009
1636513003.175164 -1.1283069777474508 0.11096148416736652 2.7342688045628183 0.990478 -0.00161077 -0.13756 0.00531134
1636513003.242429 -1.1505312582893563 0.11194346627516122 2.7752397982915675 0.989127 -0.00169923 -0.146938 0.00580379
1636513003.309289 -1.1709401959628698 0.11557059418500801 2.8163960087314126 0.987602 -0.0016365 -0.156851 0.00609059
1636512997.012811 -0.8478336288147548 -0.03719486484548785 -1.5866414816967533 0.994795 -9.14823e-05 -0.101861 -0.00258673
1636513003.443534 -1.2159247557111292 0.12248357650864575 2.8971605311601487 0.984157 -0.00184184 -0.177133 0.00740712
1636513003.510427 -1.2407488481081486 0.12426606190556906 2.935769837946755 0.982185 -0.00214798 -0.187724 0.00822868
1636513003.577497 -1.263554020087005 0.12725290375177484 2.973876078050555 0.980009 -0.00228724 -0.198731 0.00914221
1636513003.644422 -1.2868511518605414 0.13203029357497345 3.0112938433694993 0.977695 -0.00232174 -0.209781 0.0099121
1636513003.711342 -1.311388340788334 0.13502652075950652 3.0465016318540523 0.975274 -0.00273827 -0.220746 0.0101958
1636513003.778332 -1.3385626534218036 0.13547690418202998 3.081268283290012 0.972735 -0.00327257 -0.231669 0.0102772
1636513003.846604 -1.3660817692884988 0.13626774050003268 3.114450342354899 0.970049 -0.00353646 -0.242663 0.010345
1636513003.912318 -1.3955496038477697 0.1383626370229841 3.14684667488073 0.96721 -0.00370197 -0.253732 0.0105688
1636513003.979311 -1.4251027938057559 0.13898976750120184 3.1777980629157727 0.964144 -0.00388019 -0.265136 0.0106735
1636513004.113374 -1.4880494057979434 0.14294683051272106 3.2373871748858027 0.957405 -0.00379117 -0.28849 0.0115729
1636513004.247381 -1.551809273340889 0.14860816131246687 3.294172593258731 0.950003 -0.00458745 -0.311944 0.012799
1636513004.314278 -1.585189683135265 0.15098919508433656 3.3215858092785275 0.946011 -0.00539909 -0.323809 0.0134639
1636513004.381074 -1.618795797890029 0.15234118640636765 3.3479753079594206 0.941833 -0.00623424 -0.335731 0.0140297
1636513004.448079 -1.6524776909685421 0.15235394663562554 3.3734327385452674 0.937515 -0.00689402 -0.347572 0.0145589
1636513004.582278 -1.7209645115875452 0.15618263557811016 3.419266709423298 0.928425 -0.00696296 -0.371155 0.0148918
1636513004.649097 -1.7539918228905051 0.15816223189184953 3.440848632929808 0.923625 -0.00674222 -0.382954 0.0147223
1636513004.716280 -1.7874074577698873 0.15906543930891057 3.4608710562543274 0.918702 -0.00643619 -0.39464 0.0143268
1636513004.783193 -1.8217369864142756 0.1599486321343561 3.4790729869319956 0.913648 -0.00608919 -0.406228 0.0137763
1636513004.850199 -1.8557814234099956 0.1599794032590634 3.4968629074810478 0.908454 -0.00597448 -0.417725 0.0134831
1636513004.917011 -1.888489923818716 0.1607397756642084 3.5151637096891566 0.90309 -0.00585967 -0.429196 0.0136217
1636513005.051137 -1.9561270265173178 0.16546144861866258 3.547041665081908 0.892045 -0.0057587 -0.451658 0.0150795
1636513005.117984 -1.9909037794086457 0.16724539546808193 3.562647456138577 0.886231 -0.00611884 -0.462932 0.0158389
1636513005.184974 -2.0256985668251932 0.16815728810416694 3.578078658758057 0.880323 -0.00659281 -0.474045 0.0164476
1636513005.252018 -2.062242033346956 0.1699030867263889 3.5914431971489016 0.874472 -0.00689667 -0.484738 0.0167678
1636513005.319155 -2.0993980923955604 0.17002575355881983 3.604041848230695 0.868485 -0.00733408 -0.495373 0.0169124
1636513005.386060 -2.1381371755282954 0.17133031256059716 3.6146038453614384 0.862379 -0.00772154 -0.505907 0.0173523
1636513005.453021 -2.17842319224214 0.17340035403907958 3.6247654228455355 0.856078 -0.0079769 -0.516486 0.0175987
1636513005.586761 -2.2561568276113504 0.17584697051042886 3.6429445888592187 0.843182 -0.00828345 -0.537279 0.0175288
1636513005.721004 -2.3333803699451696 0.17649735893898877 3.6558116340381055 0.830032 -0.00858597 -0.557376 0.0174804
1636513005.788020 -2.370893479888961 0.17631721147383486 3.661123015011335 0.823176 -0.00877662 -0.567437 0.0178542
1636513005.854782 -2.407937012816184 0.17754996509212845 3.665782530739346 0.816144 -0.00871474 -0.577486 0.0185031
1636513005.921947 -2.444006315325609 0.17951401810405665 3.6696090621843998 0.809008 -0.00869238 -0.587423 0.0190969
1636513005.988984 -2.481365527057298 0.1821659393407671 3.6723250858732603 0.80182 -0.00889128 -0.597182 0.019489
1636513006.055838 -2.5190645119790958 0.182752656581343 3.6742064061373476 0.794519 -0.00941808 -0.606856 0.0194135
1636513006.122855 -2.557530251511378 0.18203764466301584 3.675313110809646 0.787141 -0.0098312 -0.616398 0.0191602
1636513006.189569 -2.5960133092589572 0.18230265486499742 3.676272862812355 0.779746 -0.0101353 -0.625713 0.0194164
1636513006.256658 -2.634239209668714 0.18294792304277072 3.6756963623303167 0.772269 -0.0104109 -0.634899 0.0198926
1636513006.457847 -2.747451356670498 0.18368298222258256 3.6700607149121836 0.748537 -0.0112678 -0.662647 0.0215472
1636513006.592915 -2.82233245950807 0.18611598747286937 3.662571820766735 0.732371 -0.0117851 -0.680423 0.0227558
1636513006.658728 -2.8592924311111925 0.1864643088460301 3.6569922575429077 0.724069 -0.0121605 -0.68923 0.0231869
1636513006.725752 -2.896747758045567 0.18674634964463366 3.6519475204237493 0.71553 -0.0126946 -0.698061 0.0237908
1636513006.792593 -2.933765660681558 0.18676313938890526 3.6453646033842038 0.706906 -0.0130989 -0.706763 0.0244841
1636513006.859622 -2.9704758505830484 0.18731960732046732 3.6386849100616425 0.698163 -0.0132833 -0.715371 0.0252295
1636513006.926594 -3.007617855396017 0.1886010654229329 3.631043988766959 0.689383 -0.0134035 -0.723812 0.0258431
1636513007.060620 -3.080865385741375 0.18942438312796964 3.611217295523732 0.67173 -0.0137056 -0.740207 0.0261718
1636513007.127766 -3.1166139213157233 0.189311588647083 3.600043431653351 0.662739 -0.0140281 -0.748249 0.0265268
1636513007.196013 -3.151131212886607 0.18974566223605618 3.58667709278851 0.653711 -0.0141133 -0.756134 0.0268952
1636513007.261480 -3.1866314431834386 0.18976213377612158 3.57433971911862 0.644423 -0.0140069 -0.76405 0.0273848
1636513007.328424 -3.220504898028065 0.19037099749930336 3.5590285984759196 0.635286 -0.0138366 -0.771652 0.0278218
1636513007.395350 -3.2539966605251833 0.19150703580815498 3.542527070115095 0.626042 -0.0137879 -0.779163 0.0280401
1636513007.462629 -3.2873869146425196 0.19150399222818248 3.5258171472640565 0.616621 -0.0139306 -0.786636 0.0280801
1636513007.529639 -3.320088391948932 0.190876910257576 3.507828755252338 0.607204 -0.0140194 -0.793924 0.0281345
1636513007.596446 -3.3520551737032216 0.19067705623886488 3.488499285253261 0.597764 -0.0141119 -0.801047 0.0283404
1636513007.730611 -3.4173091007404777 0.19011387558907925 3.4510055373028194 0.57818 -0.0143614 -0.815279 0.0286623
1636513007.797565 -3.4506257414359567 0.19039786216553561 3.431483283093809 0.568445 -0.0145823 -0.822082 0.0289424
1636513007.864460 -3.483105675657847 0.19004070582683946 3.410550546828939 0.558863 -0.0147932 -0.828618 0.0290936
1636513007.931497 -3.5158133866837855 0.18991222944652414 3.3892418486798013 0.549305 -0.0149231 -0.834979 0.029171
1636513007.998169 -3.5471651409144878 0.18892643055914338 3.366481365858863 0.539797 -0.0153176 -0.841145 0.0293154
1636513008.065421 -3.5778509004509966 0.18902176394940134 3.3434091315377 0.530122 -0.0158614 -0.847258 0.0295522
1636513008.132342 -3.6087326761863308 0.1874678060627175 3.319534770939268 0.520334 -0.0165108 -0.853286 0.0297207
1636513008.199310 -3.639522417504749 0.18594845471328178 3.2968317176714983 0.510382 -0.0173467 -0.859246 0.0300868
1636513008.266441 -3.6700560601912304 0.18571286627517855 3.2723338121199577 0.500598 -0.0174447 -0.864969 0.0304388
1636513008.333337 -3.6998955723573914 0.18451481601835962 3.247350004853253 0.49092 -0.0167744 -0.870515 0.0303447
1636513008.400317 -3.727514954916114 0.1833154784273799 3.22065743540465 0.48156 -0.0162973 -0.875733 0.0304381
1636513008.467288 -3.753500212184635 0.18222622324889876 3.192863211829506 0.472199 -0.0158568 -0.880819 0.0305746
1636513008.534259 -3.7809938565483434 0.1819140594453472 3.1657666090097605 0.462594 -0.015241 -0.885905 0.0307663
1636513008.601150 -3.8082523665960513 0.181736373341465 3.1389337413749105 0.453137 -0.0150911 -0.890772 0.0310419
1636513008.668142 -3.835515776013813 0.1822302133624371 3.1114183310274344 0.443815 -0.015184 -0.895441 0.0313629
1636513008.735276 -3.861722083524669 0.18126513641251632 3.0832322220312403 0.434596 -0.0154977 -0.899943 0.0314512
1636513008.802396 -3.8890696391159083 0.18053485844776465 3.0548276675324346 0.425416 -0.0155687 -0.904317 0.0314596
1636513008.870384 -3.91629440414505 0.18034972624739892 3.0256723691227814 0.41664 -0.0152905 -0.908401 0.0313952
1636513008.936401 -3.943258407917071 0.1801872622303514 2.9954910003251713 0.408405 -0.0146915 -0.912145 0.031338
1636513009.003325 -3.9696359119788616 0.17976180105650133 2.963922575173996 0.400668 -0.0141408 -0.915579 0.0313067
1636513009.070166 -3.995450541939185 0.1792743408172229 2.932593822700596 0.393134 -0.0136934 -0.918845 0.0313424
1636513009.137258 -4.020226816424841 0.17878371709613872 2.901055279115613 0.385719 -0.0136464 -0.921979 0.0314512
1636513009.203947 -4.045194528106163 0.177742645887484 2.8687752495635728 0.378249 -0.0141024 -0.925055 0.0316612
1636513009.271171 -4.070080463263494 0.17705354589962016 2.8364414547385097 0.370588 -0.0145638 -0.928132 0.0319846
1636513009.338133 -4.096242182331008 0.17703517993649706 2.803954748083007 0.362974 -0.015067 -0.931116 0.0323449
1636513009.405185 -4.121580210017708 0.1765576648084266 2.771017256788052 0.355664 -0.0154032 -0.933919 0.0325758
1636513009.472033 -4.144245844983962 0.1760021413096095 2.736777755020733 0.348671 -0.0153423 -0.936553 0.0325732
1636513009.539142 -4.166709953142871 0.1751322714020288 2.7017988092954277 0.341658 -0.0152453 -0.939142 0.0324025
1636513009.606061 -4.1886513015236835 0.17415470654918933 2.6667816080318607 0.334579 -0.0150619 -0.941697 0.0322033
1636513009.673120 -4.210835883072117 0.17301847126902312 2.632000285666585 0.327535 -0.015168 -0.944169 0.0321916
1636513009.739900 -4.233795840247924 0.17267571613356597 2.596630484575455 0.320637 -0.0151785 -0.946532 0.0322419
1636513009.873990 -4.276229067427178 0.1709938151267398 2.525349512894201 0.307549 -0.01535 -0.950857 0.032399
1636513009.941077 -4.296541883554863 0.1701652326967245 2.4895091584538007 0.301067 -0.0155462 -0.952919 0.03259
1636513010.007940 -4.317078273771177 0.16983465035110806 2.4523266580527148 0.294635 -0.0153833 -0.954933 0.0325096
1636513010.142013 -4.356423747299152 0.16756757734704697 2.377070608425159 0.282192 -0.015066 -0.958704 0.0320462
1636513010.209028 -4.375747658210314 0.16667342663318918 2.3390440171349103 0.276143 -0.0149801 -0.960472 0.0318342
1636513010.342766 -4.41483575620585 0.1652373817821497 2.2621239181126502 0.264318 -0.0152405 -0.963799 0.0315348
1636513010.409698 -4.433281863914764 0.1646382833176768 2.2227208446801012 0.258733 -0.0152503 -0.965321 0.0313138
1636513010.476941 -4.452134818711234 0.16356316047912153 2.183083322501829 0.253089 -0.0155721 -0.966817 0.0311139
1636513010.543857 -4.471032835817375 0.16195125201572008 2.1426898111277874 0.247549 -0.0157265 -0.968253 0.0309527
1636513010.610896 -4.490731346923086 0.16053147099036832 2.102066939844023 0.24219 -0.0154471 -0.969613 0.0309125
1636513010.677851 -4.508285941037871 0.15937259310583382 2.0613961011968343 0.237196 -0.0150289 -0.97085 0.0310191
1636513010.744849 -4.524317258648085 0.1587629901242764 2.020521628343391 0.232344 -0.0145524 -0.97203 0.0310164
1636513010.812549 -4.541518792095523 0.15771579796679647 1.9791253666489181 0.227348 -0.0142785 -0.973219 0.0308898
1636513010.945826 -4.575906500127505 0.1555886907695354 1.896299107469964 0.217534 -0.0142309 -0.975456 0.0310247
1636513011.012994 -4.593405520986697 0.15528560071692776 1.8548315206755506 0.212809 -0.0143297 -0.976495 0.0310581
1636513011.081401 -4.61091741830902 0.15405186251981634 1.8122948071696918 0.208368 -0.0146363 -0.977452 0.0309167
1636513011.146789 -4.627346380871588 0.15206664290456512 1.7708267032775171 0.203988 -0.0148953 -0.978371 0.0309276
1636513011.213654 -4.643535807734237 0.15128552981721638 1.7290172332056415 0.199726 -0.0152713 -0.979233 0.0312962
1636513011.280807 -4.659198825932209 0.15023165241985198 1.6873935123696016 0.195471 -0.015457 -0.98008 0.0315624
1636513011.347862 -4.674435131684412 0.14945256380363878 1.645828367120008 0.191263 -0.0157879 -0.980898 0.0317524
1636513011.481622 -4.70403817699186 0.14688582716748558 1.5620224862220218 0.182994 -0.0161867 -0.982467 0.0317903
1636513011.548712 -4.718535049469691 0.14546694070919816 1.5196993044771863 0.178978 -0.016534 -0.983201 0.0317705
1636513011.615436 -4.731795871209025 0.1433575501756013 1.4780345131716415 0.174963 -0.016854 -0.983917 0.0318123
1636513011.682516 -4.745022488370106 0.14138935688802978 1.4356343496481483 0.170841 -0.016913 -0.984631 0.032076
1636513011.749651 -4.757904861843442 0.14021710709044302 1.3935537980687078 0.166585 -0.016907 -0.985341 0.0326739
1636513011.816519 -4.769672792340688 0.1403571344525207 1.3514467833459614 0.162406 -0.0168933 -0.986016 0.033344
1636513011.883727 -4.7802879243118435 0.140513167456221 1.3093342548787685 0.158347 -0.0166612 -0.986669 0.0336494
1636513012.017681 -4.800951704063241 0.13840127432205518 1.2234064295242293 0.149947 -0.0167163 -0.987996 0.0331843
1636513012.084639 -4.8108522917572465 0.13589049101764727 1.1798460522432639 0.145445 -0.0166126 -0.988679 0.0329208
1636513012.151603 -4.820848859966969 0.13382093655417693 1.1355020748738525 0.140744 -0.0161762 -0.989364 0.0330047
1636513012.218344 -4.829257871279966 0.13250851698095067 1.0919473666798951 0.136084 -0.0151007 -0.990022 0.0333151
1636513012.285555 -4.837505143558073 0.13218769297351843 1.0482745772948687 0.131606 -0.0139253 -0.990632 0.0336711
1636513012.352620 -4.846189627065922 0.13276336993502283 1.004206767883077 0.127387 -0.0132965 -0.991189 0.0337578
1636513012.419515 -4.8568522369266125 0.13272244445737444 0.9597258363639591 0.123153 -0.0136632 -0.99173 0.0334539
1636513012.486643 -4.866092304818585 0.1313142409255953 0.9159753351929616 0.118975 -0.014647 -0.992238 0.0330817
1636513012.553571 -4.876518271753268 0.13026390627849393 0.8715116397791269 0.11467 -0.0159584 -0.992733 0.0328298
1636513012.620470 -4.8857605662285435 0.1286380776541236 0.8269598145248495 0.110316 -0.0172239 -0.99321 0.032688
1636513012.687418 -4.893548142424345 0.1267791538218005 0.7827059983993755 0.105981 -0.0181263 -0.993671 0.0325274
1636513012.754261 -4.900178018641989 0.12506261551255718 0.7383365128150403 0.101513 -0.0185063 -0.994135 0.0323785
1636513012.821211 -4.905253902861346 0.1237117009564833 0.6936721876364845 0.0969097 -0.0185355 -0.994597 0.0322668
1636513012.888392 -4.910471439434461 0.12365281962616378 0.6483883751785928 0.0918549 -0.0185883 -0.995079 0.0321616
1636513013.022336 -4.918837061178773 0.12139651074704469 0.5628474309446041 0.0809915 -0.0189161 -0.996016 0.0321602
1636513013.089329 -4.922462065165467 0.11987116293120338 0.5200549929724962 0.0755036 -0.019298 -0.996438 0.032205
1636513013.156322 -4.925150699996393 0.11834556919009732 0.47775954921720565 0.0698486 -0.0196415 -0.996847 0.0321262
1636513013.223446 -4.925558932586125 0.11653746103925068 0.4352580572344687 0.0640722 -0.0198775 -0.997236 0.0319398
1636513013.290322 -4.926671355618262 0.11358824782638104 0.39353360728824405 0.0578625 -0.0202513 -0.997616 0.0316799
1636513013.357383 -4.92752803511548 0.11147513936118317 0.35113049597434215 0.0514616 -0.0205024 -0.997961 0.0316907
1636513013.424046 -4.926658183477433 0.10983921795165902 0.3094972501207699 0.0449681 -0.0204232 -0.998271 0.0318731
1636513013.491187 -4.92556362318367 0.10908712358228043 0.266898164399051 0.0384021 -0.020534 -0.998536 0.0320884
1636513013.558286 -4.922728626358029 0.10667615418239004 0.22588121894462743 0.0316998 -0.0207077 -0.998768 0.0320842
1636513013.692245 -4.917492510214833 0.10450275542671399 0.14196464638991682 0.0175675 -0.0207683 -0.999114 0.0321042
1636513013.826283 -4.908778449717377 0.09992675444778872 0.05897214353981124 0.00317671 -0.0203889 -0.99927 0.0321625
1636513013.893194 -4.903712806589857 0.09820659679011849 0.01728004609135047 -0.00412017 -0.0202394 -0.99926 0.0324475
1636513013.960065 -4.897919627747738 0.09686984187514654 -0.02425485639024584 -0.0114701 -0.0202202 -0.99919 0.0328551
1636513014.026989 -4.891903169082348 0.09526893432849787 -0.06475437097516698 -0.0189566 -0.0202842 -0.999059 0.0333106
1636513014.161009 -4.878991086695083 0.09496532507270679 -0.14765568495785417 -0.0338276 -0.0210068 -0.998628 0.0339952
1636513014.228007 -4.870983239158505 0.09340770429620508 -0.18780985749707813 -0.0412155 -0.0214105 -0.998348 0.0338239
1636513014.295100 -4.861382092403837 0.0905164589043146 -0.22887877687925218 -0.0487706 -0.0216997 -0.998012 0.0334988
1636513014.362234 -4.850373176764234 0.08807451616343742 -0.26921869134912757 -0.0566355 -0.0218057 -0.997599 0.0333748
1636513014.429708 -4.839641494280054 0.08501262271466337 -0.31026577510325787 -0.0649377 -0.0219168 -0.997088 0.0334486
1636513014.562917 -4.814560209650488 0.08389869512513284 -0.3902776366846525 -0.0822971 -0.021994 -0.995786 0.0339689
1636513014.629854 -4.801097780181464 0.083286644958762 -0.4292219903325653 -0.0912543 -0.0216878 -0.99501 0.0340316
1636513014.696905 -4.78531890364269 0.08250859910814044 -0.46896234132817477 -0.100358 -0.0212676 -0.994147 0.0338907
1636513014.763936 -4.769254294790804 0.08015535526693524 -0.5060022141057163 -0.109618 -0.0212799 -0.993184 0.0334278
1636513014.898010 -4.736067544650218 0.07571182421180925 -0.5821115548063951 -0.129042 -0.0207233 -0.990882 0.0327426
1636513014.964883 -4.718422956063355 0.07361041575704239 -0.618437029497701 -0.138793 -0.0208842 -0.989566 0.0325444
1636513015.032076 -4.699350046832608 0.07173977043821225 -0.6541978997819126 -0.14868 -0.0210568 -0.98813 0.032399
1636513015.098782 -4.680340696109536 0.06923894100943634 -0.6892636473203425 -0.15882 -0.0207962 -0.986558 0.0323621
1636513015.165792 -4.660633414168146 0.06720067352361203 -0.7241049918834457 -0.168906 -0.0202973 -0.984887 0.0325082
1636513015.232728 -4.639201851450509 0.06506899589217194 -0.757117966759288 -0.178933 -0.0198424 -0.983118 0.0326918
1636513015.299778 -4.616867213937629 0.06471358122909987 -0.7898403882898702 -0.18914 -0.0193683 -0.981209 0.0328669
1636513015.367831 -4.59468944570343 0.06324985831082233 -0.8234388489174064 -0.199563 -0.018955 -0.979159 0.0325958
1636513015.433839 -4.572626638058393 0.06114703087501025 -0.8571335879193495 -0.209806 -0.0188187 -0.97703 0.0322451
1636513015.501253 -4.549444606734502 0.05915064597057916 -0.8897355495957584 -0.219871 -0.0187332 -0.974821 0.0320903
1636513015.567894 -4.525508754913214 0.05747895228109298 -0.9210695553647463 -0.229957 -0.0189264 -0.972494 0.0318748
1636513015.634980 -4.500206973325775 0.056297686563867674 -0.9514663864254944 -0.240125 -0.0190345 -0.97004 0.0316096
1636513015.701848 -4.474439876921058 0.054480842142616115 -0.9826609052691255 -0.250524 -0.0191597 -0.967416 0.0312411
1636513015.835680 -4.422845651234806 0.04978192141088006 -1.0415107288636791 -0.271434 -0.0192474 -0.961771 0.0308018
1636513015.902642 -4.3955807089704635 0.048142906016029274 -1.0688577912003887 -0.281873 -0.0194903 -0.958766 0.0305715
1636513015.969689 -4.366562972456297 0.04710672022753816 -1.0948184744835385 -0.292619 -0.0197777 -0.955549 0.0301474
1636513016.036664 -4.338088518487451 0.04556416215360598 -1.1213677722782054 -0.303774 -0.0200738 -0.952075 0.0295342
1636513016.103636 -4.309613360169038 0.04404703156944911 -1.1482710339120192 -0.315045 -0.0202578 -0.94842 0.0289082
1636513016.170671 -4.280305974165723 0.042524833663163925 -1.173238409925986 -0.326184 -0.0202806 -0.944659 0.0285004
1636513016.237756 -4.2488980751918435 0.04091311209858339 -1.1961496807371281 -0.33733 -0.0200151 -0.940748 0.0283019
1636513016.304696 -4.2175690515233155 0.039187045250936525 -1.2187387201995632 -0.348672 -0.0196322 -0.936615 0.0281922
1636513016.371640 -4.185663617110111 0.03748550438775612 -1.239988568826941 -0.360056 -0.0188831 -0.932308 0.0283568
1636513016.439878 -4.154476144013504 0.036912687879627634 -1.2608570300939128 -0.371386 -0.0185542 -0.92786 0.0283567
1636513016.505646 -4.122780817271392 0.03653916016734762 -1.282177146393445 -0.382599 -0.0183423 -0.923304 0.0281323
1636513016.573134 -4.0907679234756245 0.035145698511667975 -1.3029452905955836 -0.393577 -0.0178933 -0.918693 0.0279266
1636513016.639687 -4.057193081727954 0.03324376554019051 -1.3220451182641122 -0.404313 -0.01778 -0.914031 0.0276048
1636513016.706610 -4.022939901527102 0.03227509571360443 -1.339911330788319 -0.41516 -0.018021 -0.909162 0.0272502
1636513016.773675 -3.9884470662780194 0.03180294206657072 -1.3581877262494686 -0.426268 -0.0181781 -0.904018 0.0267785
1636513016.840652 -3.9551936212425667 0.030543187307051217 -1.3761732305009107 -0.4373 -0.0182481 -0.898746 0.026279
1636513016.907545 -3.9204585882936778 0.029060389009997967 -1.392707740315609 -0.44795 -0.0181773 -0.893497 0.0259387
1636513016.974544 -3.8845215856224184 0.02798788678673171 -1.407275824979243 -0.458449 -0.017925 -0.888168 0.0257039
1636513017.041470 -3.8486526501062936 0.026215589774382098 -1.4200620576183873 -0.46914 -0.0175237 -0.882583 0.0254541
1636513017.108616 -3.8126880172651516 0.025567952909508807 -1.4340919699886527 -0.479961 -0.0175428 -0.876757 0.0250373
1636513017.175445 -3.7784369078846156 0.024050548808520464 -1.44801193632127 -0.490725 -0.0175088 -0.870794 0.0244885
1636513017.242582 -3.7431413312307225 0.0216972081908042 -1.4599711656833518 0.501238 0.0171477 0.864801 -0.0241909
1636513017.309406 -3.706586699859158 0.021464346688535085 -1.4710332607290262 0.51154 0.0168911 0.85876 -0.0239369
1636513017.443728 -3.6313975875666538 0.017402529435526615 -1.4896700057437195 0.531958 0.0162038 0.846295 -0.0232904
1636513017.577352 -3.5564331637551563 0.01399032011995155 -1.5043953768693044 0.552165 0.0156014 0.833253 -0.0236517
1636513017.644123 -3.517739317830351 0.014105398171488953 -1.5098693196130553 0.562066 0.0155012 0.826603 -0.0238573
1636513017.711390 -3.4790023615051813 0.014166927023840925 -1.5149196735992119 0.571919 0.0153727 0.819822 -0.0237678
1636513017.778257 -3.4403232730902413 0.0137497621649261 -1.5195896411084484 0.581694 0.014893 0.812922 -0.0238359
1636513017.845456 -3.4025699766438167 0.012759400651694147 -1.5224051814479374 0.591348 0.0145245 0.805934 -0.0238302
1636513017.912328 -3.36425640132045 0.012208746014730792 -1.5243314028631618 0.601038 0.0145185 0.798742 -0.0235449
1636513017.979366 -3.325478047368263 0.012892934027980835 -1.5272418601708257 0.610815 0.014457 0.791298 -0.0232975
1636513018.046246 -3.285965697010649 0.011894503001087492 -1.5285742157949946 0.620339 0.0142193 0.783869 -0.0229493
1636513018.113322 -3.2455421377751477 0.011555011349304839 -1.529323056551431 0.629617 0.0139622 0.776445 -0.0228329
1636513018.180151 -3.206338456408816 0.010802350349787743 -1.5273485361702055 0.6388 0.0135856 0.768911 -0.0229203
1636513018.247147 -3.166950098826945 0.010176550611393054 -1.5242921481517309 0.648125 0.0135004 0.761072 -0.0228137
1636513018.314309 -3.129311795105973 0.009127173663497995 -1.5222088904308795 0.657498 0.0136865 0.752995 -0.0225358
1636513018.381205 -3.0925521494606385 0.0076201379666896996 -1.5202147527873275 0.666734 0.01395 0.744835 -0.0221831
1636513018.448206 -3.054448842303602 0.007309215032683641 -1.5158974834741326 0.675658 0.0141974 0.736753 -0.0219204
1636513018.515198 -3.018277234372688 0.00678826655472109 -1.511243026062467 0.684438 0.0142703 0.728607 -0.0217375
1636513018.582255 -2.9808156475446888 0.007068677422562092 -1.5054584701878524 0.693112 0.0141201 0.720369 -0.0215388
1636513018.649208 -2.942705517343673 0.00701533964552134 -1.49750209716032 0.701574 0.0138676 0.712145 -0.0212294
1636513018.716187 -2.9050112810176865 0.00679712285383946 -1.4904061444284382 0.709924 0.0134585 0.703834 -0.0210628
1636513018.783195 -2.8664006480905115 0.00651233013463709 -1.4815098984254942 0.71795 0.0130922 0.69565 -0.0211493
1636513018.849967 -2.8302714441341377 0.007018070084067879 -1.4720473112755266 0.725787 0.012971 0.687472 -0.0211431
1636513018.917199 -2.792833093160269 0.007501376744244781 -1.4617005202445081 0.733452 0.0126494 0.679301 -0.0209207
1636513019.051054 -2.7184570717819145 0.005780646834186803 -1.438636958180554 0.748382 0.0119488 0.662851 -0.0202676
1636513019.118168 -2.6805470546599866 0.006250183278323135 -1.4261685684420058 0.755671 0.0122148 0.654534 -0.0199193
1636513019.185030 -2.6444378935740036 0.007047497516054005 -1.4124731895942095 0.762881 0.0124141 0.646125 -0.0195183
1636513019.252069 -2.6080561599660204 0.006752099992182986 -1.398953134675624 0.770033 0.012443 0.6376 -0.0189785
1636513019.318908 -2.5701917611309804 0.0058651585253176874 -1.385955117784833 0.777013 0.0126034 0.629087 -0.0184737
1636513019.386001 -2.5333050628921243 0.005895452144102031 -1.3712969321510162 0.783704 0.0129491 0.620735 -0.0180883
1636513019.452810 -2.497436895507352 0.006261355080627168 -1.3554288136477086 0.790215 0.0130943 0.612431 -0.0178036
1636513019.520008 -2.4606193299331145 0.007292522336277862 -1.3385827120770863 0.796662 0.0128568 0.604035 -0.0174877
1636513019.586928 -2.423916429578079 0.007015913676396826 -1.3212874114276214 0.802999 0.0124229 0.595605 -0.017088
1636513019.653985 -2.387094426073721 0.0063604224839151485 -1.3031719343613277 0.809165 0.0121858 0.587216 -0.0167716
1636513019.721066 -2.351004463620528 0.0062229327934162915 -1.2838828359534051 0.815077 0.0124928 0.578988 -0.0163446
1636513019.855114 -2.2802211725762622 0.007857604461071574 -1.2455138359058073 0.826528 0.0132611 0.562526 -0.0154711
1636513019.921754 -2.2442977247718887 0.008401002266934993 -1.2256581734901257 0.832039 0.0135948 0.554364 -0.0143825
1636513019.988935 -2.2085771435674175 0.007979768507119234 -1.2058051281510185 0.837381 0.013879 0.546281 -0.01334
1636513020.055779 -2.174323943986702 0.007102998719784315 -1.1842008480368778 0.842552 0.0140793 0.538284 -0.0126143
1636513020.189935 -2.1096837550963397 0.005742779054512856 -1.138343009267734 0.852589 0.0144239 0.522243 -0.0120815
1636513020.256874 -2.0771321315594555 0.005727465480851152 -1.113876753312999 0.8575 0.0143527 0.51413 -0.0125537
1636513020.323741 -2.04606095220037 0.006065880132555157 -1.0888381631441761 0.862209 0.0144916 0.506176 -0.0130739
1636513020.390782 -2.014020537482978 0.007630282831276286 -1.0636122574643334 0.866772 0.0147328 0.498301 -0.0135935
1636513020.457739 -1.9838164541381837 0.00824406255741715 -1.0389745133873882 0.871216 0.01483 0.49048 -0.0138494
1636513020.524795 -1.9524077671204763 0.009291663804461975 -1.0125225268914786 0.875482 0.0150409 0.482826 -0.0135723
1636513020.591630 -1.922938818590389 0.009083384783324086 -0.9859674775232783 0.879662 0.0152805 0.475176 -0.0129681
1636513020.660154 -1.8933964772261342 0.00877589838529809 -0.9591058597168172 0.883866 0.0153806 0.467311 -0.0128177
1636513020.725606 -1.8622507114872031 0.009500070552203713 -0.932096679914189 0.887957 0.0155346 0.459486 -0.0127812
1636513020.792866 -1.8332395611464243 0.009760598196512024 -0.9037870682060432 0.891852 0.0157199 0.451877 -0.0126634
1636513020.859730 -1.8047592815308222 0.00963487371177614 -0.8748878035952291 0.89561 0.01569 0.444372 -0.0130365
1636513020.926834 -1.776893932697472 0.010878094000108127 -0.8462154411487168 0.899267 0.0156085 0.436912 -0.0135327
1636513020.993629 -1.7479863288018698 0.012613321850196146 -0.8166968121896171 0.902791 0.0153271 0.429589 -0.0136719
1636513021.060861 -1.7194545889140165 0.011718920489618 -0.7878172849241696 0.906147 0.0148377 0.422483 -0.0136328
1636513021.127555 -1.6897425806845328 0.01163111612617966 -0.7579239672132845 0.909221 0.0143477 0.415837 -0.0138158
1636513021.194574 -1.6604954231498261 0.01132826233517039 -0.7275901112906227 0.912055 0.014067 0.4096 -0.0136576
1636513021.261518 -1.6321661798366318 0.011507147045359371 -0.6959132097559169 0.914736 0.0140128 0.403586 -0.0134407
1636513021.328582 -1.6030147186398733 0.012715131258550769 -0.6657124793303903 0.917319 0.0138942 0.397678 -0.0136196
1636513021.395704 -1.573437589458263 0.013635104510014859 -0.6349246422913255 0.919682 0.0135722 0.39219 -0.0136998
1636513021.462719 -1.5445115941512015 0.01584693228153341 -0.6021533815964387 0.921845 0.0131998 0.387088 -0.0137624
1636513021.529727 -1.517666136484935 0.014411438785419721 -0.5711107575471488 0.923956 0.0125502 0.382046 -0.013707
1636513021.596560 -1.4879183986087705 0.015584597468285485 -0.5379157941796731 0.926016 0.0119787 0.377049 -0.0135808
1636513021.663654 -1.45917331648878 0.014907221638650252 -0.505632069724087 0.927926 0.0115152 0.372362 -0.012937
1636513021.730397 -1.4318050554250847 0.015579913967640836 -0.4734932154895684 0.929741 0.0111315 0.367841 -0.0122646
1636513021.797487 -1.4038782953026236 0.0152146509717664 -0.4397515127454327 0.93153 0.0106436 0.363322 -0.0116331
1636513021.864335 -1.3761215719586257 0.014861442699410601 -0.40561271267785914 0.933268 0.010064 0.358861 -0.0113133
1636513021.931569 -1.3502161187315407 0.013881108781251577 -0.3720232396934031 0.934928 0.00960933 0.354531 -0.0112113
1636513021.998528 -1.3225836010863459 0.013983760459240059 -0.3375428398337271 0.936499 0.00944226 0.35036 -0.0113415
1636513022.065432 -1.2948148225554656 0.014983797747341685 -0.3028439755520548 0.93796 0.00939145 0.346421 -0.0116776
1636513022.199572 -1.2414811864227284 0.01751719690430436 -0.23288784245825755 0.94063 0.00893542 0.339112 -0.0118006
1636513022.266432 -1.214109835188454 0.018277998224908144 -0.19648455559529432 0.94188 0.00847408 0.335641 -0.0116495
1636513022.333452 -1.1878349302348088 0.017673267393548582 -0.1610296039215 0.943064 0.00792951 0.33232 -0.0114426
1636513022.400331 -1.1606337977418164 0.01864586411829367 -0.12511927458565852 0.944172 0.0075304 0.32918 -0.0110656
1636513022.467252 -1.1326191053039723 0.01916791237865708 -0.08859943296724271 0.945202 0.00708047 0.326234 -0.0107365
1636513022.601263 -1.0804048275165934 0.01971585822439977 -0.014962344156414842 0.947062 0.00620644 0.32081 -0.0107969
1636513022.668231 -1.054659493089255 0.02060510652018684 0.02307189324386133 0.948064 0.00569086 0.317834 -0.0111713
1636513022.735506 -1.0286211849483373 0.02165201773853173 0.06149214675710185 0.949047 0.00510639 0.31488 -0.0115574
1636513022.802475 -1.0024240746869428 0.021529534608477105 0.09941009299473486 0.949922 0.00456605 0.312233 -0.0117534
1636513022.869457 -0.976150275467202 0.02149893632058895 0.1364549871297715 0.950673 0.00407445 0.309931 -0.0121638
1636513022.936262 -0.9499491652779878 0.02188017391614447 0.17465478459040207 0.951342 0.00394764 0.307873 -0.0121225
1636513023.003372 -0.9248090702825604 0.022889831189223192 0.21228899885687813 0.952038 0.00413039 0.305723 -0.0118277
1636513023.070064 -0.8983158676203691 0.02373923758629037 0.24881101573591663 0.952774 0.00449735 0.303428 -0.0115386
1636513023.138312 -0.8706255440505533 0.023665100262577343 0.2849866326290898 0.953405 0.0050037 0.301442 -0.0112564
1636513023.204113 -0.8437189214131767 0.025461350959909604 0.3220923635246176 0.953845 0.00526255 0.300041 -0.0112816
1636513023.271142 -0.817715747320036 0.026672057433688313 0.3597024345792801 0.954167 0.00507696 0.29902 -0.0112746
1636513023.338308 -0.7916190541211329 0.027115184169941273 0.39867215576134396 0.954448 0.00472232 0.298124 -0.0113927
1636513023.405147 -0.7643949271513617 0.028519036663259716 0.43800971092995056 0.954707 0.00454386 0.297284 -0.0116958
1636513023.473134 -0.7377095934545262 0.029096097414311763 0.4756967577687352 0.95489 0.00437515 0.296685 -0.0119849
1636513023.539171 -0.7101318234322916 0.029788542465547584 0.513828711352066 0.954948 0.00415894 0.296494 -0.0122158
1636513023.606180 -0.6829380838428674 0.030234796996628663 0.5518385417703113 0.954892 0.00411173 0.296666 -0.0124072
1636513023.675246 -0.6558161464906769 0.030016994411622127 0.5884401911772976 0.954774 0.00431714 0.297049 -0.0122392
1636513023.740164 -0.6292430399891815 0.03131584859521643 0.6258221443207774 0.954618 0.00469257 0.297559 -0.0118798
1636513023.807135 -0.6005282854861119 0.03302572217516871 0.6635202369353832 0.954454 0.00505186 0.298093 -0.0115203
1636513023.941090 -0.54486705936494 0.03372718178344991 0.7371480618631161 0.953957 0.00550278 0.299677 -0.0113416
1636513024.008335 -0.5182061800500417 0.03526852653472923 0.775393109549691 0.953632 0.00565275 0.300692 -0.0117965
1636513024.078593 -0.4912127808231773 0.03621013301774388 0.813791616357862 0.953302 0.00574231 0.301721 -0.012161
1636513024.141874 -0.46401072863170334 0.036294938029773946 0.8515360485400478 0.952954 0.00580609 0.302792 -0.012699
1636513024.208959 -0.43585601506767374 0.038055695788181056 0.8890151056210125 0.9526 0.00596002 0.303883 -0.013182
1636513024.275937 -0.4076657304894447 0.039031870901009964 0.9260412141168046 0.9522 0.00615866 0.305124 -0.0132738
1636513024.342982 -0.3782159247757491 0.039219315917202846 0.9626959853976085 0.951716 0.00642263 0.306626 -0.0132851
1636513024.409958 -0.3494548976500583 0.03999322465281508 0.9987475353967559 0.951132 0.00683172 0.308421 -0.0133332
1636513024.476982 -0.3200744127838925 0.04120016362302019 1.0343442119932527 0.950494 0.00707567 0.310379 -0.0132822
1636513024.544091 -0.2904499621262737 0.042040620185248054 1.0705450359181419 0.949796 0.00698358 0.31251 -0.0132954
1636513024.610857 -0.26050791522110933 0.04270684552532561 1.1072964588188485 0.949012 0.00659205 0.314867 -0.0138294
1636513024.677899 -0.23127010662522984 0.04331945952950261 1.144391954078979 0.948159 0.00637885 0.317408 -0.0143661
1636513024.744853 -0.20166638332921616 0.04368748409544723 1.1802471722161996 0.947274 0.00646249 0.32002 -0.0147743
1636513024.811821 -0.17111727870779114 0.045207833516715035 1.215264971065872 0.94635 0.00652434 0.322711 -0.0154092
1636513024.878618 -0.13956899665201794 0.046042550119284584 1.251091564656661 0.945346 0.00652162 0.325631 -0.0156084
1636513024.945764 -0.10897699626826052 0.04585432150847643 1.2868225248640914 0.944278 0.00670054 0.328721 -0.0153592
1636513025.012861 -0.07623378100602629 0.04662809101335948 1.3204285158862414 0.943245 0.00698645 0.331675 -0.0152142
1636513025.079967 -0.045117919583513855 0.04812528169589836 1.3551857739497963 0.94209 0.00721548 0.334944 -0.015088
1636513025.146902 -0.011728672185393751 0.04887579076791709 1.3881850404397453 0.940908 0.00737848 0.338272 -0.0144501
1636513025.213727 0.02090739346888637 0.04858932532297314 1.4222606576565309 0.939697 0.00759477 0.341652 -0.0136498
1636513025.280870 0.05462928065863304 0.04826933237656447 1.4552551902291766 0.938536 0.00787602 0.344839 -0.0132174
1636513025.347819 0.0875046136321962 0.048429415449035354 1.4881472128150772 0.937361 0.00823838 0.348019 -0.0130263
1636513025.414720 0.12054745999620287 0.04924463784505351 1.5210350079639863 0.936126 0.0084288 0.351313 -0.0132817
1636513025.481526 0.1527509328301806 0.05001070562439118 1.5548352339968163 0.934894 0.00838067 0.354549 -0.0140785
1636513025.548717 0.1843215820037939 0.05034359450473591 1.5895392310427532 0.933691 0.00824483 0.357669 -0.0150311
1636513025.682606 0.2499744275502762 0.05346355878627573 1.6558944731283227 0.931327 0.00772989 0.363753 -0.0159532
1636513025.749642 0.28502197703607 0.052937424033111746 1.688225757128635 0.930108 0.00740407 0.366868 -0.0158534
1636513025.816813 0.3204148652240576 0.053403055449415926 1.7203043221838286 0.928814 0.00729594 0.370146 -0.015625
1636513025.883605 0.3550099161534067 0.053120807658221116 1.7526899185532474 0.927501 0.00729453 0.373438 -0.0152512
1636513025.950706 0.38993674406860235 0.051320480196881 1.784442141559734 0.926282 0.00737167 0.37646 -0.015
1636513026.017551 0.4251599131532061 0.05059487541858941 1.815452214052474 0.925074 0.00760531 0.379402 -0.0153195
1636513026.084383 0.4613032136422627 0.05247214188615588 1.8461363226560232 0.923812 0.00792465 0.382436 -0.0158282
1636513026.151706 0.49627072497607805 0.05315569124556167 1.8775548480669972 0.922455 0.00796537 0.38568 -0.0162592
1636513026.218535 0.5307087085206011 0.053041757116758285 1.908644730330574 0.921082 0.00784262 0.388924 -0.0168614
1636513026.285529 0.5665868199784876 0.05447671316633859 1.9404117321915635 0.919759 0.00769632 0.392022 -0.0173959
1636513026.352489 0.6025791916830044 0.05450755699401801 1.9702214647737686 0.918484 0.00749737 0.394994 -0.0176078
1636513026.419654 0.639996178518501 0.05539278612845368 1.9999493396104713 0.917166 0.00751089 0.398046 -0.0176077
1636513026.486694 0.6771737422329334 0.055245862670196356 2.028973768579359 0.915737 0.00761938 0.401331 -0.0173546
1636513026.553373 0.7150937898721674 0.05553283754047946 2.0576678112694413 0.914308 0.00786301 0.404588 -0.0169494
1636513026.620490 0.7532154987926651 0.05557915166338534 2.08667778570788 0.912901 0.00813679 0.407762 -0.0166031
1636513026.687425 0.7913393452157226 0.05487469368820601 2.1141790096578084 0.911529 0.00843108 0.410824 -0.0163624
1636513026.754444 0.8301742314619589 0.054724413227551366 2.141817333238803 0.910075 0.00873976 0.41402 -0.0165789
1636513026.822209 0.8680212873384977 0.05510857878626041 2.1691878079310793 0.908481 0.00881142 0.417467 -0.0175164
1636513026.888592 0.9050410426888742 0.05650353071043197 2.1966982475931047 0.906718 0.00856392 0.421239 -0.0186295
1636513026.955429 0.9427052333316069 0.0573984044322918 2.2251080062902484 0.904869 0.00805473 0.425165 -0.0195427
1636513027.022391 0.9816590472784398 0.05802212521374146 2.2521568676776074 0.903016 0.0072969 0.429058 -0.0204399
1636513027.089520 1.0218013362689164 0.05854306239142 2.2773674686685133 0.901052 0.00658182 0.433147 -0.0211261
1636513027.156335 1.062594871975199 0.05800823162140252 2.301033538449659 0.898832 0.00632002 0.437741 -0.0210721
1636513027.223311 1.1031311463351012 0.056488045421273794 2.323754556642519 0.896352 0.00648521 0.442809 -0.0207463
1636513027.290743 1.143747392830392 0.05675546187371444 2.345020347979705 0.893656 0.00706905 0.448227 -0.0205232
1636513027.424310 1.2259192795338598 0.05790574505460139 2.38533968346331 0.887602 0.00806233 0.460113 -0.0198654
1636513027.491357 1.2663960682145623 0.05743713695594718 2.40597573301392 0.884339 0.00841435 0.466365 -0.0194267
1636513027.558385 1.3076414403909857 0.056687284980461425 2.4251195002894574 0.881076 0.00863896 0.4725 -0.0193401
1636513027.692251 1.3888834968688075 0.056334729845286494 2.462021213710236 0.87407 0.00852971 0.485322 -0.0197831
1636513027.759333 1.4298648129331875 0.055536269281371925 2.4811515079511834 0.870378 0.00815633 0.491901 -0.0202168
1636513027.826195 1.4707494105623198 0.05490084190332982 2.4992359903214045 0.866633 0.00781792 0.498456 -0.0206859
1636513027.892983 1.5120536414882442 0.054701983891608755 2.5155888077906416 0.862805 0.00773334 0.505042 -0.0209909
1636513027.960295 1.5534674318333375 0.054147731668391985 2.5308877241178154 0.858784 0.00763668 0.511842 -0.0211933
1636513028.027116 1.5951593823700598 0.05307269714049487 2.544575303604433 0.854517 0.00756476 0.518931 -0.0212882
1636513028.094305 1.6369706738198626 0.0528076111827019 2.557819941257276 0.850019 0.00782044 0.526266 -0.0212138
1636513028.228128 1.721194904868657 0.0515615723486067 2.5839223640816513 0.840676 0.00801534 0.541068 -0.0211027
1636513028.295125 1.7636151067979424 0.05022824316366317 2.595747018148458 0.835974 0.00801401 0.548298 -0.0212569
1636513028.362138 1.806056044947267 0.04834295994462594 2.6059651252515823 0.831176 0.00795059 0.55553 -0.0216543
1636513028.429084 1.8492136536654684 0.04841312255480924 2.6147203975017375 0.826125 0.00819378 0.563 -0.0219478
1636513028.495892 1.8923897327599861 0.04902569848572352 2.6232524226575515 0.820855 0.00823569 0.570648 -0.0221434
1636513028.563133 1.9364064376254784 0.04933678735323256 2.6315434367593973 0.815479 0.00814489 0.578304 -0.0221776
1636513028.630095 1.981179681157808 0.049022180465758805 2.6379625427451563 0.810032 0.00811181 0.585914 -0.0220546
1636513028.697145 2.0253199869660965 0.04873813858101937 2.643540097687689 0.80437 0.00792912 0.593665 -0.0221149
1636513028.763955 2.069149234773972 0.047118794431213654 2.6474620151365573 0.79847 0.00735256 0.601572 -0.022436
1636513028.831088 2.1122922585551485 0.04533786379730041 2.650838426053902 0.792184 0.00697807 0.609815 -0.0228429
1636513028.898011 2.1549699170885095 0.04394043642113149 2.6527128041098873 0.785601 0.00692052 0.618257 -0.023268
1636513028.964857 2.1973018684228136 0.04394970775097186 2.652402613683151 0.778734 0.00711225 0.626864 -0.0237515
1636513029.032086 2.2399943903715624 0.04393066786017592 2.6508379487890426 0.771552 0.00749092 0.635679 -0.0237408
1636513029.098818 2.2830936449887873 0.04343261097364015 2.6478738291084087 0.764167 0.0081096 0.644548 -0.0232496
1636513029.165843 2.3263586208719107 0.04251651415273265 2.644143179090811 0.756648 0.00874816 0.653366 -0.0227861
1636513029.233166 2.3688302218855637 0.04205655880213674 2.6392166995539523 0.749023 0.00926723 0.662096 -0.0225221
1636513029.299891 2.4107834170348985 0.04161875088375247 2.63341132663693 0.741276 0.00971848 0.670761 -0.0222624
1636513029.366924 2.4530577878557116 0.04092994467340265 2.627449213688213 0.733389 0.00975122 0.679377 -0.0222028
1636513029.433982 2.4956483732135624 0.03902544748366958 2.6194791621342506 0.725364 0.00959701 0.687942 -0.0221534
1636513029.501035 2.537340919557195 0.037437360473315515 2.6115425857936088 0.717084 0.00934276 0.696565 -0.0223507
1636513029.567948 2.5787471151949912 0.0353457303656491 2.602888325541018 0.708667 0.00910536 0.705124 -0.0225359
1636513029.634714 2.6196812225226895 0.03323376837400373 2.5935661071408402 0.700096 0.00915303 0.713619 -0.0230078
1636513029.701740 2.6594280850808127 0.031807129167678666 2.5815400481409796 0.691407 0.00941703 0.722021 -0.0235231
1636513029.768930 2.6982995996629215 0.030574229474148854 2.5689248523291464 0.682374 0.00996053 0.730545 -0.0238854
1636513029.835959 2.7371062252788145 0.030405110709455452 2.5556251096136737 0.673165 0.0102647 0.739013 -0.0245667
1636513030.036906 2.8544787078522904 0.027276913992942464 2.519594331498808 0.646191 0.0112398 0.762666 -0.0255327
1636513030.103718 2.8926110577989887 0.0277941261670466 2.5037294776831787 0.638002 0.0118855 0.769513 -0.0257092
1636513030.171449 2.9295689436017023 0.025521103256470723 2.484882169831871 0.629726 0.0123744 0.776299 -0.025517
1636513030.237679 2.964947652437742 0.023285532566687556 2.466783858156292 0.620989 0.013117 0.783297 -0.02543
1636513030.371761 3.034721088463341 0.022667008179621806 2.431102248605104 0.60288 0.0140962 0.797267 -0.0265149
1636513030.438667 3.0693921309492866 0.022084657008724612 2.4138256300615906 0.593769 0.0140127 0.804052 -0.0272458
1636513030.506160 3.103419303857259 0.020222062791741935 2.394771601801754 0.584807 0.013896 0.810575 -0.027871
1636513030.573367 3.135673453766554 0.019000844782602472 2.3746080771027933 0.575724 0.0138774 0.817022 -0.0286899
1636513030.639696 3.1670760754630933 0.01767781003511104 2.3530919233826393 0.566303 0.0139108 0.823556 -0.0293794
1636513030.706732 3.1983751130089697 0.01695847758559349 2.331138522376201 0.556539 0.0142958 0.830161 -0.0298794
1636513030.773546 3.228870440653359 0.016600205200290347 2.3094886012150306 0.546677 0.0147545 0.836665 -0.0303045
1636513030.840497 3.25898287026408 0.015441773759917593 2.286831707196156 0.536949 0.0154485 0.842922 -0.0304971
1636513030.907536 3.289087022732864 0.0152133214053011 2.262682258987915 0.527247 0.016214 0.849 -0.030757
1636513030.975543 3.318303548779271 0.014047782595462077 2.238224417481993 0.517559 0.0168304 0.854917 -0.0310685
1636513031.041723 3.3459278766703573 0.012763694311704016 2.213493722233766 0.507875 0.0175376 0.860672 -0.0315973
1636513031.109121 3.373675901055355 0.011320917138430725 2.1890975851604053 -0.498024 -0.0178655 -0.866373 0.0324215
1636513031.175487 3.4010395456568623 0.010165650025277945 2.1640000508919726 -0.488137 -0.0177026 -0.871948 0.0333881
1636513031.242463 3.427578031935991 0.010283618506521153 2.13862551682863 -0.478262 -0.0176795 -0.877373 0.0342116
1636513031.309559 3.455353105890734 0.009849653854005797 2.1131038840832272 -0.468309 -0.0174109 -0.882706 0.0348232
1636513031.376477 3.481603648212512 0.008363502878088874 2.085848058230038 -0.458616 -0.0170777 -0.887773 0.0351892
1636513031.443465 3.507217805702293 0.00685902447214401 2.057419058756168 -0.448847 -0.0170237 -0.892741 0.0354996
1636513031.510338 3.531479257830748 0.005817680344002998 2.027625247392299 -0.438935 -0.0169309 -0.897645 0.0358269
1636513031.577549 3.5566680991936925 0.0036493975107930593 1.997616786316873 -0.428759 -0.0168599 -0.902546 0.0359412
1636513031.644468 3.5807767424744386 0.002995320445710603 1.9672262871924717 -0.418465 -0.0170495 -0.907358 0.0360267
1636513031.711421 3.6045165665243752 0.0017429234343157296 1.9377054491238122 -0.408075 -0.0166283 -0.91208 0.0361818
1636513031.778553 3.62785265019802 -0.0005408793632948466 1.906262845553056 -0.397691 -0.0161668 -0.916661 0.0362352
1636513031.845384 3.6502189324492926 -0.0014089547967600369 1.8748406220413116 -0.387136 -0.0156954 -0.921168 0.0364544
1636513031.913949 3.671823787853619 -0.0028254894400813885 1.8421547414144326 -0.376396 -0.0153478 -0.925619 0.0363277
1636513031.979249 3.693136754028699 -0.0052954178773241545 1.8092029331176414 -0.365636 -0.0154616 -0.929935 0.0359431
1636513032.046422 3.7130930955313013 -0.007890361291708656 1.777049833089767 -0.355063 -0.0157558 -0.934021 0.0358736
1636513032.113116 3.73037875696373 -0.009375306297536648 1.743007633752947 -0.344659 -0.0161963 -0.93789 0.0361881
1636513032.180393 3.746811651734376 -0.010006809511365247 1.708543526004127 -0.333955 -0.0166132 -0.941742 0.0363439
1636513032.247391 3.7638496301234747 -0.01168135743812447 1.673623545943808 -0.32303 -0.0167221 -0.94555 0.0361511
1636513032.314399 3.7813951307913767 -0.012959554404830292 1.6386070332962361 -0.312086 -0.0167764 -0.949222 0.0360325
1636513032.381263 3.7971707364956417 -0.013957116287451714 1.6029284704656317 -0.301391 -0.0166999 -0.952673 0.036033
1636513032.448370 3.8115082678683487 -0.01561683061060505 1.5666218260401619 -0.290818 -0.0165777 -0.955963 0.0358529
1636513032.515402 3.826559983543669 -0.01746892779704432 1.5294872722243185 -0.280101 -0.0165347 -0.959167 0.0356239
1636513032.582199 3.840329182445404 -0.019585855562314923 1.4925000163978437 -0.26941 -0.0164671 -0.962235 0.0353792
1636513032.649204 3.8526782671484496 -0.02078750488172372 1.4550824031473315 -0.258909 -0.0164831 -0.96512 0.0351871
1636513032.850163 3.8887662284595756 -0.026276490332155338 1.3408836345078146 -0.2283 -0.0156975 -0.972861 0.0342732
1636513032.917140 3.8993086229494396 -0.028085794297561695 1.3017479316508496 -0.21834 -0.0156043 -0.975151 0.034139
1636513032.984215 3.907555070974475 -0.029900691797606883 1.2628304642407275 -0.20834 -0.0155988 -0.977335 0.0341603
1636513033.051301 3.9152401774020755 -0.03158003163704365 1.2238445582241622 -0.198152 -0.0157065 -0.979451 0.0341204
1636513033.118268 3.923127223023904 -0.03275089077919023 1.1841387830673828 -0.188078 -0.0163179 -0.981429 0.0340094
1636513033.252007 3.9366869890232343 -0.03591000827282845 1.1036613328291283 -0.169136 -0.0178041 -0.984858 0.0336359
1636513033.318934 3.9419909111039226 -0.038104678438796474 1.0639380894411792 -0.159875 -0.0180593 -0.986403 0.0335118
1636513033.386012 3.9469902366256617 -0.03943884920428632 1.0234104583349724 -0.150572 -0.0184035 -0.987863 0.0334154
1636513033.453005 3.9525331320933583 -0.04103462453351203 0.982978872029141 -0.141392 -0.018594 -0.989225 0.0331241
1636513033.520204 3.958485561779093 -0.04208627457406602 0.9420131823300449 -0.132594 -0.0186685 -0.990451 0.0328323
1636513033.587137 3.9627232482900223 -0.04400547051042675 0.9013361602329568 -0.124219 -0.0183427 -0.991554 0.0324597
1636513033.654170 3.967077845519474 -0.04596130896955357 0.8607073831422394 -0.115697 -0.0174048 -0.992607 0.0322928
1636513033.720963 3.9730850183805786 -0.047086640682693345 0.819145624482344 -0.106958 -0.0160974 -0.993606 0.0323597
1636513033.921741 3.9831391238390332 -0.04942824256949388 0.6952540327583302 -0.0827812 -0.0140006 -0.995956 0.0319802
1636513033.989051 3.9831271343047403 -0.051064042917030567 0.6532239196163009 -0.0751597 -0.0143141 -0.996569 0.0315528
1636513034.056867 3.9827115769935393 -0.053031531623921456 0.6109166422008105 -0.067542 -0.015098 -0.997116 0.0311487
1636513034.123347 3.9823966064952607 -0.05473314281122836 0.5675923935917183 -0.0600369 -0.0158384 -0.997596 0.030772
1636513034.189876 3.981985864912103 -0.05582211551921773 0.5239734671249828 -0.0528641 -0.0165889 -0.997995 0.0305874
1636513034.256997 3.980569162555999 -0.05743282237313716 0.4811644998900255 -0.0459858 -0.0172796 -0.998325 0.0305482
1636513034.324036 3.9795854207338976 -0.058817564964493016 0.4385701237188208 -0.0392752 -0.017588 -0.9986 0.0307724
1636513034.390713 3.977507787992511 -0.05990592397666954 0.3956997144513634 -0.0327453 -0.017857 -0.998819 0.0311368
1636513034.524800 3.9740026905556984 -0.06185704124242938 0.30894525082385027 -0.0199186 -0.018233 -0.99913 0.0317759
1636513034.658906 3.9710037540571936 -0.06398501394714895 0.22081536659758372 -0.0085955 -0.0191658 -0.999271 0.0318759
1636513034.725922 3.9688499574990757 -0.06490502700569713 0.1766456182807462 -0.00374246 -0.019703 -0.999291 0.0318649
1636513034.792719 3.965228629539726 -0.0658956488698612 0.13369016312470183 0.000735723 -0.0202673 -0.999284 0.0319314
1636513034.859954 3.962404017176597 -0.06701230633998333 0.09005942211624224 0.00509152 -0.0204045 -0.999266 0.0320285
1636513034.926719 3.9604013003714407 -0.06837612748218169 0.04573834202032244 0.00923731 -0.0200068 -0.999243 0.0320472
1636513035.060621 3.9560145390301305 -0.07091538954628315 -0.04217316717419409 0.0166967 -0.0186107 -0.999155 0.0326192
1636513035.194819 3.9492848453112996 -0.07191903569775117 -0.12845709968132074 0.0237341 -0.0166032 -0.999029 0.0332118
1636513035.261707 3.9459565988004894 -0.07286413679890302 -0.1728124542510313 0.0272838 -0.0158493 -0.998949 0.0332587
1636513035.328846 3.9416477950899336 -0.07456483774726509 -0.21683683451687713 0.0307052 -0.0154441 -0.998858 0.0331794
1636513035.395756 3.9356613563049945 -0.07626480733755493 -0.2611722803306885 0.0340502 -0.0156743 -0.998747 0.0331629
1636513035.462739 3.92973058124656 -0.07789913549739581 -0.30535202902447645 0.03737 -0.0165385 -0.998611 0.0332686
1636513035.529593 3.923303179828998 -0.08010826420735284 -0.3497303529813682 0.0404983 -0.0177667 -0.998456 0.0336184
1636513035.596620 3.9165877541374807 -0.08197996047675485 -0.3925710265073742 0.0433674 -0.0189136 -0.998295 0.0341968
1636513035.663460 3.9109218604755234 -0.08337466411674212 -0.43608953984621324 0.045989 -0.0195744 -0.998141 0.034873
1636513035.797691 3.899153190153489 -0.08518675516488321 -0.5208756288165932 0.0507786 -0.0196911 -0.997851 0.0364173
1636513035.864655 3.893278697238831 -0.08622152419981549 -0.5629622360249354 0.0530983 -0.0190641 -0.997727 0.0368511
1636513035.931993 3.88698622670849 -0.08696638453254289 -0.6055289033334033 0.0555221 -0.0187003 -0.997593 0.0370991
1636513035.998732 3.8800373173132776 -0.08856888583354777 -0.6477867480147199 0.0579911 -0.0184734 -0.997455 0.0371377
1636513036.065652 3.872462807140648 -0.09036574910500235 -0.6900281100670309 0.0604271 -0.0186485 -0.997305 0.0371919
1636513036.132669 3.8641861312210413 -0.0913577059546726 -0.7327224433946231 0.0628667 -0.018943 -0.99714 0.0374351
1636513036.199440 3.8559572412010414 -0.09193821159638209 -0.7756970321553989 0.0653608 -0.0191936 -0.996965 0.0376755
1636513036.266448 3.847726342617089 -0.09308654829782849 -0.8178660621400655 0.067864 -0.019472 -0.99679 0.037743
1636513036.333282 3.838922285816 -0.09428599379229502 -0.8608323656971477 0.0704486 -0.019294 -0.996623 0.0375087
1636513036.400540 3.830889905435933 -0.09566946797257983 -0.9043652046781145 0.0730925 -0.0189079 -0.996453 0.0371622
1636513036.467427 3.8234356324789704 -0.09803507533036436 -0.9473196341563468 0.0757692 -0.0185638 -0.996271 0.0368536
1636513036.534524 3.8144437846255435 -0.10005766527668757 -0.9906054412037226 0.0785052 -0.018023 -0.996073 0.0367525
1636513036.735367 3.786663154257617 -0.1047950779162779 -1.117383671454657 0.0872517 -0.016748 -0.99535 0.0372099
1636513036.802927 3.775012287012506 -0.10592484987155334 -1.1587652455698056 0.0903327 -0.0166842 -0.995069 0.0374165
1636513036.869349 3.7622919613550674 -0.10758968511357062 -1.1986799620237236 0.0937568 -0.0170166 -0.994743 0.037512
1636513036.936254 3.750211177144407 -0.10870354431067394 -1.2397735184377356 0.0975172 -0.0176898 -0.994368 0.0375435
1636513037.003317 3.7391558836432615 -0.10958384720380702 -1.2816847178800557 0.101264 -0.0181151 -0.993991 0.0373966
1636513037.070301 3.726240388386962 -0.11168545782974305 -1.3208878150012455 0.104857 -0.0188665 -0.993617 0.0370818
1636513037.137398 3.7130875730897617 -0.11328912091604099 -1.3602879680001811 0.108642 -0.019808 -0.9932 0.0368549
1636513037.204315 3.700274287724035 -0.11467289853092505 -1.3990521301589802 0.112583 -0.0201759 -0.992763 0.0366042
1636513037.338267 3.6772412318588352 -0.11647516649732606 -1.4763984843862175 0.120542 -0.020913 -0.991835 0.0359963
1636513037.406173 3.6654510773149402 -0.11774907980603136 -1.5137126040032334 0.124314 -0.021052 -0.991381 0.0355835
1636513037.472281 3.6530086577082255 -0.11898425613643307 -1.55106455432589 0.127986 -0.0211132 -0.990925 0.0352285
1636513037.539063 3.641781816144678 -0.12072714323717446 -1.5868348926946556 0.131645 -0.0210721 -0.990459 0.0348914
1636513037.606218 3.6302486153270457 -0.12135505817943512 -1.6220884111554648 0.135216 -0.0209575 -0.989991 0.034584
1636513037.673162 3.618268415651781 -0.12293225908563475 -1.6552010165353577 0.138612 -0.0208664 -0.989534 0.0342713
1636513037.740282 3.6087881731251046 -0.12320665999169686 -1.687818625576773 0.141867 -0.0208974 -0.989082 0.03397
1636513037.807193 3.598718254647926 -0.12422527192016519 -1.7172783759272652 0.144787 -0.0210443 -0.988668 0.0336107
1636513037.874099 3.5885556070272497 -0.12527934239762054 -1.7454404468501061 0.147436 -0.0212438 -0.988281 0.0333369
1636513037.941297 3.5778313934281414 -0.12628345150564435 -1.7702619362463388 0.149883 -0.0215826 -0.987908 0.0332838
1636513038.007977 3.5697678306935834 -0.1272014063603203 -1.7925652341959566 0.152265 -0.0218838 -0.987535 0.033317
1636513038.074984 3.5624998585222105 -0.1270950547188665 -1.8137379225002896 0.154486 -0.0221409 -0.987181 0.0334405
1636513038.141976 3.5572224715833007 -0.12741355546168262 -1.8338050175759897 0.156414 -0.0223422 -0.986871 0.0334785
1636513038.209033 3.5513343721811186 -0.12785350226153003 -1.8508094316565566 0.157882 -0.0225289 -0.986636 0.033392
1636513038.276171 3.544958940581466 -0.12894422089420002 -1.8639066663272814 0.159031 -0.0226899 -0.986454 0.033194
1636513038.343158 3.539904678962939 -0.12956993838798042 -1.8752467081879631 0.160209 -0.0228598 -0.986264 0.0330688
1636513038.410136 3.5372934553884727 -0.12974265161259108 -1.8853229754723684 0.161341 -0.0229657 -0.986078 0.0330474
1636513038.476954 3.5361507494432627 -0.1296071938413929 -1.8932404249386725 0.162185 -0.023009 -0.985939 0.033035
1636513038.543937 3.5364261631754914 -0.13079132353602005 -1.8964794653288082 0.162592 -0.0231104 -0.985872 0.0329639
1636513038.611365 3.5369656660775286 -0.131757160691502 -1.897488460506585 0.162657 -0.0230899 -0.985864 0.0329016
1636513038.678010 3.538756060934725 -0.1326836395307958 -1.894886036363805 0.16266 -0.022988 -0.985866 0.0328816
1636513038.744714 3.5386193364721303 -0.13320904249950585 -1.8957677552580408 0.162633 -0.0226578 -0.985866 0.0332395
1636513038.811897 3.538648685271461 -0.13321910924089722 -1.895791004418619 0.162651 -0.0221676 -0.985849 0.0339938
1636513038.879039 3.5401248519952153 -0.1339817489830882 -1.8937799297833717 0.16271 -0.0218698 -0.98582 0.0347319
1636513038.945905 3.5392402948373443 -0.13262880002346863 -1.8948781069053722 0.162708 -0.0218174 -0.985806 0.0351699
1636513039.012850 3.5398001671720607 -0.1310338807116595 -1.8940986601580088 0.162705 -0.0219128 -0.985807 0.0351054
1636513039.079976 3.539061158621205 -0.1315441293875667 -1.8931785320259862 0.162702 -0.0220447 -0.985814 0.0348254
1636513039.213791 3.5398247063642145 -0.13202061305085758 -1.8938991455143857 0.162632 -0.0222253 -0.985818 0.0349286
1636513039.280772 3.5394588972060075 -0.13179822621780332 -1.8934075378416144 0.162485 -0.0223178 -0.985836 0.0350326
1636513039.347700 3.539388220143134 -0.13204151695247163 -1.8937746622352878 0.162388 -0.0223377 -0.985854 0.0349694
1636513039.414707 3.5394119736939196 -0.13197354153723131 -1.8936748449648253 0.162357 -0.0223125 -0.985863 0.0348858
1636513039.548892 3.53850232079498 -0.13177965047492937 -1.893119159784965 0.162235 -0.0221958 -0.985884 0.0349152
1636513039.615808 3.5384970247024197 -0.13251296033619572 -1.893131010819111 0.16222 -0.0222436 -0.985887 0.0348735
1636513039.682866 3.538507441290134 -0.13180322850408432 -1.8931537314701017 0.162248 -0.0222664 -0.985883 0.0348626
1636513039.749687 3.539200520919985 -0.13209014990361312 -1.8937542140527144 0.162305 -0.0223435 -0.985874 0.0347989
1636513039.816648 3.538391097169676 -0.13237480253346207 -1.8941557256764763 0.162292 -0.0223592 -0.985878 0.0347216
1636513039.883587 3.5383823852313894 -0.13239501221599922 -1.8941812985854525 0.162227 -0.0224082 -0.985889 0.0346915
1636513039.950459 3.539193632627422 -0.13272506541651125 -1.895039058638057 0.162148 -0.0224441 -0.985903 0.0346376
